400
0 0
0.001 0.0031506
0.002 0.00567108
0.003 0.00693132
0.004 0.00882168
0.005 0.0126024
0.006 0.0170132
0.007 0.0195337
0.008 0.0233144
0.009 0.0283554
0.01 0.031506
0.011 0.0327662
0.012 0.0371771
0.013 0.0428481
0.014 0.0459987
0.015 0.0522999
0.016 0.0554505
0.017 0.0560807
0.018 0.0586011
0.019 0.0604915
0.02 0.0636421
0.021 0.0667927
0.022 0.0680529
0.023 0.0730939
0.024 0.0775047
0.025 0.0812854
0.026 0.084436
0.027 0.0863264
0.028 0.0901071
0.029 0.0901071
0.03 0.0938878
0.031 0.0982987
0.032 0.1046
0.033 0.10712
0.034 0.10775
0.035 0.109641
0.036 0.114682
0.037 0.118463
0.038 0.120983
0.039 0.122873
0.04 0.127914
0.041 0.131695
0.042 0.133585
0.043 0.137366
0.044 0.141147
0.045 0.144297
0.046 0.148708
0.047 0.152489
0.048 0.15627
0.049 0.162571
0.05 0.166982
0.051 0.171393
0.052 0.174543
0.053 0.178954
0.054 0.182735
0.055 0.185255
0.056 0.189036
0.057 0.191556
0.058 0.195967
0.059 0.201008
0.06 0.205419
0.061 0.21172
0.062 0.214871
0.063 0.221172
0.064 0.223062
0.065 0.226213
0.066 0.229364
0.067 0.231254
0.068 0.235035
0.069 0.240706
0.07 0.243856
0.071 0.248897
0.072 0.255198
0.073 0.257089
0.074 0.26087
0.075 0.26213
0.076 0.265911
0.077 0.269061
0.078 0.270951
0.079 0.276623
0.08 0.280403
0.081 0.282294
0.082 0.284814
0.083 0.286074
0.084 0.290485
0.085 0.293636
0.086 0.296786
0.087 0.298677
0.088 0.302457
0.089 0.304348
0.09 0.306868
0.091 0.311279
0.092 0.31632
0.093 0.319471
0.094 0.323251
0.095 0.325142
0.096 0.327662
0.097 0.330813
0.098 0.337114
0.099 0.344675
0.1 0.347826
0.101 0.349716
0.102 0.354127
0.103 0.359168
0.104 0.362319
0.105 0.3661
0.106 0.371141
0.107 0.375551
0.108 0.378702
0.109 0.380592
0.11 0.383113
0.111 0.386263
0.112 0.391304
0.113 0.391934
0.114 0.396345
0.115 0.397606
0.116 0.403907
0.117 0.405167
0.118 0.406427
0.119 0.412098
0.12 0.413989
0.121 0.416509
0.122 0.41966
0.123 0.42155
0.124 0.42344
0.125 0.427221
0.126 0.432892
0.127 0.434152
0.128 0.439824
0.129 0.441714
0.13 0.444865
0.131 0.446755
0.132 0.450536
0.133 0.453686
0.134 0.457467
0.135 0.461248
0.136 0.463768
0.137 0.466289
0.138 0.47133
0.139 0.47259
0.14 0.477001
0.141 0.481411
0.142 0.487713
0.143 0.491493
0.144 0.495904
0.145 0.500945
0.146 0.502836
0.147 0.507246
0.148 0.512287
0.149 0.516068
0.15 0.519219
0.151 0.522369
0.152 0.52615
0.153 0.52867
0.154 0.531191
0.155 0.534972
0.156 0.536232
0.157 0.538122
0.158 0.540643
0.159 0.545684
0.16 0.548204
0.161 0.551355
0.162 0.555766
0.163 0.559546
0.164 0.562067
0.165 0.565217
0.166 0.569628
0.167 0.575299
0.168 0.57971
0.169 0.582231
0.17 0.584751
0.171 0.590422
0.172 0.591682
0.173 0.599244
0.174 0.603655
0.175 0.606175
0.176 0.611216
0.177 0.614997
0.178 0.618778
0.179 0.621928
0.18 0.625709
0.181 0.628229
0.182 0.63138
0.183 0.634531
0.184 0.637051
0.185 0.640202
0.186 0.642722
0.187 0.645873
0.188 0.648393
0.189 0.655325
0.19 0.658475
0.191 0.660365
0.192 0.663516
0.193 0.667297
0.194 0.670447
0.195 0.674858
0.196 0.676118
0.197 0.678009
0.198 0.68179
0.199 0.68242
0.2 0.68431
0.201 0.689351
0.202 0.693132
0.203 0.697543
0.204 0.700063
0.205 0.700693
0.206 0.703844
0.207 0.706364
0.208 0.712035
0.209 0.714556
0.21 0.717076
0.211 0.720227
0.212 0.723377
0.213 0.727788
0.214 0.729679
0.215 0.732829
0.216 0.73472
0.217 0.73724
0.218 0.739761
0.219 0.744171
0.22 0.747952
0.221 0.751103
0.222 0.757404
0.223 0.758664
0.224 0.762445
0.225 0.765595
0.226 0.771267
0.227 0.773787
0.228 0.777568
0.229 0.781348
0.23 0.786389
0.231 0.78828
0.232 0.79143
0.233 0.794581
0.234 0.798992
0.235 0.802142
0.236 0.807813
0.237 0.809074
0.238 0.810334
0.239 0.812224
0.24 0.815375
0.241 0.819156
0.242 0.821676
0.243 0.823566
0.244 0.825457
0.245 0.827977
0.246 0.831758
0.247 0.836169
0.248 0.838689
0.249 0.84373
0.25 0.848141
0.251 0.850662
0.252 0.853812
0.253 0.857593
0.254 0.858853
0.255 0.863264
0.256 0.865154
0.257 0.868935
0.258 0.871456
0.259 0.875236
0.26 0.879647
0.261 0.880907
0.262 0.883428
0.263 0.886578
0.264 0.889729
0.265 0.89225
0.266 0.89414
0.267 0.89666
0.268 0.898551
0.269 0.902331
0.27 0.903592
0.271 0.904852
0.272 0.905482
0.273 0.909263
0.274 0.910523
0.275 0.914304
0.276 0.917454
0.277 0.919345
0.278 0.923125
0.279 0.927536
0.28 0.930687
0.281 0.932577
0.282 0.933837
0.283 0.936358
0.284 0.938248
0.285 0.939509
0.286 0.940139
0.287 0.943919
0.288 0.944549
0.289 0.944549
0.29 0.94581
0.291 0.94833
0.292 0.94896
0.293 0.94959
0.294 0.94959
0.295 0.950851
0.296 0.950851
0.297 0.952741
0.298 0.952741
0.299 0.954001
0.3 0.955262
0.301 0.955892
0.302 0.957152
0.303 0.957152
0.304 0.957152
0.305 0.957782
0.306 0.958412
0.307 0.959672
0.308 0.960933
0.309 0.961563
0.31 0.962193
0.311 0.962823
0.312 0.964083
0.313 0.964083
0.314 0.964713
0.315 0.966604
0.316 0.967864
0.317 0.967864
0.318 0.969124
0.319 0.969754
0.32 0.971014
0.321 0.971645
0.322 0.972905
0.323 0.973535
0.324 0.974165
0.325 0.974165
0.326 0.974795
0.327 0.975425
0.328 0.976686
0.329 0.977316
0.33 0.979206
0.331 0.979206
0.332 0.979206
0.333 0.980466
0.334 0.981096
0.335 0.982357
0.336 0.982987
0.337 0.982987
0.338 0.983617
0.339 0.983617
0.34 0.984247
0.341 0.984247
0.342 0.984247
0.343 0.984247
0.344 0.985507
0.345 0.985507
0.346 0.986137
0.347 0.986137
0.348 0.986137
0.349 0.986137
0.35 0.986137
0.351 0.986137
0.352 0.986137
0.353 0.986767
0.354 0.986767
0.355 0.986767
0.356 0.987398
0.357 0.987398
0.358 0.987398
0.359 0.987398
0.36 0.987398
0.361 0.987398
0.362 0.987398
0.363 0.988028
0.364 0.988658
0.365 0.988658
0.366 0.988658
0.367 0.989918
0.368 0.990548
0.369 0.990548
0.37 0.991178
0.371 0.991178
0.372 0.991178
0.373 0.992439
0.374 0.993069
0.375 0.993699
0.376 0.994959
0.377 0.994959
0.378 0.995589
0.379 0.995589
0.38 0.996219
0.381 0.996219
0.382 0.996849
0.383 0.996849
0.384 0.996849
0.385 0.99748
0.386 0.99748
0.387 0.99748
0.388 0.99748
0.389 0.99748
0.39 0.99748
0.391 0.99748
0.392 0.99748
0.393 0.99811
0.394 0.99811
0.395 0.99874
0.396 0.99874
0.397 0.99937
0.398 0.99937
0.399 0.99937
0.4 1
