400
0 0
0.001 0
0.002 0.0115774
0.003 0.024602
0.004 0.0303907
0.005 0.0303907
0.006 0.0419682
0.007 0.0535456
0.008 0.0709117
0.009 0.0795948
0.01 0.0824891
0.011 0.0940666
0.012 0.105644
0.013 0.11288
0.014 0.120116
0.015 0.13314
0.016 0.136035
0.017 0.138929
0.018 0.141823
0.019 0.147612
0.02 0.157742
0.021 0.167873
0.022 0.182344
0.023 0.188133
0.024 0.198263
0.025 0.209841
0.026 0.217077
0.027 0.22576
0.028 0.234443
0.029 0.248915
0.03 0.253256
0.031 0.264834
0.032 0.273517
0.033 0.2822
0.034 0.290883
0.035 0.296671
0.036 0.308249
0.037 0.318379
0.038 0.327062
0.039 0.332851
0.04 0.33864
0.041 0.345876
0.042 0.3589
0.043 0.367583
0.044 0.376266
0.045 0.384949
0.046 0.387844
0.047 0.390738
0.048 0.397974
0.049 0.402315
0.05 0.406657
0.051 0.413893
0.052 0.426918
0.053 0.439942
0.054 0.447178
0.055 0.452967
0.056 0.46165
0.057 0.470333
0.058 0.476122
0.059 0.486252
0.06 0.493488
0.061 0.503618
0.062 0.510854
0.063 0.516643
0.064 0.525326
0.065 0.526773
0.066 0.531114
0.067 0.534009
0.068 0.53835
0.069 0.542692
0.07 0.552822
0.071 0.558611
0.072 0.567294
0.073 0.575977
0.074 0.587554
0.075 0.590449
0.076 0.591896
0.077 0.603473
0.078 0.609262
0.079 0.610709
0.08 0.619392
0.081 0.632417
0.082 0.639653
0.083 0.642547
0.084 0.646889
0.085 0.657019
0.086 0.659913
0.087 0.664255
0.088 0.670043
0.089 0.683068
0.09 0.68741
0.091 0.694645
0.092 0.700434
0.093 0.706223
0.094 0.713459
0.095 0.7178
0.096 0.723589
0.097 0.732272
0.098 0.736614
0.099 0.746744
0.1 0.758321
0.101 0.761216
0.102 0.772793
0.103 0.775687
0.104 0.787265
0.105 0.794501
0.106 0.798842
0.107 0.803184
0.108 0.808972
0.109 0.811867
0.11 0.816208
0.111 0.826339
0.112 0.833575
0.113 0.84081
0.114 0.849493
0.115 0.858177
0.116 0.863965
0.117 0.874095
0.118 0.878437
0.119 0.885673
0.12 0.892909
0.121 0.901592
0.122 0.904486
0.123 0.913169
0.124 0.921852
0.125 0.926194
0.126 0.929088
0.127 0.936324
0.128 0.940666
0.129 0.94356
0.13 0.946454
0.131 0.947902
0.132 0.95369
0.133 0.956585
0.134 0.960926
0.135 0.966715
0.136 0.971056
0.137 0.976845
0.138 0.976845
0.139 0.978292
0.14 0.978292
0.141 0.978292
0.142 0.985528
0.143 0.986975
0.144 0.986975
0.145 0.986975
0.146 0.986975
0.147 0.986975
0.148 0.986975
0.149 0.986975
0.15 0.988423
0.151 0.98987
0.152 0.98987
0.153 0.98987
0.154 0.98987
0.155 0.98987
0.156 0.98987
0.157 0.98987
0.158 0.98987
0.159 0.98987
0.16 0.98987
0.161 0.98987
0.162 0.98987
0.163 0.98987
0.164 0.98987
0.165 0.98987
0.166 0.98987
0.167 0.98987
0.168 0.98987
0.169 0.98987
0.17 0.98987
0.171 0.98987
0.172 0.98987
0.173 0.98987
0.174 0.98987
0.175 0.98987
0.176 0.98987
0.177 0.991317
0.178 0.992764
0.179 0.992764
0.18 0.992764
0.181 0.992764
0.182 0.992764
0.183 0.992764
0.184 0.992764
0.185 0.992764
0.186 0.992764
0.187 0.992764
0.188 0.992764
0.189 0.992764
0.19 0.992764
0.191 0.992764
0.192 0.992764
0.193 0.992764
0.194 0.992764
0.195 0.992764
0.196 0.992764
0.197 0.992764
0.198 0.992764
0.199 0.992764
0.2 0.992764
0.201 0.992764
0.202 0.995658
0.203 0.995658
0.204 0.995658
0.205 0.995658
0.206 0.995658
0.207 0.997106
0.208 0.997106
0.209 0.997106
0.21 0.997106
0.211 0.997106
0.212 0.997106
0.213 0.997106
0.214 0.997106
0.215 0.997106
0.216 0.997106
0.217 0.997106
0.218 0.997106
0.219 0.997106
0.22 0.997106
0.221 0.997106
0.222 0.997106
0.223 0.997106
0.224 0.997106
0.225 0.997106
0.226 0.997106
0.227 0.997106
0.228 0.997106
0.229 0.997106
0.23 0.997106
0.231 0.997106
0.232 0.997106
0.233 0.997106
0.234 0.997106
0.235 0.997106
0.236 0.998553
0.237 0.998553
0.238 0.998553
0.239 0.998553
0.24 0.998553
0.241 0.998553
0.242 0.998553
0.243 0.998553
0.244 0.998553
0.245 0.998553
0.246 0.998553
0.247 0.998553
0.248 0.998553
0.249 0.998553
0.25 0.998553
0.251 0.998553
0.252 0.998553
0.253 0.998553
0.254 0.998553
0.255 0.998553
0.256 0.998553
0.257 0.998553
0.258 0.998553
0.259 0.998553
0.26 0.998553
0.261 0.998553
0.262 0.998553
0.263 0.998553
0.264 0.998553
0.265 0.998553
0.266 0.998553
0.267 0.998553
0.268 0.998553
0.269 0.998553
0.27 0.998553
0.271 0.998553
0.272 0.998553
0.273 0.998553
0.274 0.998553
0.275 0.998553
0.276 0.998553
0.277 0.998553
0.278 0.998553
0.279 0.998553
0.28 0.998553
0.281 0.998553
0.282 0.998553
0.283 0.998553
0.284 0.998553
0.285 0.998553
0.286 0.998553
0.287 0.998553
0.288 0.998553
0.289 0.998553
0.29 0.998553
0.291 0.998553
0.292 0.998553
0.293 0.998553
0.294 0.998553
0.295 0.998553
0.296 0.998553
0.297 0.998553
0.298 0.998553
0.299 0.998553
0.3 0.998553
0.301 0.998553
0.302 0.998553
0.303 0.998553
0.304 0.998553
0.305 0.998553
0.306 0.998553
0.307 0.998553
0.308 0.998553
0.309 0.998553
0.31 0.998553
0.311 1
0.312 1
0.313 1
0.314 1
0.315 1
0.316 1
0.317 1
0.318 1
0.319 1
0.32 1
0.321 1
0.322 1
0.323 1
0.324 1
0.325 1
0.326 1
0.327 1
0.328 1
0.329 1
0.33 1
0.331 1
0.332 1
0.333 1
0.334 1
0.335 1
0.336 1
0.337 1
0.338 1
0.339 1
0.34 1
0.341 1
0.342 1
0.343 1
0.344 1
0.345 1
0.346 1
0.347 1
0.348 1
0.349 1
0.35 1
0.351 1
0.352 1
0.353 1
0.354 1
0.355 1
0.356 1
0.357 1
0.358 1
0.359 1
0.36 1
0.361 1
0.362 1
0.363 1
0.364 1
0.365 1
0.366 1
0.367 1
0.368 1
0.369 1
0.37 1
0.371 1
0.372 1
0.373 1
0.374 1
0.375 1
0.376 1
0.377 1
0.378 1
0.379 1
0.38 1
0.381 1
0.382 1
0.383 1
0.384 1
0.385 1
0.386 1
0.387 1
0.388 1
0.389 1
0.39 1
0.391 1
0.392 1
0.393 1
0.394 1
0.395 1
0.396 1
0.397 1
0.398 1
0.399 1
0.4 1
