400
0 0
0.001 0.00298211
0.002 0.0119284
0.003 0.0149105
0.004 0.0258449
0.005 0.0298211
0.006 0.0328032
0.007 0.0387674
0.008 0.0457256
0.009 0.0516899
0.01 0.0586481
0.011 0.0646123
0.012 0.0735586
0.013 0.0785288
0.014 0.0815109
0.015 0.0934394
0.016 0.0994036
0.017 0.106362
0.018 0.10835
0.019 0.117296
0.02 0.126243
0.021 0.130219
0.022 0.137177
0.023 0.149105
0.024 0.156064
0.025 0.161034
0.026 0.164016
0.027 0.171968
0.028 0.177932
0.029 0.184891
0.03 0.186879
0.031 0.190855
0.032 0.196819
0.033 0.201789
0.034 0.21173
0.035 0.213718
0.036 0.2167
0.037 0.219682
0.038 0.225646
0.039 0.228628
0.04 0.238569
0.041 0.243539
0.042 0.249503
0.043 0.257455
0.044 0.263419
0.045 0.267396
0.046 0.27336
0.047 0.279324
0.048 0.286282
0.049 0.295229
0.05 0.302187
0.051 0.313121
0.052 0.32008
0.053 0.331014
0.054 0.33996
0.055 0.351889
0.056 0.359841
0.057 0.366799
0.058 0.373757
0.059 0.380716
0.06 0.39165
0.061 0.400596
0.062 0.410537
0.063 0.414513
0.064 0.423459
0.065 0.434394
0.066 0.44334
0.067 0.447316
0.068 0.454274
0.069 0.461233
0.07 0.467197
0.071 0.471173
0.072 0.481113
0.073 0.49006
0.074 0.497018
0.075 0.508946
0.076 0.511928
0.077 0.520875
0.078 0.525845
0.079 0.533797
0.08 0.54175
0.081 0.550696
0.082 0.557654
0.083 0.562624
0.084 0.570577
0.085 0.582505
0.086 0.588469
0.087 0.596421
0.088 0.605368
0.089 0.60835
0.09 0.61332
0.091 0.621272
0.092 0.630219
0.093 0.635189
0.094 0.642147
0.095 0.649105
0.096 0.65507
0.097 0.661034
0.098 0.667992
0.099 0.671968
0.1 0.678926
0.101 0.685885
0.102 0.691849
0.103 0.698807
0.104 0.707753
0.105 0.715706
0.106 0.719682
0.107 0.72167
0.108 0.725646
0.109 0.736581
0.11 0.741551
0.111 0.744533
0.112 0.757455
0.113 0.767396
0.114 0.776342
0.115 0.786282
0.116 0.800199
0.117 0.807157
0.118 0.814115
0.119 0.823062
0.12 0.82505
0.121 0.832008
0.122 0.840954
0.123 0.845924
0.124 0.851889
0.125 0.857853
0.126 0.864811
0.127 0.869781
0.128 0.872763
0.129 0.88171
0.13 0.884692
0.131 0.887674
0.132 0.890656
0.133 0.89662
0.134 0.903579
0.135 0.906561
0.136 0.916501
0.137 0.923459
0.138 0.928429
0.139 0.935388
0.14 0.937376
0.141 0.93837
0.142 0.94334
0.143 0.94831
0.144 0.950298
0.145 0.956262
0.146 0.960239
0.147 0.962227
0.148 0.964215
0.149 0.969185
0.15 0.972167
0.151 0.972167
0.152 0.974155
0.153 0.976143
0.154 0.980119
0.155 0.981113
0.156 0.981113
0.157 0.982107
0.158 0.982107
0.159 0.982107
0.16 0.983101
0.161 0.984095
0.162 0.985089
0.163 0.986083
0.164 0.986083
0.165 0.986083
0.166 0.986083
0.167 0.986083
0.168 0.987078
0.169 0.987078
0.17 0.988072
0.171 0.988072
0.172 0.988072
0.173 0.989066
0.174 0.989066
0.175 0.989066
0.176 0.989066
0.177 0.989066
0.178 0.989066
0.179 0.989066
0.18 0.989066
0.181 0.989066
0.182 0.99006
0.183 0.99006
0.184 0.991054
0.185 0.991054
0.186 0.991054
0.187 0.991054
0.188 0.991054
0.189 0.991054
0.19 0.991054
0.191 0.991054
0.192 0.991054
0.193 0.991054
0.194 0.991054
0.195 0.991054
0.196 0.991054
0.197 0.991054
0.198 0.991054
0.199 0.991054
0.2 0.991054
0.201 0.991054
0.202 0.992048
0.203 0.993042
0.204 0.993042
0.205 0.993042
0.206 0.993042
0.207 0.993042
0.208 0.993042
0.209 0.994036
0.21 0.994036
0.211 0.994036
0.212 0.994036
0.213 0.994036
0.214 0.994036
0.215 0.994036
0.216 0.994036
0.217 0.994036
0.218 0.994036
0.219 0.994036
0.22 0.994036
0.221 0.994036
0.222 0.994036
0.223 0.994036
0.224 0.994036
0.225 0.994036
0.226 0.994036
0.227 0.994036
0.228 0.994036
0.229 0.99503
0.23 0.99503
0.231 0.99503
0.232 0.99503
0.233 0.99503
0.234 0.99503
0.235 0.99503
0.236 0.99503
0.237 0.99503
0.238 0.99503
0.239 0.99503
0.24 0.99503
0.241 0.99503
0.242 0.99503
0.243 0.99503
0.244 0.99503
0.245 0.99503
0.246 0.99503
0.247 0.99503
0.248 0.996024
0.249 0.996024
0.25 0.996024
0.251 0.996024
0.252 0.996024
0.253 0.996024
0.254 0.996024
0.255 0.996024
0.256 0.996024
0.257 0.996024
0.258 0.996024
0.259 0.996024
0.26 0.996024
0.261 0.996024
0.262 0.996024
0.263 0.996024
0.264 0.996024
0.265 0.996024
0.266 0.996024
0.267 0.996024
0.268 0.996024
0.269 0.996024
0.27 0.996024
0.271 0.996024
0.272 0.996024
0.273 0.996024
0.274 0.996024
0.275 0.997018
0.276 0.997018
0.277 0.997018
0.278 0.997018
0.279 0.997018
0.28 0.997018
0.281 0.997018
0.282 0.997018
0.283 0.997018
0.284 0.997018
0.285 0.997018
0.286 0.997018
0.287 0.997018
0.288 0.997018
0.289 0.997018
0.29 0.997018
0.291 0.997018
0.292 0.997018
0.293 0.998012
0.294 0.998012
0.295 0.998012
0.296 0.998012
0.297 0.998012
0.298 0.998012
0.299 0.999006
0.3 0.999006
0.301 0.999006
0.302 0.999006
0.303 0.999006
0.304 0.999006
0.305 0.999006
0.306 0.999006
0.307 0.999006
0.308 0.999006
0.309 0.999006
0.31 0.999006
0.311 0.999006
0.312 0.999006
0.313 0.999006
0.314 0.999006
0.315 0.999006
0.316 0.999006
0.317 1
0.318 1
0.319 1
0.32 1
0.321 1
0.322 1
0.323 1
0.324 1
0.325 1
0.326 1
0.327 1
0.328 1
0.329 1
0.33 1
0.331 1
0.332 1
0.333 1
0.334 1
0.335 1
0.336 1
0.337 1
0.338 1
0.339 1
0.34 1
0.341 1
0.342 1
0.343 1
0.344 1
0.345 1
0.346 1
0.347 1
0.348 1
0.349 1
0.35 1
0.351 1
0.352 1
0.353 1
0.354 1
0.355 1
0.356 1
0.357 1
0.358 1
0.359 1
0.36 1
0.361 1
0.362 1
0.363 1
0.364 1
0.365 1
0.366 1
0.367 1
0.368 1
0.369 1
0.37 1
0.371 1
0.372 1
0.373 1
0.374 1
0.375 1
0.376 1
0.377 1
0.378 1
0.379 1
0.38 1
0.381 1
0.382 1
0.383 1
0.384 1
0.385 1
0.386 1
0.387 1
0.388 1
0.389 1
0.39 1
0.391 1
0.392 1
0.393 1
0.394 1
0.395 1
0.396 1
0.397 1
0.398 1
0.399 1
0.4 1
