400
0 0
0.001 0.00367985
0.002 0.00735971
0.003 0.0119595
0.004 0.0202392
0.005 0.0266789
0.006 0.0312787
0.007 0.0395584
0.008 0.0459982
0.009 0.050598
0.01 0.0561178
0.011 0.0671573
0.012 0.0708372
0.013 0.0781969
0.014 0.0855566
0.015 0.0919963
0.016 0.0965961
0.017 0.105796
0.018 0.111316
0.019 0.117755
0.02 0.123275
0.021 0.132475
0.022 0.139834
0.023 0.145354
0.024 0.149034
0.025 0.153634
0.026 0.164673
0.027 0.172033
0.028 0.178473
0.029 0.182153
0.03 0.184913
0.031 0.195032
0.032 0.198712
0.033 0.205152
0.034 0.208832
0.035 0.216191
0.036 0.221711
0.037 0.227231
0.038 0.24011
0.039 0.24747
0.04 0.25391
0.041 0.25575
0.042 0.26035
0.043 0.263109
0.044 0.268629
0.045 0.277829
0.046 0.283349
0.047 0.287948
0.048 0.293468
0.049 0.298068
0.05 0.303588
0.051 0.310028
0.052 0.310948
0.053 0.317387
0.054 0.325667
0.055 0.328427
0.056 0.334867
0.057 0.340386
0.058 0.346826
0.059 0.354186
0.06 0.363385
0.061 0.370745
0.062 0.378105
0.063 0.389144
0.064 0.396504
0.065 0.402944
0.066 0.408464
0.067 0.411224
0.068 0.418583
0.069 0.425943
0.07 0.430543
0.071 0.436983
0.072 0.445262
0.073 0.449862
0.074 0.450782
0.075 0.454462
0.076 0.459062
0.077 0.462741
0.078 0.466421
0.079 0.470101
0.08 0.478381
0.081 0.482061
0.082 0.485741
0.083 0.49678
0.084 0.50598
0.085 0.51242
0.086 0.517939
0.087 0.526219
0.088 0.536339
0.089 0.540018
0.09 0.549218
0.091 0.555658
0.092 0.559338
0.093 0.570377
0.094 0.576817
0.095 0.582337
0.096 0.585097
0.097 0.589696
0.098 0.597976
0.099 0.608096
0.1 0.618215
0.101 0.630175
0.102 0.644894
0.103 0.651334
0.104 0.657774
0.105 0.666053
0.106 0.670653
0.107 0.673413
0.108 0.678933
0.109 0.688132
0.11 0.690892
0.111 0.695492
0.112 0.706532
0.113 0.712052
0.114 0.716651
0.115 0.728611
0.116 0.734131
0.117 0.74333
0.118 0.75253
0.119 0.75805
0.12 0.76173
0.121 0.767249
0.122 0.772769
0.123 0.782889
0.124 0.794848
0.125 0.803128
0.126 0.814167
0.127 0.818767
0.128 0.823367
0.129 0.832567
0.13 0.838086
0.131 0.840846
0.132 0.851886
0.133 0.856486
0.134 0.859246
0.135 0.859246
0.136 0.865685
0.137 0.870285
0.138 0.879485
0.139 0.885005
0.14 0.892364
0.141 0.896964
0.142 0.905244
0.143 0.905244
0.144 0.907084
0.145 0.912604
0.146 0.918123
0.147 0.920883
0.148 0.921803
0.149 0.923643
0.15 0.929163
0.151 0.935603
0.152 0.940202
0.153 0.941122
0.154 0.942962
0.155 0.945722
0.156 0.948482
0.157 0.950322
0.158 0.953082
0.159 0.954002
0.16 0.954922
0.161 0.955842
0.162 0.956762
0.163 0.959522
0.164 0.960442
0.165 0.962282
0.166 0.965041
0.167 0.969641
0.168 0.971481
0.169 0.972401
0.17 0.973321
0.171 0.973321
0.172 0.974241
0.173 0.976081
0.174 0.977001
0.175 0.977921
0.176 0.978841
0.177 0.978841
0.178 0.979761
0.179 0.979761
0.18 0.979761
0.181 0.980681
0.182 0.980681
0.183 0.981601
0.184 0.982521
0.185 0.982521
0.186 0.982521
0.187 0.982521
0.188 0.982521
0.189 0.982521
0.19 0.982521
0.191 0.982521
0.192 0.982521
0.193 0.983441
0.194 0.983441
0.195 0.984361
0.196 0.984361
0.197 0.984361
0.198 0.984361
0.199 0.984361
0.2 0.984361
0.201 0.984361
0.202 0.984361
0.203 0.984361
0.204 0.984361
0.205 0.984361
0.206 0.984361
0.207 0.984361
0.208 0.984361
0.209 0.984361
0.21 0.984361
0.211 0.984361
0.212 0.985281
0.213 0.985281
0.214 0.985281
0.215 0.985281
0.216 0.985281
0.217 0.985281
0.218 0.986201
0.219 0.986201
0.22 0.986201
0.221 0.987121
0.222 0.98804
0.223 0.98804
0.224 0.98804
0.225 0.98804
0.226 0.98804
0.227 0.98804
0.228 0.98804
0.229 0.98804
0.23 0.98804
0.231 0.98804
0.232 0.98896
0.233 0.98896
0.234 0.98896
0.235 0.98896
0.236 0.98896
0.237 0.98896
0.238 0.98988
0.239 0.9908
0.24 0.9908
0.241 0.9908
0.242 0.9908
0.243 0.9908
0.244 0.9908
0.245 0.9908
0.246 0.9908
0.247 0.9908
0.248 0.9908
0.249 0.9908
0.25 0.9908
0.251 0.9908
0.252 0.99172
0.253 0.99172
0.254 0.99172
0.255 0.99356
0.256 0.99356
0.257 0.99356
0.258 0.99356
0.259 0.99356
0.26 0.99356
0.261 0.99356
0.262 0.99448
0.263 0.99448
0.264 0.99448
0.265 0.99448
0.266 0.99448
0.267 0.99448
0.268 0.99448
0.269 0.99448
0.27 0.99448
0.271 0.99448
0.272 0.99448
0.273 0.99448
0.274 0.99448
0.275 0.99448
0.276 0.99448
0.277 0.99448
0.278 0.9954
0.279 0.9954
0.28 0.9954
0.281 0.9954
0.282 0.9954
0.283 0.9954
0.284 0.9954
0.285 0.9954
0.286 0.9954
0.287 0.9954
0.288 0.99632
0.289 0.99632
0.29 0.99632
0.291 0.99632
0.292 0.99632
0.293 0.99724
0.294 0.99724
0.295 0.99724
0.296 0.99724
0.297 0.99724
0.298 0.99724
0.299 0.99816
0.3 0.99816
0.301 0.99816
0.302 0.99816
0.303 0.99816
0.304 0.99816
0.305 0.99816
0.306 0.99816
0.307 0.99816
0.308 0.99816
0.309 0.99816
0.31 0.99816
0.311 0.99816
0.312 0.99816
0.313 0.99816
0.314 0.99816
0.315 0.99816
0.316 0.99816
0.317 0.99816
0.318 0.99816
0.319 0.99816
0.32 0.99816
0.321 0.99816
0.322 0.99816
0.323 0.99816
0.324 0.99816
0.325 0.99816
0.326 0.99816
0.327 0.99816
0.328 0.99816
0.329 0.99816
0.33 0.99816
0.331 0.99908
0.332 0.99908
0.333 0.99908
0.334 0.99908
0.335 0.99908
0.336 0.99908
0.337 0.99908
0.338 0.99908
0.339 0.99908
0.34 0.99908
0.341 0.99908
0.342 0.99908
0.343 0.99908
0.344 0.99908
0.345 0.99908
0.346 0.99908
0.347 0.99908
0.348 0.99908
0.349 0.99908
0.35 0.99908
0.351 0.99908
0.352 0.99908
0.353 0.99908
0.354 0.99908
0.355 0.99908
0.356 0.99908
0.357 0.99908
0.358 0.99908
0.359 0.99908
0.36 0.99908
0.361 0.99908
0.362 0.99908
0.363 0.99908
0.364 0.99908
0.365 0.99908
0.366 0.99908
0.367 0.99908
0.368 0.99908
0.369 0.99908
0.37 0.99908
0.371 0.99908
0.372 0.99908
0.373 0.99908
0.374 0.99908
0.375 0.99908
0.376 0.99908
0.377 0.99908
0.378 0.99908
0.379 1
0.38 1
0.381 1
0.382 1
0.383 1
0.384 1
0.385 1
0.386 1
0.387 1
0.388 1
0.389 1
0.39 1
0.391 1
0.392 1
0.393 1
0.394 1
0.395 1
0.396 1
0.397 1
0.398 1
0.399 1
0.4 1
