400
0 0
0.001 0.00792253
0.002 0.0167254
0.003 0.0237676
0.004 0.0264085
0.005 0.0299296
0.006 0.034331
0.007 0.0387324
0.008 0.0413732
0.009 0.0492958
0.01 0.0580986
0.011 0.0642606
0.012 0.0704225
0.013 0.0757042
0.014 0.0818662
0.015 0.0880282
0.016 0.0994718
0.017 0.105634
0.018 0.110915
0.019 0.117958
0.02 0.121479
0.021 0.128521
0.022 0.138204
0.023 0.144366
0.024 0.154049
0.025 0.161972
0.026 0.169014
0.027 0.176056
0.028 0.178697
0.029 0.184859
0.03 0.18838
0.031 0.197183
0.032 0.202465
0.033 0.208627
0.034 0.216549
0.035 0.22007
0.036 0.227113
0.037 0.237676
0.038 0.244718
0.039 0.248239
0.04 0.255282
0.041 0.262324
0.042 0.266725
0.043 0.272007
0.044 0.274648
0.045 0.27993
0.046 0.284331
0.047 0.293134
0.048 0.302817
0.049 0.308979
0.05 0.315141
0.051 0.325704
0.052 0.332746
0.053 0.338028
0.054 0.346831
0.055 0.352113
0.056 0.355634
0.057 0.359155
0.058 0.367958
0.059 0.371479
0.06 0.379401
0.061 0.389965
0.062 0.394366
0.063 0.398768
0.064 0.409331
0.065 0.414613
0.066 0.415493
0.067 0.429577
0.068 0.433099
0.069 0.441901
0.07 0.446303
0.071 0.461268
0.072 0.46831
0.073 0.473592
0.074 0.484155
0.075 0.493838
0.076 0.50088
0.077 0.507042
0.078 0.510563
0.079 0.521127
0.08 0.528169
0.081 0.534331
0.082 0.540493
0.083 0.552817
0.084 0.559859
0.085 0.565141
0.086 0.573063
0.087 0.581866
0.088 0.590669
0.089 0.601232
0.09 0.606514
0.091 0.613556
0.092 0.617958
0.093 0.626761
0.094 0.635563
0.095 0.640845
0.096 0.646127
0.097 0.654049
0.098 0.662852
0.099 0.671655
0.1 0.678697
0.101 0.68838
0.102 0.695423
0.103 0.705106
0.104 0.711268
0.105 0.716549
0.106 0.72007
0.107 0.724472
0.108 0.729754
0.109 0.740317
0.11 0.747359
0.111 0.75088
0.112 0.757042
0.113 0.765845
0.114 0.772007
0.115 0.778169
0.116 0.787852
0.117 0.792254
0.118 0.797535
0.119 0.801937
0.12 0.81162
0.121 0.815141
0.122 0.826585
0.123 0.833627
0.124 0.839789
0.125 0.84507
0.126 0.852993
0.127 0.860035
0.128 0.869718
0.129 0.87588
0.13 0.879401
0.131 0.883803
0.132 0.890845
0.133 0.893486
0.134 0.901408
0.135 0.908451
0.136 0.916373
0.137 0.924296
0.138 0.935739
0.139 0.940141
0.14 0.943662
0.141 0.948944
0.142 0.955106
0.143 0.960387
0.144 0.963908
0.145 0.964789
0.146 0.97007
0.147 0.970951
0.148 0.970951
0.149 0.974472
0.15 0.980634
0.151 0.980634
0.152 0.980634
0.153 0.980634
0.154 0.982394
0.155 0.985035
0.156 0.985915
0.157 0.986796
0.158 0.989437
0.159 0.989437
0.16 0.990317
0.161 0.991197
0.162 0.991197
0.163 0.991197
0.164 0.991197
0.165 0.991197
0.166 0.991197
0.167 0.991197
0.168 0.991197
0.169 0.991197
0.17 0.991197
0.171 0.991197
0.172 0.991197
0.173 0.991197
0.174 0.991197
0.175 0.991197
0.176 0.992077
0.177 0.992077
0.178 0.992077
0.179 0.992077
0.18 0.992077
0.181 0.992077
0.182 0.992958
0.183 0.992958
0.184 0.992958
0.185 0.992958
0.186 0.993838
0.187 0.993838
0.188 0.994718
0.189 0.994718
0.19 0.994718
0.191 0.994718
0.192 0.994718
0.193 0.994718
0.194 0.994718
0.195 0.994718
0.196 0.994718
0.197 0.994718
0.198 0.994718
0.199 0.994718
0.2 0.994718
0.201 0.994718
0.202 0.994718
0.203 0.994718
0.204 0.994718
0.205 0.994718
0.206 0.994718
0.207 0.995599
0.208 0.995599
0.209 0.995599
0.21 0.995599
0.211 0.995599
0.212 0.995599
0.213 0.995599
0.214 0.996479
0.215 0.996479
0.216 0.996479
0.217 0.996479
0.218 0.996479
0.219 0.996479
0.22 0.996479
0.221 0.996479
0.222 0.996479
0.223 0.996479
0.224 0.996479
0.225 0.996479
0.226 0.996479
0.227 0.996479
0.228 0.996479
0.229 0.996479
0.23 0.996479
0.231 0.996479
0.232 0.996479
0.233 0.996479
0.234 0.996479
0.235 0.996479
0.236 0.996479
0.237 0.996479
0.238 0.996479
0.239 0.996479
0.24 0.996479
0.241 0.996479
0.242 0.996479
0.243 0.996479
0.244 0.996479
0.245 0.996479
0.246 0.996479
0.247 0.996479
0.248 0.996479
0.249 0.996479
0.25 0.996479
0.251 0.996479
0.252 0.996479
0.253 0.996479
0.254 0.996479
0.255 0.997359
0.256 0.997359
0.257 0.997359
0.258 0.997359
0.259 0.997359
0.26 0.997359
0.261 0.997359
0.262 0.997359
0.263 0.997359
0.264 0.997359
0.265 0.997359
0.266 0.997359
0.267 0.997359
0.268 0.997359
0.269 0.997359
0.27 0.997359
0.271 0.997359
0.272 0.997359
0.273 0.997359
0.274 0.997359
0.275 0.997359
0.276 0.997359
0.277 0.997359
0.278 0.997359
0.279 0.997359
0.28 0.997359
0.281 0.997359
0.282 0.997359
0.283 0.998239
0.284 0.998239
0.285 0.998239
0.286 0.998239
0.287 0.998239
0.288 0.998239
0.289 0.998239
0.29 0.998239
0.291 0.998239
0.292 0.99912
0.293 0.99912
0.294 0.99912
0.295 0.99912
0.296 0.99912
0.297 0.99912
0.298 0.99912
0.299 0.99912
0.3 0.99912
0.301 0.99912
0.302 0.99912
0.303 0.99912
0.304 0.99912
0.305 0.99912
0.306 0.99912
0.307 0.99912
0.308 0.99912
0.309 0.99912
0.31 0.99912
0.311 0.99912
0.312 0.99912
0.313 0.99912
0.314 0.99912
0.315 0.99912
0.316 0.99912
0.317 0.99912
0.318 0.99912
0.319 0.99912
0.32 0.99912
0.321 0.99912
0.322 0.99912
0.323 0.99912
0.324 0.99912
0.325 0.99912
0.326 0.99912
0.327 0.99912
0.328 0.99912
0.329 0.99912
0.33 0.99912
0.331 0.99912
0.332 0.99912
0.333 0.99912
0.334 0.99912
0.335 0.99912
0.336 0.99912
0.337 0.99912
0.338 0.99912
0.339 0.99912
0.34 0.99912
0.341 0.99912
0.342 0.99912
0.343 0.99912
0.344 0.99912
0.345 0.99912
0.346 0.99912
0.347 0.99912
0.348 0.99912
0.349 0.99912
0.35 0.99912
0.351 0.99912
0.352 0.99912
0.353 0.99912
0.354 0.99912
0.355 0.99912
0.356 0.99912
0.357 0.99912
0.358 0.99912
0.359 0.99912
0.36 0.99912
0.361 0.99912
0.362 0.99912
0.363 0.99912
0.364 0.99912
0.365 0.99912
0.366 0.99912
0.367 0.99912
0.368 0.99912
0.369 0.99912
0.37 0.99912
0.371 0.99912
0.372 0.99912
0.373 0.99912
0.374 0.99912
0.375 0.99912
0.376 0.99912
0.377 0.99912
0.378 0.99912
0.379 0.99912
0.38 0.99912
0.381 0.99912
0.382 0.99912
0.383 0.99912
0.384 0.99912
0.385 0.99912
0.386 0.99912
0.387 0.99912
0.388 0.99912
0.389 0.99912
0.39 0.99912
0.391 0.99912
0.392 1
0.393 1
0.394 1
0.395 1
0.396 1
0.397 1
0.398 1
0.399 1
0.4 1
