400
0 0
0.001 0.00429923
0.002 0.0094583
0.003 0.0163371
0.004 0.022356
0.005 0.0240757
0.006 0.0283749
0.007 0.0326741
0.008 0.038693
0.009 0.0429923
0.01 0.0507309
0.011 0.0533104
0.012 0.0601892
0.013 0.0670679
0.014 0.0713672
0.015 0.0799656
0.016 0.0825451
0.017 0.0877042
0.018 0.094583
0.019 0.099742
0.02 0.103181
0.021 0.11006
0.022 0.1135
0.023 0.116079
0.024 0.123818
0.025 0.128977
0.026 0.133276
0.027 0.137575
0.028 0.142734
0.029 0.148753
0.03 0.156492
0.031 0.159931
0.032 0.16767
0.033 0.172829
0.034 0.180567
0.035 0.185727
0.036 0.195185
0.037 0.200344
0.038 0.207223
0.039 0.208942
0.04 0.213242
0.041 0.22098
0.042 0.226999
0.043 0.231298
0.044 0.233878
0.045 0.237317
0.046 0.243336
0.047 0.251075
0.048 0.259673
0.049 0.263972
0.05 0.269132
0.051 0.271711
0.052 0.27687
0.053 0.282889
0.054 0.287188
0.055 0.293207
0.056 0.296647
0.057 0.304385
0.058 0.305245
0.059 0.311264
0.06 0.315563
0.061 0.321582
0.062 0.328461
0.063 0.336199
0.064 0.342218
0.065 0.346518
0.066 0.355976
0.067 0.357696
0.068 0.359415
0.069 0.361995
0.07 0.372313
0.071 0.377472
0.072 0.381771
0.073 0.385211
0.074 0.38865
0.075 0.394669
0.076 0.395529
0.077 0.401548
0.078 0.404127
0.079 0.407567
0.08 0.411866
0.081 0.413586
0.082 0.419604
0.083 0.423904
0.084 0.430782
0.085 0.435942
0.086 0.439381
0.087 0.44368
0.088 0.4454
0.089 0.450559
0.09 0.453998
0.091 0.464316
0.092 0.467756
0.093 0.470335
0.094 0.472055
0.095 0.476354
0.096 0.481513
0.097 0.493551
0.098 0.49871
0.099 0.503869
0.1 0.511608
0.101 0.515047
0.102 0.516767
0.103 0.521926
0.104 0.527945
0.105 0.533964
0.106 0.538263
0.107 0.545142
0.108 0.549441
0.109 0.560619
0.11 0.569218
0.111 0.574377
0.112 0.581255
0.113 0.586414
0.114 0.595013
0.115 0.601032
0.116 0.603611
0.117 0.607051
0.118 0.61049
0.119 0.613929
0.12 0.615649
0.121 0.621668
0.122 0.628547
0.123 0.633706
0.124 0.634566
0.125 0.642304
0.126 0.650903
0.127 0.654342
0.128 0.662081
0.129 0.66638
0.13 0.673259
0.131 0.678418
0.132 0.681857
0.133 0.688736
0.134 0.694755
0.135 0.700774
0.136 0.704213
0.137 0.710232
0.138 0.712812
0.139 0.717111
0.14 0.72485
0.141 0.727429
0.142 0.734308
0.143 0.738607
0.144 0.742906
0.145 0.748925
0.146 0.754084
0.147 0.760963
0.148 0.766122
0.149 0.770421
0.15 0.773001
0.151 0.781599
0.152 0.790198
0.153 0.795357
0.154 0.799656
0.155 0.804815
0.156 0.807395
0.157 0.818573
0.158 0.825451
0.159 0.828031
0.16 0.83233
0.161 0.836629
0.162 0.844368
0.163 0.848667
0.164 0.858985
0.165 0.860705
0.166 0.864144
0.167 0.867584
0.168 0.871883
0.169 0.873603
0.17 0.878762
0.171 0.88908
0.172 0.894239
0.173 0.895959
0.174 0.901118
0.175 0.909716
0.176 0.913156
0.177 0.915735
0.178 0.921754
0.179 0.924334
0.18 0.930353
0.181 0.933792
0.182 0.941531
0.183 0.94497
0.184 0.94669
0.185 0.950989
0.186 0.954428
0.187 0.958727
0.188 0.961307
0.189 0.965606
0.19 0.969046
0.191 0.970765
0.192 0.974205
0.193 0.977644
0.194 0.983663
0.195 0.987962
0.196 0.989682
0.197 0.990542
0.198 0.991402
0.199 0.992261
0.2 0.992261
0.201 0.993121
0.202 0.993121
0.203 0.993121
0.204 0.993121
0.205 0.993981
0.206 0.993981
0.207 0.993981
0.208 0.993981
0.209 0.993981
0.21 0.993981
0.211 0.994841
0.212 0.994841
0.213 0.994841
0.214 0.994841
0.215 0.994841
0.216 0.994841
0.217 0.994841
0.218 0.995701
0.219 0.995701
0.22 0.995701
0.221 0.995701
0.222 0.995701
0.223 0.995701
0.224 0.995701
0.225 0.995701
0.226 0.995701
0.227 0.995701
0.228 0.995701
0.229 0.995701
0.23 0.995701
0.231 0.995701
0.232 0.995701
0.233 0.995701
0.234 0.995701
0.235 0.995701
0.236 0.995701
0.237 0.995701
0.238 0.995701
0.239 0.995701
0.24 0.995701
0.241 0.995701
0.242 0.995701
0.243 0.995701
0.244 0.995701
0.245 0.995701
0.246 0.995701
0.247 0.995701
0.248 0.995701
0.249 0.995701
0.25 0.995701
0.251 0.996561
0.252 0.996561
0.253 0.996561
0.254 0.996561
0.255 0.99742
0.256 0.99742
0.257 0.99742
0.258 0.99742
0.259 0.99742
0.26 0.99742
0.261 0.99742
0.262 0.99742
0.263 0.99742
0.264 0.99742
0.265 0.99742
0.266 0.99742
0.267 0.99742
0.268 0.99742
0.269 0.99742
0.27 0.99742
0.271 0.99742
0.272 0.99742
0.273 0.99742
0.274 0.99742
0.275 0.99742
0.276 0.99742
0.277 0.99742
0.278 0.99742
0.279 0.99742
0.28 0.99742
0.281 0.99742
0.282 0.99742
0.283 0.99742
0.284 0.99742
0.285 0.99742
0.286 0.99742
0.287 0.99742
0.288 0.99742
0.289 0.99742
0.29 0.99742
0.291 0.99742
0.292 0.99742
0.293 0.99742
0.294 0.99742
0.295 0.99742
0.296 0.99742
0.297 0.99742
0.298 0.99742
0.299 0.99742
0.3 0.99742
0.301 0.99742
0.302 0.99742
0.303 0.99742
0.304 0.99742
0.305 0.99742
0.306 0.99742
0.307 0.99742
0.308 0.99742
0.309 0.99742
0.31 0.99742
0.311 0.99742
0.312 0.99742
0.313 0.99742
0.314 0.99742
0.315 0.99742
0.316 0.99828
0.317 0.99828
0.318 0.99828
0.319 0.99828
0.32 0.99828
0.321 0.99828
0.322 0.99828
0.323 0.99828
0.324 0.99828
0.325 0.99828
0.326 0.99828
0.327 0.99828
0.328 0.99828
0.329 0.99828
0.33 0.99828
0.331 0.99828
0.332 0.99828
0.333 0.99828
0.334 0.99828
0.335 0.99828
0.336 0.99828
0.337 0.99828
0.338 0.99828
0.339 0.99828
0.34 0.99828
0.341 0.99828
0.342 0.99828
0.343 0.99828
0.344 0.99828
0.345 0.99828
0.346 0.99828
0.347 0.99828
0.348 0.99828
0.349 0.99914
0.35 0.99914
0.351 0.99914
0.352 0.99914
0.353 0.99914
0.354 0.99914
0.355 0.99914
0.356 0.99914
0.357 0.99914
0.358 0.99914
0.359 0.99914
0.36 0.99914
0.361 0.99914
0.362 0.99914
0.363 0.99914
0.364 0.99914
0.365 0.99914
0.366 0.99914
0.367 0.99914
0.368 0.99914
0.369 0.99914
0.37 0.99914
0.371 0.99914
0.372 0.99914
0.373 0.99914
0.374 0.99914
0.375 0.99914
0.376 0.99914
0.377 0.99914
0.378 0.99914
0.379 0.99914
0.38 0.99914
0.381 0.99914
0.382 0.99914
0.383 0.99914
0.384 0.99914
0.385 0.99914
0.386 0.99914
0.387 0.99914
0.388 0.99914
0.389 0.99914
0.39 0.99914
0.391 0.99914
0.392 1
0.393 1
0.394 1
0.395 1
0.396 1
0.397 1
0.398 1
0.399 1
0.4 1
