400
0 0
0.001 0.00343348
0.002 0.00858369
0.003 0.0154506
0.004 0.0188841
0.005 0.0206009
0.006 0.023176
0.007 0.032618
0.008 0.0386266
0.009 0.0463519
0.01 0.0506438
0.011 0.0618026
0.012 0.0703863
0.013 0.0763948
0.014 0.0824034
0.015 0.0892704
0.016 0.0927039
0.017 0.0995708
0.018 0.107296
0.019 0.114163
0.02 0.12103
0.021 0.127897
0.022 0.135622
0.023 0.140773
0.024 0.146781
0.025 0.155365
0.026 0.16309
0.027 0.170815
0.028 0.177682
0.029 0.187124
0.03 0.193133
0.031 0.2
0.032 0.20515
0.033 0.209442
0.034 0.214592
0.035 0.223176
0.036 0.227468
0.037 0.236052
0.038 0.243777
0.039 0.252361
0.04 0.259227
0.041 0.266094
0.042 0.274678
0.043 0.27897
0.044 0.281545
0.045 0.284979
0.046 0.290129
0.047 0.293562
0.048 0.296996
0.049 0.303863
0.05 0.307296
0.051 0.317597
0.052 0.325322
0.053 0.333906
0.054 0.341631
0.055 0.346781
0.056 0.351931
0.057 0.35794
0.058 0.365665
0.059 0.369099
0.06 0.375107
0.061 0.382833
0.062 0.387124
0.063 0.390558
0.064 0.398283
0.065 0.404292
0.066 0.408584
0.067 0.412876
0.068 0.418026
0.069 0.424034
0.07 0.430901
0.071 0.433476
0.072 0.440343
0.073 0.445494
0.074 0.449785
0.075 0.455794
0.076 0.466094
0.077 0.47382
0.078 0.478112
0.079 0.488412
0.08 0.492704
0.081 0.499571
0.082 0.509871
0.083 0.517597
0.084 0.528755
0.085 0.538197
0.086 0.549356
0.087 0.551931
0.088 0.555365
0.089 0.559657
0.09 0.56824
0.091 0.575107
0.092 0.578541
0.093 0.588841
0.094 0.595708
0.095 0.602575
0.096 0.609442
0.097 0.614592
0.098 0.617167
0.099 0.626609
0.1 0.634335
0.101 0.64721
0.102 0.660086
0.103 0.665236
0.104 0.67382
0.105 0.67897
0.106 0.681545
0.107 0.68927
0.108 0.696137
0.109 0.700429
0.11 0.705579
0.111 0.713305
0.112 0.720172
0.113 0.72103
0.114 0.727897
0.115 0.733047
0.116 0.738197
0.117 0.743348
0.118 0.751073
0.119 0.75794
0.12 0.769099
0.121 0.777682
0.122 0.782833
0.123 0.7897
0.124 0.798283
0.125 0.806867
0.126 0.815451
0.127 0.822318
0.128 0.827468
0.129 0.830043
0.13 0.83691
0.131 0.840343
0.132 0.84721
0.133 0.854936
0.134 0.859227
0.135 0.862661
0.136 0.869528
0.137 0.870386
0.138 0.881545
0.139 0.890129
0.14 0.898712
0.141 0.903004
0.142 0.908155
0.143 0.909013
0.144 0.909871
0.145 0.916738
0.146 0.924464
0.147 0.929614
0.148 0.935622
0.149 0.938197
0.15 0.943348
0.151 0.946781
0.152 0.95279
0.153 0.955365
0.154 0.95794
0.155 0.961373
0.156 0.962232
0.157 0.966524
0.158 0.969957
0.159 0.969957
0.16 0.973391
0.161 0.974249
0.162 0.975966
0.163 0.977682
0.164 0.977682
0.165 0.978541
0.166 0.978541
0.167 0.980258
0.168 0.980258
0.169 0.981116
0.17 0.981116
0.171 0.981974
0.172 0.982833
0.173 0.983691
0.174 0.985408
0.175 0.985408
0.176 0.985408
0.177 0.986266
0.178 0.986266
0.179 0.987124
0.18 0.987124
0.181 0.987983
0.182 0.987983
0.183 0.987983
0.184 0.987983
0.185 0.987983
0.186 0.987983
0.187 0.987983
0.188 0.987983
0.189 0.987983
0.19 0.987983
0.191 0.987983
0.192 0.987983
0.193 0.987983
0.194 0.988841
0.195 0.988841
0.196 0.988841
0.197 0.988841
0.198 0.988841
0.199 0.988841
0.2 0.988841
0.201 0.988841
0.202 0.9897
0.203 0.9897
0.204 0.9897
0.205 0.9897
0.206 0.9897
0.207 0.9897
0.208 0.9897
0.209 0.9897
0.21 0.9897
0.211 0.9897
0.212 0.9897
0.213 0.9897
0.214 0.9897
0.215 0.990558
0.216 0.991416
0.217 0.991416
0.218 0.992275
0.219 0.992275
0.22 0.992275
0.221 0.992275
0.222 0.992275
0.223 0.992275
0.224 0.992275
0.225 0.992275
0.226 0.992275
0.227 0.992275
0.228 0.992275
0.229 0.992275
0.23 0.992275
0.231 0.993133
0.232 0.993991
0.233 0.993991
0.234 0.993991
0.235 0.993991
0.236 0.993991
0.237 0.993991
0.238 0.993991
0.239 0.993991
0.24 0.993991
0.241 0.993991
0.242 0.993991
0.243 0.993991
0.244 0.993991
0.245 0.99485
0.246 0.995708
0.247 0.995708
0.248 0.995708
0.249 0.995708
0.25 0.995708
0.251 0.995708
0.252 0.995708
0.253 0.995708
0.254 0.995708
0.255 0.995708
0.256 0.995708
0.257 0.995708
0.258 0.995708
0.259 0.995708
0.26 0.995708
0.261 0.995708
0.262 0.995708
0.263 0.995708
0.264 0.995708
0.265 0.995708
0.266 0.995708
0.267 0.995708
0.268 0.995708
0.269 0.995708
0.27 0.995708
0.271 0.995708
0.272 0.995708
0.273 0.995708
0.274 0.995708
0.275 0.995708
0.276 0.995708
0.277 0.995708
0.278 0.995708
0.279 0.995708
0.28 0.995708
0.281 0.995708
0.282 0.995708
0.283 0.995708
0.284 0.995708
0.285 0.995708
0.286 0.995708
0.287 0.995708
0.288 0.995708
0.289 0.995708
0.29 0.995708
0.291 0.995708
0.292 0.995708
0.293 0.996567
0.294 0.996567
0.295 0.996567
0.296 0.996567
0.297 0.996567
0.298 0.996567
0.299 0.996567
0.3 0.996567
0.301 0.996567
0.302 0.997425
0.303 0.997425
0.304 0.997425
0.305 0.997425
0.306 0.997425
0.307 0.997425
0.308 0.997425
0.309 0.997425
0.31 0.997425
0.311 0.997425
0.312 0.997425
0.313 0.997425
0.314 0.997425
0.315 0.997425
0.316 0.997425
0.317 0.997425
0.318 0.997425
0.319 0.997425
0.32 0.997425
0.321 0.997425
0.322 0.997425
0.323 0.997425
0.324 0.998283
0.325 0.998283
0.326 0.998283
0.327 0.998283
0.328 0.998283
0.329 0.998283
0.33 0.998283
0.331 0.998283
0.332 0.998283
0.333 0.998283
0.334 0.998283
0.335 0.998283
0.336 0.998283
0.337 0.998283
0.338 0.998283
0.339 0.998283
0.34 0.998283
0.341 0.998283
0.342 0.998283
0.343 0.998283
0.344 0.999142
0.345 0.999142
0.346 0.999142
0.347 0.999142
0.348 0.999142
0.349 0.999142
0.35 0.999142
0.351 0.999142
0.352 0.999142
0.353 0.999142
0.354 0.999142
0.355 0.999142
0.356 0.999142
0.357 0.999142
0.358 0.999142
0.359 0.999142
0.36 0.999142
0.361 0.999142
0.362 0.999142
0.363 0.999142
0.364 0.999142
0.365 0.999142
0.366 0.999142
0.367 0.999142
0.368 0.999142
0.369 0.999142
0.37 0.999142
0.371 0.999142
0.372 0.999142
0.373 0.999142
0.374 0.999142
0.375 0.999142
0.376 0.999142
0.377 0.999142
0.378 0.999142
0.379 0.999142
0.38 0.999142
0.381 0.999142
0.382 0.999142
0.383 0.999142
0.384 0.999142
0.385 0.999142
0.386 0.999142
0.387 0.999142
0.388 0.999142
0.389 0.999142
0.39 0.999142
0.391 1
0.392 1
0.393 1
0.394 1
0.395 1
0.396 1
0.397 1
0.398 1
0.399 1
0.4 1
