400
0 0
0.001 0.00861244
0.002 0.0133971
0.003 0.0181818
0.004 0.0239234
0.005 0.0296651
0.006 0.0373206
0.007 0.0421053
0.008 0.0507177
0.009 0.0574163
0.01 0.0631579
0.011 0.0669856
0.012 0.0736842
0.013 0.0909091
0.014 0.0966507
0.015 0.105263
0.016 0.112919
0.017 0.114833
0.018 0.121531
0.019 0.129187
0.02 0.133014
0.021 0.137799
0.022 0.141627
0.023 0.148325
0.024 0.157895
0.025 0.16555
0.026 0.172249
0.027 0.176077
0.028 0.183732
0.029 0.196172
0.03 0.202871
0.031 0.210526
0.032 0.216268
0.033 0.222967
0.034 0.226794
0.035 0.231579
0.036 0.243062
0.037 0.244019
0.038 0.24689
0.039 0.254545
0.04 0.25933
0.041 0.262201
0.042 0.270813
0.043 0.274641
0.044 0.279426
0.045 0.285167
0.046 0.292823
0.047 0.304306
0.048 0.310048
0.049 0.316746
0.05 0.322488
0.051 0.326316
0.052 0.330144
0.053 0.336842
0.054 0.341627
0.055 0.348325
0.056 0.354067
0.057 0.358852
0.058 0.368421
0.059 0.380861
0.06 0.386603
0.061 0.396172
0.062 0.404785
0.063 0.410526
0.064 0.416268
0.065 0.42488
0.066 0.436364
0.067 0.439234
0.068 0.44689
0.069 0.454545
0.07 0.460287
0.071 0.4689
0.072 0.476555
0.073 0.480383
0.074 0.487081
0.075 0.492823
0.076 0.497608
0.077 0.508134
0.078 0.515789
0.079 0.524402
0.08 0.532057
0.081 0.537799
0.082 0.545455
0.083 0.550239
0.084 0.556938
0.085 0.561722
0.086 0.569378
0.087 0.573206
0.088 0.580861
0.089 0.588517
0.09 0.599043
0.091 0.606699
0.092 0.615311
0.093 0.62201
0.094 0.629665
0.095 0.635407
0.096 0.643062
0.097 0.647847
0.098 0.653589
0.099 0.661244
0.1 0.67177
0.101 0.677512
0.102 0.680383
0.103 0.689952
0.104 0.699522
0.105 0.708134
0.106 0.714833
0.107 0.722488
0.108 0.729187
0.109 0.735885
0.11 0.742584
0.111 0.746411
0.112 0.757895
0.113 0.76555
0.114 0.772249
0.115 0.780861
0.116 0.78756
0.117 0.793301
0.118 0.802871
0.119 0.81244
0.12 0.820096
0.121 0.831579
0.122 0.836364
0.123 0.843062
0.124 0.855502
0.125 0.861244
0.126 0.869856
0.127 0.878469
0.128 0.883254
0.129 0.89378
0.13 0.898565
0.131 0.904306
0.132 0.908134
0.133 0.915789
0.134 0.91866
0.135 0.921531
0.136 0.923445
0.137 0.929187
0.138 0.935885
0.139 0.939713
0.14 0.950239
0.141 0.95311
0.142 0.955024
0.143 0.960766
0.144 0.966507
0.145 0.967464
0.146 0.969378
0.147 0.973206
0.148 0.97512
0.149 0.976077
0.15 0.977033
0.151 0.97799
0.152 0.97799
0.153 0.978947
0.154 0.980861
0.155 0.982775
0.156 0.983732
0.157 0.983732
0.158 0.985646
0.159 0.985646
0.16 0.986603
0.161 0.986603
0.162 0.986603
0.163 0.986603
0.164 0.986603
0.165 0.986603
0.166 0.986603
0.167 0.986603
0.168 0.986603
0.169 0.986603
0.17 0.98756
0.171 0.98756
0.172 0.98756
0.173 0.98756
0.174 0.98756
0.175 0.98756
0.176 0.98756
0.177 0.98756
0.178 0.98756
0.179 0.988517
0.18 0.988517
0.181 0.988517
0.182 0.988517
0.183 0.988517
0.184 0.988517
0.185 0.988517
0.186 0.988517
0.187 0.988517
0.188 0.988517
0.189 0.988517
0.19 0.988517
0.191 0.988517
0.192 0.988517
0.193 0.989474
0.194 0.989474
0.195 0.990431
0.196 0.990431
0.197 0.990431
0.198 0.990431
0.199 0.990431
0.2 0.990431
0.201 0.990431
0.202 0.990431
0.203 0.990431
0.204 0.990431
0.205 0.991388
0.206 0.991388
0.207 0.991388
0.208 0.991388
0.209 0.992344
0.21 0.992344
0.211 0.992344
0.212 0.992344
0.213 0.992344
0.214 0.992344
0.215 0.992344
0.216 0.992344
0.217 0.992344
0.218 0.992344
0.219 0.992344
0.22 0.992344
0.221 0.992344
0.222 0.992344
0.223 0.992344
0.224 0.992344
0.225 0.992344
0.226 0.992344
0.227 0.992344
0.228 0.992344
0.229 0.992344
0.23 0.992344
0.231 0.992344
0.232 0.992344
0.233 0.992344
0.234 0.992344
0.235 0.992344
0.236 0.992344
0.237 0.993301
0.238 0.993301
0.239 0.993301
0.24 0.993301
0.241 0.993301
0.242 0.993301
0.243 0.993301
0.244 0.994258
0.245 0.994258
0.246 0.994258
0.247 0.994258
0.248 0.994258
0.249 0.995215
0.25 0.995215
0.251 0.995215
0.252 0.995215
0.253 0.995215
0.254 0.995215
0.255 0.995215
0.256 0.996172
0.257 0.996172
0.258 0.996172
0.259 0.996172
0.26 0.996172
0.261 0.996172
0.262 0.996172
0.263 0.996172
0.264 0.996172
0.265 0.996172
0.266 0.996172
0.267 0.996172
0.268 0.996172
0.269 0.996172
0.27 0.996172
0.271 0.996172
0.272 0.996172
0.273 0.996172
0.274 0.996172
0.275 0.996172
0.276 0.996172
0.277 0.996172
0.278 0.996172
0.279 0.996172
0.28 0.996172
0.281 0.996172
0.282 0.996172
0.283 0.996172
0.284 0.996172
0.285 0.996172
0.286 0.996172
0.287 0.996172
0.288 0.996172
0.289 0.996172
0.29 0.996172
0.291 0.996172
0.292 0.996172
0.293 0.997129
0.294 0.997129
0.295 0.997129
0.296 0.997129
0.297 0.997129
0.298 0.997129
0.299 0.997129
0.3 0.997129
0.301 0.997129
0.302 0.997129
0.303 0.997129
0.304 0.997129
0.305 0.997129
0.306 0.998086
0.307 0.998086
0.308 0.998086
0.309 0.998086
0.31 0.998086
0.311 0.998086
0.312 0.998086
0.313 0.998086
0.314 0.998086
0.315 0.998086
0.316 0.998086
0.317 0.998086
0.318 0.998086
0.319 0.998086
0.32 0.998086
0.321 0.998086
0.322 0.998086
0.323 0.998086
0.324 0.998086
0.325 0.998086
0.326 0.998086
0.327 0.998086
0.328 0.999043
0.329 0.999043
0.33 0.999043
0.331 0.999043
0.332 1
0.333 1
0.334 1
0.335 1
0.336 1
0.337 1
0.338 1
0.339 1
0.34 1
0.341 1
0.342 1
0.343 1
0.344 1
0.345 1
0.346 1
0.347 1
0.348 1
0.349 1
0.35 1
0.351 1
0.352 1
0.353 1
0.354 1
0.355 1
0.356 1
0.357 1
0.358 1
0.359 1
0.36 1
0.361 1
0.362 1
0.363 1
0.364 1
0.365 1
0.366 1
0.367 1
0.368 1
0.369 1
0.37 1
0.371 1
0.372 1
0.373 1
0.374 1
0.375 1
0.376 1
0.377 1
0.378 1
0.379 1
0.38 1
0.381 1
0.382 1
0.383 1
0.384 1
0.385 1
0.386 1
0.387 1
0.388 1
0.389 1
0.39 1
0.391 1
0.392 1
0.393 1
0.394 1
0.395 1
0.396 1
0.397 1
0.398 1
0.399 1
0.4 1
