400
0 0
0.001 0.00563698
0.002 0.0135287
0.003 0.0202931
0.004 0.0293123
0.005 0.0338219
0.006 0.0349493
0.007 0.0405862
0.008 0.0507328
0.009 0.0552424
0.01 0.0586246
0.011 0.065389
0.012 0.0766629
0.013 0.0822999
0.014 0.0924464
0.015 0.0980834
0.016 0.10372
0.017 0.109357
0.018 0.114994
0.019 0.118377
0.02 0.121759
0.021 0.125141
0.022 0.128523
0.023 0.135287
0.024 0.13867
0.025 0.144307
0.026 0.149944
0.027 0.154453
0.028 0.16009
0.029 0.165727
0.03 0.172492
0.031 0.179256
0.032 0.187148
0.033 0.192785
0.034 0.196167
0.035 0.200676
0.036 0.207441
0.037 0.215333
0.038 0.218715
0.039 0.224352
0.04 0.234498
0.041 0.241263
0.042 0.2469
0.043 0.252537
0.044 0.258174
0.045 0.269448
0.046 0.275085
0.047 0.276212
0.048 0.285231
0.049 0.291995
0.05 0.296505
0.051 0.305524
0.052 0.310034
0.053 0.313416
0.054 0.319053
0.055 0.322435
0.056 0.330327
0.057 0.334837
0.058 0.339346
0.059 0.34611
0.06 0.354002
0.061 0.360767
0.062 0.369786
0.063 0.37655
0.064 0.385569
0.065 0.392334
0.066 0.396843
0.067 0.401353
0.068 0.409245
0.069 0.411499
0.07 0.419391
0.071 0.426156
0.072 0.431793
0.073 0.43292
0.074 0.435175
0.075 0.440812
0.076 0.443067
0.077 0.446449
0.078 0.450958
0.079 0.455468
0.08 0.46336
0.081 0.476888
0.082 0.479143
0.083 0.485908
0.084 0.493799
0.085 0.500564
0.086 0.507328
0.087 0.511838
0.088 0.517475
0.089 0.527621
0.09 0.532131
0.091 0.54115
0.092 0.550169
0.093 0.552424
0.094 0.564825
0.095 0.57159
0.096 0.577227
0.097 0.585118
0.098 0.586246
0.099 0.59301
0.1 0.607666
0.101 0.616685
0.102 0.624577
0.103 0.632469
0.104 0.635851
0.105 0.642616
0.106 0.650507
0.107 0.655017
0.108 0.660654
0.109 0.666291
0.11 0.676437
0.111 0.686584
0.112 0.691094
0.113 0.698985
0.114 0.703495
0.115 0.710259
0.116 0.717024
0.117 0.721533
0.118 0.726043
0.119 0.736189
0.12 0.741826
0.121 0.748591
0.122 0.756483
0.123 0.766629
0.124 0.768884
0.125 0.775648
0.126 0.780158
0.127 0.78805
0.128 0.795941
0.129 0.806088
0.13 0.81398
0.131 0.821871
0.132 0.827508
0.133 0.834273
0.134 0.83991
0.135 0.847802
0.136 0.854566
0.137 0.859076
0.138 0.86584
0.139 0.869222
0.14 0.872604
0.141 0.877114
0.142 0.877114
0.143 0.889515
0.144 0.89177
0.145 0.898534
0.146 0.903044
0.147 0.912063
0.148 0.918827
0.149 0.925592
0.15 0.930101
0.151 0.931229
0.152 0.933484
0.153 0.937993
0.154 0.941375
0.155 0.945885
0.156 0.952649
0.157 0.954904
0.158 0.954904
0.159 0.959414
0.16 0.960541
0.161 0.961669
0.162 0.965051
0.163 0.965051
0.164 0.965051
0.165 0.966178
0.166 0.96956
0.167 0.970688
0.168 0.970688
0.169 0.972942
0.17 0.97407
0.171 0.97407
0.172 0.97407
0.173 0.975197
0.174 0.978579
0.175 0.980834
0.176 0.983089
0.177 0.985344
0.178 0.985344
0.179 0.986471
0.18 0.986471
0.181 0.987599
0.182 0.987599
0.183 0.987599
0.184 0.987599
0.185 0.987599
0.186 0.987599
0.187 0.987599
0.188 0.987599
0.189 0.987599
0.19 0.987599
0.191 0.987599
0.192 0.987599
0.193 0.987599
0.194 0.987599
0.195 0.987599
0.196 0.987599
0.197 0.987599
0.198 0.987599
0.199 0.987599
0.2 0.987599
0.201 0.987599
0.202 0.987599
0.203 0.988726
0.204 0.988726
0.205 0.988726
0.206 0.988726
0.207 0.988726
0.208 0.988726
0.209 0.988726
0.21 0.988726
0.211 0.989853
0.212 0.992108
0.213 0.992108
0.214 0.993236
0.215 0.993236
0.216 0.993236
0.217 0.993236
0.218 0.993236
0.219 0.993236
0.22 0.993236
0.221 0.993236
0.222 0.993236
0.223 0.993236
0.224 0.993236
0.225 0.993236
0.226 0.993236
0.227 0.994363
0.228 0.994363
0.229 0.994363
0.23 0.994363
0.231 0.994363
0.232 0.994363
0.233 0.994363
0.234 0.994363
0.235 0.994363
0.236 0.99549
0.237 0.99549
0.238 0.99549
0.239 0.99549
0.24 0.99549
0.241 0.99549
0.242 0.99549
0.243 0.99549
0.244 0.996618
0.245 0.996618
0.246 0.996618
0.247 0.996618
0.248 0.996618
0.249 0.996618
0.25 0.996618
0.251 0.996618
0.252 0.996618
0.253 0.996618
0.254 0.997745
0.255 0.997745
0.256 0.997745
0.257 0.997745
0.258 0.997745
0.259 0.997745
0.26 0.997745
0.261 0.997745
0.262 0.997745
0.263 0.997745
0.264 0.997745
0.265 0.997745
0.266 0.997745
0.267 0.997745
0.268 0.997745
0.269 0.997745
0.27 0.997745
0.271 0.997745
0.272 0.997745
0.273 0.997745
0.274 0.997745
0.275 0.997745
0.276 0.997745
0.277 0.997745
0.278 0.998873
0.279 0.998873
0.28 0.998873
0.281 0.998873
0.282 0.998873
0.283 0.998873
0.284 0.998873
0.285 0.998873
0.286 0.998873
0.287 0.998873
0.288 0.998873
0.289 0.998873
0.29 0.998873
0.291 0.998873
0.292 0.998873
0.293 0.998873
0.294 0.998873
0.295 0.998873
0.296 0.998873
0.297 0.998873
0.298 0.998873
0.299 0.998873
0.3 0.998873
0.301 0.998873
0.302 0.998873
0.303 0.998873
0.304 0.998873
0.305 0.998873
0.306 0.998873
0.307 0.998873
0.308 0.998873
0.309 0.998873
0.31 1
0.311 1
0.312 1
0.313 1
0.314 1
0.315 1
0.316 1
0.317 1
0.318 1
0.319 1
0.32 1
0.321 1
0.322 1
0.323 1
0.324 1
0.325 1
0.326 1
0.327 1
0.328 1
0.329 1
0.33 1
0.331 1
0.332 1
0.333 1
0.334 1
0.335 1
0.336 1
0.337 1
0.338 1
0.339 1
0.34 1
0.341 1
0.342 1
0.343 1
0.344 1
0.345 1
0.346 1
0.347 1
0.348 1
0.349 1
0.35 1
0.351 1
0.352 1
0.353 1
0.354 1
0.355 1
0.356 1
0.357 1
0.358 1
0.359 1
0.36 1
0.361 1
0.362 1
0.363 1
0.364 1
0.365 1
0.366 1
0.367 1
0.368 1
0.369 1
0.37 1
0.371 1
0.372 1
0.373 1
0.374 1
0.375 1
0.376 1
0.377 1
0.378 1
0.379 1
0.38 1
0.381 1
0.382 1
0.383 1
0.384 1
0.385 1
0.386 1
0.387 1
0.388 1
0.389 1
0.39 1
0.391 1
0.392 1
0.393 1
0.394 1
0.395 1
0.396 1
0.397 1
0.398 1
0.399 1
0.4 1
