400
0 0
0.001 0.00687758
0.002 0.0110041
0.003 0.0206327
0.004 0.0247593
0.005 0.0316369
0.006 0.0385144
0.007 0.0467675
0.008 0.0495186
0.009 0.0563961
0.01 0.0687758
0.011 0.0742779
0.012 0.0811554
0.013 0.0839065
0.014 0.090784
0.015 0.0935351
0.016 0.100413
0.017 0.104539
0.018 0.110041
0.019 0.112792
0.02 0.118294
0.021 0.123796
0.022 0.129298
0.023 0.13205
0.024 0.134801
0.025 0.141678
0.026 0.145805
0.027 0.152682
0.028 0.158184
0.029 0.166437
0.03 0.171939
0.031 0.181568
0.032 0.185695
0.033 0.193948
0.034 0.202201
0.035 0.211829
0.036 0.213205
0.037 0.217332
0.038 0.224209
0.039 0.231087
0.04 0.242091
0.041 0.247593
0.042 0.255846
0.043 0.261348
0.044 0.269601
0.045 0.276479
0.046 0.287483
0.047 0.298487
0.048 0.30674
0.049 0.309491
0.05 0.314993
0.051 0.320495
0.052 0.323246
0.053 0.330124
0.054 0.337001
0.055 0.345254
0.056 0.349381
0.057 0.356259
0.058 0.365887
0.059 0.371389
0.06 0.381018
0.061 0.382393
0.062 0.389271
0.063 0.396149
0.064 0.403026
0.065 0.411279
0.066 0.425034
0.067 0.427785
0.068 0.434663
0.069 0.440165
0.07 0.442916
0.071 0.449794
0.072 0.45392
0.073 0.455296
0.074 0.460798
0.075 0.473177
0.076 0.475928
0.077 0.481431
0.078 0.492435
0.079 0.49381
0.08 0.503439
0.081 0.50619
0.082 0.515818
0.083 0.522696
0.084 0.528198
0.085 0.530949
0.086 0.541953
0.087 0.547455
0.088 0.557084
0.089 0.568088
0.09 0.572215
0.091 0.581843
0.092 0.592847
0.093 0.598349
0.094 0.609354
0.095 0.618982
0.096 0.62586
0.097 0.628611
0.098 0.634113
0.099 0.638239
0.1 0.645117
0.101 0.650619
0.102 0.65337
0.103 0.662999
0.104 0.668501
0.105 0.679505
0.106 0.69326
0.107 0.701513
0.108 0.708391
0.109 0.719395
0.11 0.730399
0.111 0.740028
0.112 0.744154
0.113 0.751032
0.114 0.757909
0.115 0.766162
0.116 0.770289
0.117 0.775791
0.118 0.781293
0.119 0.793673
0.12 0.799175
0.121 0.807428
0.122 0.815681
0.123 0.821183
0.124 0.829436
0.125 0.833563
0.126 0.839065
0.127 0.851444
0.128 0.854195
0.129 0.858322
0.13 0.862448
0.131 0.866575
0.132 0.869326
0.133 0.876204
0.134 0.88033
0.135 0.884457
0.136 0.89271
0.137 0.899587
0.138 0.905089
0.139 0.90784
0.14 0.911967
0.141 0.917469
0.142 0.921596
0.143 0.925722
0.144 0.929849
0.145 0.933975
0.146 0.933975
0.147 0.933975
0.148 0.935351
0.149 0.938102
0.15 0.940853
0.151 0.946355
0.152 0.951857
0.153 0.951857
0.154 0.951857
0.155 0.954608
0.156 0.955983
0.157 0.955983
0.158 0.958735
0.159 0.96011
0.16 0.96011
0.161 0.961486
0.162 0.964237
0.163 0.964237
0.164 0.965612
0.165 0.965612
0.166 0.965612
0.167 0.966988
0.168 0.968363
0.169 0.968363
0.17 0.971114
0.171 0.971114
0.172 0.97249
0.173 0.97249
0.174 0.973865
0.175 0.973865
0.176 0.973865
0.177 0.973865
0.178 0.973865
0.179 0.973865
0.18 0.973865
0.181 0.973865
0.182 0.973865
0.183 0.973865
0.184 0.973865
0.185 0.973865
0.186 0.973865
0.187 0.975241
0.188 0.975241
0.189 0.976616
0.19 0.976616
0.191 0.976616
0.192 0.977992
0.193 0.979367
0.194 0.980743
0.195 0.982118
0.196 0.982118
0.197 0.983494
0.198 0.983494
0.199 0.983494
0.2 0.984869
0.201 0.984869
0.202 0.984869
0.203 0.984869
0.204 0.984869
0.205 0.984869
0.206 0.986245
0.207 0.986245
0.208 0.986245
0.209 0.986245
0.21 0.986245
0.211 0.986245
0.212 0.986245
0.213 0.986245
0.214 0.98762
0.215 0.98762
0.216 0.98762
0.217 0.98762
0.218 0.98762
0.219 0.98762
0.22 0.98762
0.221 0.98762
0.222 0.98762
0.223 0.98762
0.224 0.98762
0.225 0.98762
0.226 0.98762
0.227 0.98762
0.228 0.98762
0.229 0.98762
0.23 0.98762
0.231 0.98762
0.232 0.98762
0.233 0.98762
0.234 0.988996
0.235 0.988996
0.236 0.990371
0.237 0.990371
0.238 0.991747
0.239 0.991747
0.24 0.991747
0.241 0.991747
0.242 0.991747
0.243 0.991747
0.244 0.991747
0.245 0.991747
0.246 0.991747
0.247 0.991747
0.248 0.991747
0.249 0.991747
0.25 0.993122
0.251 0.993122
0.252 0.993122
0.253 0.993122
0.254 0.993122
0.255 0.993122
0.256 0.993122
0.257 0.993122
0.258 0.993122
0.259 0.993122
0.26 0.993122
0.261 0.993122
0.262 0.993122
0.263 0.993122
0.264 0.993122
0.265 0.993122
0.266 0.994498
0.267 0.994498
0.268 0.994498
0.269 0.994498
0.27 0.995873
0.271 0.995873
0.272 0.995873
0.273 0.995873
0.274 0.995873
0.275 0.995873
0.276 0.995873
0.277 0.995873
0.278 0.995873
0.279 0.995873
0.28 0.995873
0.281 0.995873
0.282 0.995873
0.283 0.995873
0.284 0.995873
0.285 0.995873
0.286 0.995873
0.287 0.995873
0.288 0.995873
0.289 0.995873
0.29 0.995873
0.291 0.995873
0.292 0.995873
0.293 0.995873
0.294 0.997249
0.295 0.997249
0.296 0.997249
0.297 0.997249
0.298 0.997249
0.299 0.997249
0.3 0.997249
0.301 0.997249
0.302 0.997249
0.303 0.997249
0.304 0.997249
0.305 0.997249
0.306 0.997249
0.307 0.997249
0.308 0.997249
0.309 0.997249
0.31 0.997249
0.311 0.997249
0.312 0.997249
0.313 0.997249
0.314 0.997249
0.315 0.997249
0.316 0.997249
0.317 0.997249
0.318 0.997249
0.319 0.997249
0.32 0.997249
0.321 0.997249
0.322 0.997249
0.323 0.997249
0.324 0.997249
0.325 0.997249
0.326 0.997249
0.327 0.997249
0.328 0.997249
0.329 0.997249
0.33 0.997249
0.331 0.997249
0.332 0.997249
0.333 0.997249
0.334 0.997249
0.335 0.997249
0.336 0.997249
0.337 0.997249
0.338 0.997249
0.339 0.997249
0.34 0.997249
0.341 0.997249
0.342 0.997249
0.343 0.997249
0.344 0.997249
0.345 0.997249
0.346 0.998624
0.347 0.998624
0.348 0.998624
0.349 0.998624
0.35 0.998624
0.351 0.998624
0.352 0.998624
0.353 0.998624
0.354 0.998624
0.355 0.998624
0.356 0.998624
0.357 0.998624
0.358 0.998624
0.359 0.998624
0.36 0.998624
0.361 1
0.362 1
0.363 1
0.364 1
0.365 1
0.366 1
0.367 1
0.368 1
0.369 1
0.37 1
0.371 1
0.372 1
0.373 1
0.374 1
0.375 1
0.376 1
0.377 1
0.378 1
0.379 1
0.38 1
0.381 1
0.382 1
0.383 1
0.384 1
0.385 1
0.386 1
0.387 1
0.388 1
0.389 1
0.39 1
0.391 1
0.392 1
0.393 1
0.394 1
0.395 1
0.396 1
0.397 1
0.398 1
0.399 1
0.4 1
