400
0 0
0.001 0.00322928
0.002 0.0118407
0.003 0.0204521
0.004 0.0258342
0.005 0.0333692
0.006 0.0398278
0.007 0.0452099
0.008 0.0559742
0.009 0.065662
0.01 0.0710441
0.011 0.0818084
0.012 0.0904198
0.013 0.100108
0.014 0.109795
0.015 0.119483
0.016 0.124865
0.017 0.130248
0.018 0.141012
0.019 0.145318
0.02 0.151776
0.021 0.16254
0.022 0.171152
0.023 0.174381
0.024 0.186222
0.025 0.196986
0.026 0.198062
0.027 0.201292
0.028 0.209903
0.029 0.217438
0.03 0.220667
0.031 0.232508
0.032 0.240043
0.033 0.241119
0.034 0.244349
0.035 0.25296
0.036 0.261572
0.037 0.266954
0.038 0.276642
0.039 0.292788
0.04 0.296017
0.041 0.302476
0.042 0.310011
0.043 0.316469
0.044 0.319699
0.045 0.324004
0.046 0.329386
0.047 0.339074
0.048 0.349839
0.049 0.351991
0.05 0.354144
0.051 0.364909
0.052 0.372443
0.053 0.376749
0.054 0.384284
0.055 0.396125
0.056 0.401507
0.057 0.410118
0.058 0.41873
0.059 0.421959
0.06 0.430571
0.061 0.4338
0.062 0.440258
0.063 0.451023
0.064 0.455328
0.065 0.461787
0.066 0.468245
0.067 0.477933
0.068 0.485468
0.069 0.499462
0.07 0.504844
0.071 0.513455
0.072 0.516685
0.073 0.526372
0.074 0.530678
0.075 0.533907
0.076 0.542519
0.077 0.548977
0.078 0.556512
0.079 0.567277
0.08 0.575888
0.081 0.579117
0.082 0.585576
0.083 0.588805
0.084 0.597417
0.085 0.600646
0.086 0.606028
0.087 0.612487
0.088 0.617869
0.089 0.620022
0.09 0.623251
0.091 0.631862
0.092 0.637244
0.093 0.645856
0.094 0.654467
0.095 0.663079
0.096 0.669537
0.097 0.675996
0.098 0.683531
0.099 0.693219
0.1 0.697524
0.101 0.70183
0.102 0.708288
0.103 0.7169
0.104 0.725511
0.105 0.734123
0.106 0.743811
0.107 0.749193
0.108 0.757804
0.109 0.761033
0.11 0.768568
0.111 0.775027
0.112 0.781485
0.113 0.791173
0.114 0.799785
0.115 0.808396
0.116 0.818084
0.117 0.826695
0.118 0.827772
0.119 0.840689
0.12 0.847147
0.121 0.850377
0.122 0.856835
0.123 0.863294
0.124 0.870829
0.125 0.876211
0.126 0.87944
0.127 0.889128
0.128 0.892357
0.129 0.89451
0.13 0.899892
0.131 0.904198
0.132 0.90958
0.133 0.911733
0.134 0.916039
0.135 0.921421
0.136 0.92465
0.137 0.926803
0.138 0.934338
0.139 0.936491
0.14 0.938644
0.141 0.944026
0.142 0.948332
0.143 0.951561
0.144 0.959096
0.145 0.962325
0.146 0.962325
0.147 0.963402
0.148 0.967707
0.149 0.968784
0.15 0.96986
0.151 0.972013
0.152 0.977395
0.153 0.978471
0.154 0.978471
0.155 0.979548
0.156 0.979548
0.157 0.980624
0.158 0.981701
0.159 0.981701
0.16 0.981701
0.161 0.982777
0.162 0.982777
0.163 0.982777
0.164 0.982777
0.165 0.982777
0.166 0.982777
0.167 0.982777
0.168 0.982777
0.169 0.983854
0.17 0.983854
0.171 0.983854
0.172 0.983854
0.173 0.983854
0.174 0.983854
0.175 0.983854
0.176 0.98493
0.177 0.986006
0.178 0.986006
0.179 0.986006
0.18 0.986006
0.181 0.987083
0.182 0.987083
0.183 0.987083
0.184 0.987083
0.185 0.987083
0.186 0.987083
0.187 0.987083
0.188 0.987083
0.189 0.987083
0.19 0.987083
0.191 0.987083
0.192 0.987083
0.193 0.987083
0.194 0.987083
0.195 0.987083
0.196 0.987083
0.197 0.987083
0.198 0.987083
0.199 0.987083
0.2 0.987083
0.201 0.987083
0.202 0.987083
0.203 0.987083
0.204 0.987083
0.205 0.988159
0.206 0.988159
0.207 0.988159
0.208 0.988159
0.209 0.988159
0.21 0.988159
0.211 0.988159
0.212 0.988159
0.213 0.988159
0.214 0.988159
0.215 0.988159
0.216 0.988159
0.217 0.990312
0.218 0.990312
0.219 0.990312
0.22 0.990312
0.221 0.990312
0.222 0.990312
0.223 0.990312
0.224 0.990312
0.225 0.990312
0.226 0.991389
0.227 0.991389
0.228 0.991389
0.229 0.991389
0.23 0.991389
0.231 0.991389
0.232 0.991389
0.233 0.991389
0.234 0.991389
0.235 0.992465
0.236 0.993541
0.237 0.993541
0.238 0.993541
0.239 0.993541
0.24 0.993541
0.241 0.993541
0.242 0.993541
0.243 0.993541
0.244 0.993541
0.245 0.995694
0.246 0.995694
0.247 0.995694
0.248 0.995694
0.249 0.995694
0.25 0.995694
0.251 0.995694
0.252 0.995694
0.253 0.995694
0.254 0.995694
0.255 0.995694
0.256 0.996771
0.257 0.996771
0.258 0.996771
0.259 0.996771
0.26 0.996771
0.261 0.996771
0.262 0.996771
0.263 0.996771
0.264 0.996771
0.265 0.996771
0.266 0.996771
0.267 0.996771
0.268 0.997847
0.269 0.997847
0.27 0.997847
0.271 0.997847
0.272 0.997847
0.273 0.997847
0.274 0.998924
0.275 0.998924
0.276 1
0.277 1
0.278 1
0.279 1
0.28 1
0.281 1
0.282 1
0.283 1
0.284 1
0.285 1
0.286 1
0.287 1
0.288 1
0.289 1
0.29 1
0.291 1
0.292 1
0.293 1
0.294 1
0.295 1
0.296 1
0.297 1
0.298 1
0.299 1
0.3 1
0.301 1
0.302 1
0.303 1
0.304 1
0.305 1
0.306 1
0.307 1
0.308 1
0.309 1
0.31 1
0.311 1
0.312 1
0.313 1
0.314 1
0.315 1
0.316 1
0.317 1
0.318 1
0.319 1
0.32 1
0.321 1
0.322 1
0.323 1
0.324 1
0.325 1
0.326 1
0.327 1
0.328 1
0.329 1
0.33 1
0.331 1
0.332 1
0.333 1
0.334 1
0.335 1
0.336 1
0.337 1
0.338 1
0.339 1
0.34 1
0.341 1
0.342 1
0.343 1
0.344 1
0.345 1
0.346 1
0.347 1
0.348 1
0.349 1
0.35 1
0.351 1
0.352 1
0.353 1
0.354 1
0.355 1
0.356 1
0.357 1
0.358 1
0.359 1
0.36 1
0.361 1
0.362 1
0.363 1
0.364 1
0.365 1
0.366 1
0.367 1
0.368 1
0.369 1
0.37 1
0.371 1
0.372 1
0.373 1
0.374 1
0.375 1
0.376 1
0.377 1
0.378 1
0.379 1
0.38 1
0.381 1
0.382 1
0.383 1
0.384 1
0.385 1
0.386 1
0.387 1
0.388 1
0.389 1
0.39 1
0.391 1
0.392 1
0.393 1
0.394 1
0.395 1
0.396 1
0.397 1
0.398 1
0.399 1
0.4 1
