400
0 0
0.001 0.00447761
0.002 0.0149254
0.003 0.0179104
0.004 0.0238806
0.005 0.0268657
0.006 0.0283582
0.007 0.0343284
0.008 0.0402985
0.009 0.0477612
0.01 0.0522388
0.011 0.0567164
0.012 0.058209
0.013 0.0626866
0.014 0.0656716
0.015 0.0701493
0.016 0.0761194
0.017 0.0820896
0.018 0.0895522
0.019 0.1
0.02 0.107463
0.021 0.113433
0.022 0.126866
0.023 0.128358
0.024 0.134328
0.025 0.143284
0.026 0.146269
0.027 0.150746
0.028 0.164179
0.029 0.167164
0.03 0.179104
0.031 0.191045
0.032 0.195522
0.033 0.202985
0.034 0.21791
0.035 0.226866
0.036 0.226866
0.037 0.229851
0.038 0.237313
0.039 0.240299
0.04 0.246269
0.041 0.250746
0.042 0.253731
0.043 0.262687
0.044 0.280597
0.045 0.286567
0.046 0.29403
0.047 0.3
0.048 0.308955
0.049 0.319403
0.05 0.328358
0.051 0.335821
0.052 0.344776
0.053 0.349254
0.054 0.355224
0.055 0.364179
0.056 0.368657
0.057 0.377612
0.058 0.383582
0.059 0.386567
0.06 0.397015
0.061 0.401493
0.062 0.404478
0.063 0.407463
0.064 0.41194
0.065 0.41791
0.066 0.422388
0.067 0.431343
0.068 0.441791
0.069 0.449254
0.07 0.453731
0.071 0.455224
0.072 0.459701
0.073 0.467164
0.074 0.477612
0.075 0.483582
0.076 0.489552
0.077 0.49403
0.078 0.497015
0.079 0.504478
0.08 0.507463
0.081 0.519403
0.082 0.529851
0.083 0.538806
0.084 0.546269
0.085 0.553731
0.086 0.556716
0.087 0.558209
0.088 0.562687
0.089 0.565672
0.09 0.568657
0.091 0.576119
0.092 0.580597
0.093 0.58806
0.094 0.58806
0.095 0.595522
0.096 0.6
0.097 0.608955
0.098 0.616418
0.099 0.620896
0.1 0.626866
0.101 0.637313
0.102 0.646269
0.103 0.647761
0.104 0.655224
0.105 0.662687
0.106 0.665672
0.107 0.668657
0.108 0.676119
0.109 0.685075
0.11 0.689552
0.111 0.695522
0.112 0.7
0.113 0.704478
0.114 0.71194
0.115 0.719403
0.116 0.734328
0.117 0.741791
0.118 0.750746
0.119 0.761194
0.12 0.764179
0.121 0.776119
0.122 0.785075
0.123 0.78806
0.124 0.797015
0.125 0.807463
0.126 0.813433
0.127 0.819403
0.128 0.828358
0.129 0.835821
0.13 0.844776
0.131 0.846269
0.132 0.852239
0.133 0.858209
0.134 0.864179
0.135 0.873134
0.136 0.879104
0.137 0.891045
0.138 0.897015
0.139 0.904478
0.14 0.910448
0.141 0.914925
0.142 0.914925
0.143 0.914925
0.144 0.919403
0.145 0.925373
0.146 0.925373
0.147 0.926866
0.148 0.929851
0.149 0.929851
0.15 0.929851
0.151 0.931343
0.152 0.932836
0.153 0.934328
0.154 0.935821
0.155 0.938806
0.156 0.938806
0.157 0.940298
0.158 0.940298
0.159 0.944776
0.16 0.946269
0.161 0.950746
0.162 0.952239
0.163 0.952239
0.164 0.956716
0.165 0.961194
0.166 0.961194
0.167 0.962687
0.168 0.964179
0.169 0.965672
0.17 0.967164
0.171 0.967164
0.172 0.968657
0.173 0.968657
0.174 0.968657
0.175 0.970149
0.176 0.970149
0.177 0.970149
0.178 0.970149
0.179 0.970149
0.18 0.970149
0.181 0.970149
0.182 0.970149
0.183 0.973134
0.184 0.974627
0.185 0.974627
0.186 0.974627
0.187 0.974627
0.188 0.976119
0.189 0.976119
0.19 0.976119
0.191 0.976119
0.192 0.977612
0.193 0.977612
0.194 0.979104
0.195 0.979104
0.196 0.979104
0.197 0.979104
0.198 0.979104
0.199 0.979104
0.2 0.979104
0.201 0.979104
0.202 0.979104
0.203 0.980597
0.204 0.980597
0.205 0.980597
0.206 0.980597
0.207 0.98209
0.208 0.98209
0.209 0.98209
0.21 0.986567
0.211 0.986567
0.212 0.986567
0.213 0.986567
0.214 0.986567
0.215 0.98806
0.216 0.98806
0.217 0.989552
0.218 0.989552
0.219 0.991045
0.22 0.991045
0.221 0.991045
0.222 0.991045
0.223 0.991045
0.224 0.991045
0.225 0.991045
0.226 0.992537
0.227 0.99403
0.228 0.99403
0.229 0.99403
0.23 0.99403
0.231 0.99403
0.232 0.99403
0.233 0.995522
0.234 0.995522
0.235 0.995522
0.236 0.995522
0.237 0.995522
0.238 0.995522
0.239 0.995522
0.24 0.995522
0.241 0.995522
0.242 0.995522
0.243 0.995522
0.244 0.995522
0.245 0.995522
0.246 0.995522
0.247 0.995522
0.248 0.997015
0.249 0.997015
0.25 0.997015
0.251 0.997015
0.252 0.997015
0.253 0.997015
0.254 0.997015
0.255 0.997015
0.256 0.997015
0.257 0.997015
0.258 0.997015
0.259 0.997015
0.26 0.997015
0.261 0.997015
0.262 0.997015
0.263 0.997015
0.264 0.997015
0.265 0.997015
0.266 0.997015
0.267 0.997015
0.268 0.997015
0.269 0.997015
0.27 0.997015
0.271 0.997015
0.272 0.997015
0.273 0.997015
0.274 0.997015
0.275 0.997015
0.276 0.997015
0.277 0.997015
0.278 0.997015
0.279 0.997015
0.28 0.997015
0.281 0.997015
0.282 0.997015
0.283 0.997015
0.284 0.997015
0.285 0.997015
0.286 0.997015
0.287 0.997015
0.288 0.997015
0.289 0.997015
0.29 0.997015
0.291 0.997015
0.292 0.997015
0.293 0.997015
0.294 0.997015
0.295 0.997015
0.296 0.997015
0.297 0.997015
0.298 0.997015
0.299 0.997015
0.3 0.997015
0.301 0.997015
0.302 0.997015
0.303 0.997015
0.304 0.997015
0.305 0.997015
0.306 0.997015
0.307 0.997015
0.308 0.997015
0.309 0.997015
0.31 0.997015
0.311 0.997015
0.312 0.997015
0.313 0.997015
0.314 0.997015
0.315 0.997015
0.316 0.997015
0.317 0.997015
0.318 0.997015
0.319 0.997015
0.32 0.997015
0.321 0.998507
0.322 0.998507
0.323 0.998507
0.324 0.998507
0.325 0.998507
0.326 0.998507
0.327 0.998507
0.328 0.998507
0.329 0.998507
0.33 0.998507
0.331 0.998507
0.332 0.998507
0.333 0.998507
0.334 0.998507
0.335 0.998507
0.336 0.998507
0.337 0.998507
0.338 0.998507
0.339 0.998507
0.34 0.998507
0.341 0.998507
0.342 0.998507
0.343 0.998507
0.344 0.998507
0.345 0.998507
0.346 0.998507
0.347 0.998507
0.348 0.998507
0.349 0.998507
0.35 0.998507
0.351 0.998507
0.352 0.998507
0.353 0.998507
0.354 0.998507
0.355 0.998507
0.356 0.998507
0.357 0.998507
0.358 0.998507
0.359 0.998507
0.36 0.998507
0.361 0.998507
0.362 0.998507
0.363 0.998507
0.364 0.998507
0.365 0.998507
0.366 0.998507
0.367 0.998507
0.368 0.998507
0.369 0.998507
0.37 0.998507
0.371 0.998507
0.372 0.998507
0.373 0.998507
0.374 0.998507
0.375 0.998507
0.376 0.998507
0.377 0.998507
0.378 0.998507
0.379 0.998507
0.38 0.998507
0.381 0.998507
0.382 0.998507
0.383 0.998507
0.384 0.998507
0.385 0.998507
0.386 0.998507
0.387 0.998507
0.388 0.998507
0.389 0.998507
0.39 0.998507
0.391 0.998507
0.392 0.998507
0.393 1
0.394 1
0.395 1
0.396 1
0.397 1
0.398 1
0.399 1
0.4 1
