400
0 0
0.001 0
0.002 0.00460829
0.003 0.00921659
0.004 0.0199693
0.005 0.0230415
0.006 0.0291859
0.007 0.0337942
0.008 0.0414747
0.009 0.0506912
0.01 0.06298
0.011 0.0691244
0.012 0.0798771
0.013 0.0890937
0.014 0.093702
0.015 0.107527
0.016 0.110599
0.017 0.115207
0.018 0.122888
0.019 0.130568
0.02 0.132104
0.021 0.144393
0.022 0.150538
0.023 0.156682
0.024 0.159754
0.025 0.164363
0.026 0.170507
0.027 0.173579
0.028 0.179724
0.029 0.18894
0.03 0.195084
0.031 0.198157
0.032 0.204301
0.033 0.208909
0.034 0.211982
0.035 0.221198
0.036 0.227343
0.037 0.233487
0.038 0.238095
0.039 0.24424
0.04 0.245776
0.041 0.248848
0.042 0.254992
0.043 0.259601
0.044 0.262673
0.045 0.265745
0.046 0.274962
0.047 0.281106
0.048 0.290323
0.049 0.293395
0.05 0.301075
0.051 0.310292
0.052 0.317972
0.053 0.322581
0.054 0.333333
0.055 0.34255
0.056 0.345622
0.057 0.354839
0.058 0.364055
0.059 0.373272
0.06 0.373272
0.061 0.376344
0.062 0.382488
0.063 0.384025
0.064 0.391705
0.065 0.397849
0.066 0.403994
0.067 0.40553
0.068 0.411674
0.069 0.422427
0.07 0.428571
0.071 0.43318
0.072 0.44086
0.073 0.443932
0.074 0.454685
0.075 0.462366
0.076 0.470046
0.077 0.480799
0.078 0.486943
0.079 0.491551
0.08 0.497696
0.081 0.505376
0.082 0.511521
0.083 0.517665
0.084 0.520737
0.085 0.53149
0.086 0.534562
0.087 0.539171
0.088 0.546851
0.089 0.554531
0.09 0.557604
0.091 0.562212
0.092 0.56682
0.093 0.572965
0.094 0.579109
0.095 0.58679
0.096 0.592934
0.097 0.599078
0.098 0.606759
0.099 0.609831
0.1 0.614439
0.101 0.62212
0.102 0.625192
0.103 0.635945
0.104 0.637481
0.105 0.645161
0.106 0.652842
0.107 0.662058
0.108 0.665131
0.109 0.678955
0.11 0.682028
0.111 0.689708
0.112 0.697389
0.113 0.705069
0.114 0.711214
0.115 0.715822
0.116 0.721966
0.117 0.725038
0.118 0.734255
0.119 0.741935
0.12 0.752688
0.121 0.75576
0.122 0.758833
0.123 0.764977
0.124 0.769585
0.125 0.778802
0.126 0.788018
0.127 0.791091
0.128 0.798771
0.129 0.804916
0.13 0.809524
0.131 0.817204
0.132 0.821813
0.133 0.823349
0.134 0.829493
0.135 0.840246
0.136 0.843318
0.137 0.854071
0.138 0.858679
0.139 0.863287
0.14 0.872504
0.141 0.878648
0.142 0.883257
0.143 0.886329
0.144 0.886329
0.145 0.890937
0.146 0.894009
0.147 0.897081
0.148 0.897081
0.149 0.903226
0.15 0.907834
0.151 0.910906
0.152 0.910906
0.153 0.912442
0.154 0.917051
0.155 0.918587
0.156 0.921659
0.157 0.923195
0.158 0.923195
0.159 0.927803
0.16 0.933948
0.161 0.935484
0.162 0.938556
0.163 0.941628
0.164 0.946237
0.165 0.946237
0.166 0.950845
0.167 0.953917
0.168 0.953917
0.169 0.953917
0.17 0.956989
0.171 0.956989
0.172 0.958525
0.173 0.960061
0.174 0.960061
0.175 0.96467
0.176 0.967742
0.177 0.970814
0.178 0.970814
0.179 0.973886
0.18 0.975422
0.181 0.975422
0.182 0.975422
0.183 0.975422
0.184 0.976959
0.185 0.978495
0.186 0.980031
0.187 0.981567
0.188 0.983103
0.189 0.983103
0.19 0.987711
0.191 0.987711
0.192 0.987711
0.193 0.987711
0.194 0.987711
0.195 0.987711
0.196 0.989247
0.197 0.989247
0.198 0.989247
0.199 0.989247
0.2 0.989247
0.201 0.989247
0.202 0.989247
0.203 0.989247
0.204 0.989247
0.205 0.989247
0.206 0.989247
0.207 0.989247
0.208 0.989247
0.209 0.989247
0.21 0.989247
0.211 0.990783
0.212 0.990783
0.213 0.990783
0.214 0.99232
0.215 0.99232
0.216 0.99232
0.217 0.99232
0.218 0.99232
0.219 0.99232
0.22 0.99232
0.221 0.99232
0.222 0.99232
0.223 0.993856
0.224 0.993856
0.225 0.993856
0.226 0.993856
0.227 0.995392
0.228 0.995392
0.229 0.995392
0.23 0.996928
0.231 0.996928
0.232 0.996928
0.233 0.996928
0.234 0.996928
0.235 0.996928
0.236 0.996928
0.237 0.996928
0.238 0.996928
0.239 0.996928
0.24 0.996928
0.241 0.996928
0.242 0.996928
0.243 0.996928
0.244 0.996928
0.245 0.996928
0.246 0.996928
0.247 0.996928
0.248 0.996928
0.249 0.996928
0.25 0.996928
0.251 0.996928
0.252 0.996928
0.253 0.996928
0.254 0.996928
0.255 0.996928
0.256 0.996928
0.257 0.996928
0.258 0.996928
0.259 0.996928
0.26 0.996928
0.261 0.996928
0.262 0.996928
0.263 0.996928
0.264 0.996928
0.265 0.996928
0.266 0.996928
0.267 0.996928
0.268 0.996928
0.269 0.996928
0.27 0.996928
0.271 0.996928
0.272 0.996928
0.273 0.996928
0.274 0.996928
0.275 0.996928
0.276 0.996928
0.277 0.996928
0.278 0.996928
0.279 0.996928
0.28 0.996928
0.281 0.996928
0.282 0.996928
0.283 0.996928
0.284 0.996928
0.285 0.996928
0.286 0.996928
0.287 0.996928
0.288 0.996928
0.289 0.998464
0.29 0.998464
0.291 0.998464
0.292 0.998464
0.293 0.998464
0.294 0.998464
0.295 0.998464
0.296 0.998464
0.297 0.998464
0.298 0.998464
0.299 0.998464
0.3 0.998464
0.301 0.998464
0.302 0.998464
0.303 0.998464
0.304 0.998464
0.305 0.998464
0.306 0.998464
0.307 0.998464
0.308 0.998464
0.309 0.998464
0.31 0.998464
0.311 0.998464
0.312 0.998464
0.313 0.998464
0.314 0.998464
0.315 0.998464
0.316 0.998464
0.317 0.998464
0.318 0.998464
0.319 0.998464
0.32 0.998464
0.321 0.998464
0.322 0.998464
0.323 0.998464
0.324 0.998464
0.325 0.998464
0.326 0.998464
0.327 0.998464
0.328 0.998464
0.329 0.998464
0.33 0.998464
0.331 0.998464
0.332 0.998464
0.333 0.998464
0.334 0.998464
0.335 0.998464
0.336 0.998464
0.337 0.998464
0.338 0.998464
0.339 0.998464
0.34 0.998464
0.341 0.998464
0.342 0.998464
0.343 0.998464
0.344 0.998464
0.345 0.998464
0.346 0.998464
0.347 0.998464
0.348 0.998464
0.349 0.998464
0.35 0.998464
0.351 0.998464
0.352 0.998464
0.353 0.998464
0.354 0.998464
0.355 0.998464
0.356 0.998464
0.357 0.998464
0.358 0.998464
0.359 0.998464
0.36 0.998464
0.361 0.998464
0.362 0.998464
0.363 0.998464
0.364 0.998464
0.365 0.998464
0.366 0.998464
0.367 0.998464
0.368 0.998464
0.369 0.998464
0.37 0.998464
0.371 0.998464
0.372 0.998464
0.373 0.998464
0.374 1
0.375 1
0.376 1
0.377 1
0.378 1
0.379 1
0.38 1
0.381 1
0.382 1
0.383 1
0.384 1
0.385 1
0.386 1
0.387 1
0.388 1
0.389 1
0.39 1
0.391 1
0.392 1
0.393 1
0.394 1
0.395 1
0.396 1
0.397 1
0.398 1
0.399 1
0.4 1
