400
0 0
0.001 0.00750469
0.002 0.0131332
0.003 0.0187617
0.004 0.0262664
0.005 0.0375235
0.006 0.043152
0.007 0.0487805
0.008 0.0562852
0.009 0.0619137
0.01 0.0637899
0.011 0.0712946
0.012 0.0787992
0.013 0.0844278
0.014 0.0919325
0.015 0.0994371
0.016 0.105066
0.017 0.114447
0.018 0.123827
0.019 0.135084
0.02 0.138837
0.021 0.146341
0.022 0.155722
0.023 0.163227
0.024 0.170732
0.025 0.19137
0.026 0.198874
0.027 0.20075
0.028 0.210131
0.029 0.210131
0.03 0.21576
0.031 0.219512
0.032 0.225141
0.033 0.227017
0.034 0.236398
0.035 0.24015
0.036 0.249531
0.037 0.257036
0.038 0.260788
0.039 0.268293
0.04 0.270169
0.041 0.277674
0.042 0.281426
0.043 0.294559
0.044 0.307692
0.045 0.318949
0.046 0.324578
0.047 0.32833
0.048 0.332083
0.049 0.337711
0.05 0.339587
0.051 0.348968
0.052 0.360225
0.053 0.371482
0.054 0.382739
0.055 0.393996
0.056 0.401501
0.057 0.407129
0.058 0.410882
0.059 0.41651
0.06 0.424015
0.061 0.427767
0.062 0.43152
0.063 0.437148
0.064 0.440901
0.065 0.450281
0.066 0.45591
0.067 0.461538
0.068 0.469043
0.069 0.484053
0.07 0.485929
0.071 0.49531
0.072 0.50469
0.073 0.510319
0.074 0.517824
0.075 0.5197
0.076 0.530957
0.077 0.538462
0.078 0.542214
0.079 0.547842
0.08 0.551595
0.081 0.562852
0.082 0.566604
0.083 0.574109
0.084 0.579737
0.085 0.589118
0.086 0.594747
0.087 0.604128
0.088 0.611632
0.089 0.617261
0.09 0.628518
0.091 0.639775
0.092 0.651032
0.093 0.658537
0.094 0.662289
0.095 0.67167
0.096 0.675422
0.097 0.688555
0.098 0.701689
0.099 0.705441
0.1 0.712946
0.101 0.722326
0.102 0.731707
0.103 0.73546
0.104 0.744841
0.105 0.754221
0.106 0.771107
0.107 0.771107
0.108 0.78424
0.109 0.787992
0.11 0.787992
0.111 0.79925
0.112 0.803002
0.113 0.806754
0.114 0.812383
0.115 0.82364
0.116 0.831144
0.117 0.840525
0.118 0.842401
0.119 0.853659
0.12 0.861163
0.121 0.868668
0.122 0.87242
0.123 0.878049
0.124 0.883677
0.125 0.883677
0.126 0.88743
0.127 0.889306
0.128 0.896811
0.129 0.902439
0.13 0.906191
0.131 0.91182
0.132 0.913696
0.133 0.915572
0.134 0.917448
0.135 0.924953
0.136 0.926829
0.137 0.930582
0.138 0.934334
0.139 0.93621
0.14 0.93621
0.141 0.938086
0.142 0.941839
0.143 0.943715
0.144 0.945591
0.145 0.947467
0.146 0.95122
0.147 0.954972
0.148 0.954972
0.149 0.954972
0.15 0.954972
0.151 0.958724
0.152 0.958724
0.153 0.958724
0.154 0.958724
0.155 0.958724
0.156 0.958724
0.157 0.9606
0.158 0.962477
0.159 0.962477
0.16 0.962477
0.161 0.962477
0.162 0.962477
0.163 0.964353
0.164 0.964353
0.165 0.964353
0.166 0.966229
0.167 0.968105
0.168 0.969981
0.169 0.969981
0.17 0.969981
0.171 0.969981
0.172 0.969981
0.173 0.971857
0.174 0.971857
0.175 0.971857
0.176 0.971857
0.177 0.97561
0.178 0.97561
0.179 0.97561
0.18 0.977486
0.181 0.977486
0.182 0.977486
0.183 0.979362
0.184 0.981238
0.185 0.981238
0.186 0.981238
0.187 0.981238
0.188 0.981238
0.189 0.983114
0.19 0.983114
0.191 0.983114
0.192 0.986867
0.193 0.986867
0.194 0.986867
0.195 0.986867
0.196 0.986867
0.197 0.986867
0.198 0.988743
0.199 0.988743
0.2 0.988743
0.201 0.988743
0.202 0.988743
0.203 0.988743
0.204 0.988743
0.205 0.988743
0.206 0.988743
0.207 0.988743
0.208 0.988743
0.209 0.988743
0.21 0.988743
0.211 0.990619
0.212 0.990619
0.213 0.990619
0.214 0.990619
0.215 0.990619
0.216 0.990619
0.217 0.990619
0.218 0.990619
0.219 0.990619
0.22 0.990619
0.221 0.990619
0.222 0.990619
0.223 0.990619
0.224 0.990619
0.225 0.990619
0.226 0.990619
0.227 0.990619
0.228 0.990619
0.229 0.990619
0.23 0.990619
0.231 0.990619
0.232 0.992495
0.233 0.992495
0.234 0.992495
0.235 0.992495
0.236 0.992495
0.237 0.992495
0.238 0.992495
0.239 0.992495
0.24 0.992495
0.241 0.992495
0.242 0.992495
0.243 0.992495
0.244 0.992495
0.245 0.992495
0.246 0.992495
0.247 0.992495
0.248 0.992495
0.249 0.992495
0.25 0.992495
0.251 0.992495
0.252 0.992495
0.253 0.992495
0.254 0.992495
0.255 0.992495
0.256 0.992495
0.257 0.992495
0.258 0.992495
0.259 0.992495
0.26 0.992495
0.261 0.992495
0.262 0.992495
0.263 0.994371
0.264 0.994371
0.265 0.994371
0.266 0.994371
0.267 0.994371
0.268 0.994371
0.269 0.994371
0.27 0.994371
0.271 0.994371
0.272 0.994371
0.273 0.994371
0.274 0.994371
0.275 0.994371
0.276 0.994371
0.277 0.994371
0.278 0.994371
0.279 0.994371
0.28 0.994371
0.281 0.994371
0.282 0.994371
0.283 0.994371
0.284 0.994371
0.285 0.994371
0.286 0.994371
0.287 0.994371
0.288 0.994371
0.289 0.994371
0.29 0.994371
0.291 0.996248
0.292 0.996248
0.293 0.996248
0.294 0.996248
0.295 0.996248
0.296 0.996248
0.297 0.996248
0.298 0.996248
0.299 0.996248
0.3 0.996248
0.301 0.996248
0.302 0.996248
0.303 0.996248
0.304 0.996248
0.305 0.996248
0.306 0.996248
0.307 0.996248
0.308 0.996248
0.309 0.996248
0.31 0.996248
0.311 0.996248
0.312 0.996248
0.313 0.996248
0.314 0.998124
0.315 0.998124
0.316 0.998124
0.317 0.998124
0.318 0.998124
0.319 0.998124
0.32 0.998124
0.321 0.998124
0.322 0.998124
0.323 0.998124
0.324 0.998124
0.325 0.998124
0.326 0.998124
0.327 0.998124
0.328 0.998124
0.329 0.998124
0.33 0.998124
0.331 0.998124
0.332 0.998124
0.333 0.998124
0.334 0.998124
0.335 0.998124
0.336 1
0.337 1
0.338 1
0.339 1
0.34 1
0.341 1
0.342 1
0.343 1
0.344 1
0.345 1
0.346 1
0.347 1
0.348 1
0.349 1
0.35 1
0.351 1
0.352 1
0.353 1
0.354 1
0.355 1
0.356 1
0.357 1
0.358 1
0.359 1
0.36 1
0.361 1
0.362 1
0.363 1
0.364 1
0.365 1
0.366 1
0.367 1
0.368 1
0.369 1
0.37 1
0.371 1
0.372 1
0.373 1
0.374 1
0.375 1
0.376 1
0.377 1
0.378 1
0.379 1
0.38 1
0.381 1
0.382 1
0.383 1
0.384 1
0.385 1
0.386 1
0.387 1
0.388 1
0.389 1
0.39 1
0.391 1
0.392 1
0.393 1
0.394 1
0.395 1
0.396 1
0.397 1
0.398 1
0.399 1
0.4 1
