400
0 0
0.001 0.00732601
0.002 0.014652
0.003 0.018315
0.004 0.018315
0.005 0.02442
0.006 0.028083
0.007 0.037851
0.008 0.037851
0.009 0.039072
0.01 0.043956
0.011 0.047619
0.012 0.0525031
0.013 0.0561661
0.014 0.0586081
0.015 0.0647131
0.016 0.0647131
0.017 0.0647131
0.018 0.0683761
0.019 0.0720391
0.02 0.0781441
0.021 0.0805861
0.022 0.0842491
0.023 0.0879121
0.024 0.0915751
0.025 0.0952381
0.026 0.0976801
0.027 0.100122
0.028 0.106227
0.029 0.112332
0.03 0.115995
0.031 0.120879
0.032 0.124542
0.033 0.125763
0.034 0.125763
0.035 0.125763
0.036 0.130647
0.037 0.133089
0.038 0.139194
0.039 0.141636
0.04 0.144078
0.041 0.148962
0.042 0.151404
0.043 0.152625
0.044 0.155067
0.045 0.156288
0.046 0.161172
0.047 0.164835
0.048 0.17094
0.049 0.17094
0.05 0.174603
0.051 0.178266
0.052 0.179487
0.053 0.18315
0.054 0.189255
0.055 0.194139
0.056 0.194139
0.057 0.19536
0.058 0.199023
0.059 0.201465
0.06 0.205128
0.061 0.212454
0.062 0.214896
0.063 0.218559
0.064 0.222222
0.065 0.225885
0.066 0.23199
0.067 0.233211
0.068 0.239316
0.069 0.2442
0.07 0.245421
0.071 0.246642
0.072 0.249084
0.073 0.251526
0.074 0.253968
0.075 0.257631
0.076 0.260073
0.077 0.263736
0.078 0.271062
0.079 0.271062
0.08 0.272283
0.081 0.274725
0.082 0.277167
0.083 0.28083
0.084 0.285714
0.085 0.289377
0.086 0.290598
0.087 0.295482
0.088 0.300366
0.089 0.30525
0.09 0.307692
0.091 0.311355
0.092 0.315018
0.093 0.316239
0.094 0.316239
0.095 0.318681
0.096 0.321123
0.097 0.322344
0.098 0.327228
0.099 0.32967
0.1 0.334554
0.101 0.338217
0.102 0.340659
0.103 0.34188
0.104 0.344322
0.105 0.346764
0.106 0.349206
0.107 0.351648
0.108 0.352869
0.109 0.356532
0.11 0.358974
0.111 0.362637
0.112 0.368742
0.113 0.377289
0.114 0.380952
0.115 0.380952
0.116 0.387057
0.117 0.39072
0.118 0.396825
0.119 0.398046
0.12 0.40293
0.121 0.411477
0.122 0.412698
0.123 0.418803
0.124 0.422466
0.125 0.424908
0.126 0.424908
0.127 0.426129
0.128 0.429792
0.129 0.431013
0.13 0.431013
0.131 0.432234
0.132 0.434676
0.133 0.438339
0.134 0.43956
0.135 0.443223
0.136 0.449328
0.137 0.454212
0.138 0.457875
0.139 0.459096
0.14 0.460317
0.141 0.46398
0.142 0.467643
0.143 0.468864
0.144 0.472527
0.145 0.474969
0.146 0.478632
0.147 0.481074
0.148 0.487179
0.149 0.4884
0.15 0.495727
0.151 0.495727
0.152 0.498169
0.153 0.49939
0.154 0.503053
0.155 0.507937
0.156 0.512821
0.157 0.515263
0.158 0.517705
0.159 0.521368
0.16 0.522589
0.161 0.527473
0.162 0.529915
0.163 0.534799
0.164 0.534799
0.165 0.53602
0.166 0.53602
0.167 0.538462
0.168 0.544567
0.169 0.54823
0.17 0.550672
0.171 0.551893
0.172 0.551893
0.173 0.555556
0.174 0.556777
0.175 0.56044
0.176 0.561661
0.177 0.565324
0.178 0.565324
0.179 0.566545
0.18 0.570208
0.181 0.57265
0.182 0.575092
0.183 0.576313
0.184 0.581197
0.185 0.583639
0.186 0.586081
0.187 0.587302
0.188 0.590965
0.189 0.593407
0.19 0.594628
0.191 0.595849
0.192 0.599512
0.193 0.603175
0.194 0.608059
0.195 0.612943
0.196 0.614164
0.197 0.617827
0.198 0.619048
0.199 0.619048
0.2 0.62149
0.201 0.622711
0.202 0.623932
0.203 0.626374
0.204 0.628816
0.205 0.6337
0.206 0.636142
0.207 0.636142
0.208 0.637363
0.209 0.638584
0.21 0.642247
0.211 0.644689
0.212 0.647131
0.213 0.648352
0.214 0.653236
0.215 0.656899
0.216 0.659341
0.217 0.664225
0.218 0.664225
0.219 0.666667
0.22 0.666667
0.221 0.667888
0.222 0.67033
0.223 0.676435
0.224 0.676435
0.225 0.678877
0.226 0.678877
0.227 0.680098
0.228 0.681319
0.229 0.68254
0.23 0.684982
0.231 0.686203
0.232 0.686203
0.233 0.687424
0.234 0.692308
0.235 0.693529
0.236 0.700855
0.237 0.705739
0.238 0.710623
0.239 0.713065
0.24 0.714286
0.241 0.714286
0.242 0.71917
0.243 0.721612
0.244 0.721612
0.245 0.722833
0.246 0.724054
0.247 0.727717
0.248 0.730159
0.249 0.735043
0.25 0.738706
0.251 0.744811
0.252 0.747253
0.253 0.752137
0.254 0.753358
0.255 0.754579
0.256 0.754579
0.257 0.757021
0.258 0.758242
0.259 0.763126
0.26 0.766789
0.261 0.76801
0.262 0.770452
0.263 0.772894
0.264 0.774115
0.265 0.776557
0.266 0.777778
0.267 0.778999
0.268 0.78022
0.269 0.786325
0.27 0.788767
0.271 0.79243
0.272 0.794872
0.273 0.797314
0.274 0.797314
0.275 0.798535
0.276 0.803419
0.277 0.805861
0.278 0.807082
0.279 0.807082
0.28 0.809524
0.281 0.809524
0.282 0.810745
0.283 0.813187
0.284 0.814408
0.285 0.814408
0.286 0.815629
0.287 0.815629
0.288 0.81685
0.289 0.81685
0.29 0.819292
0.291 0.820513
0.292 0.821734
0.293 0.822955
0.294 0.822955
0.295 0.824176
0.296 0.826618
0.297 0.832723
0.298 0.833944
0.299 0.833944
0.3 0.833944
0.301 0.836386
0.302 0.836386
0.303 0.838828
0.304 0.842491
0.305 0.844933
0.306 0.847375
0.307 0.847375
0.308 0.847375
0.309 0.847375
0.31 0.848596
0.311 0.848596
0.312 0.848596
0.313 0.851038
0.314 0.855922
0.315 0.855922
0.316 0.857143
0.317 0.857143
0.318 0.859585
0.319 0.862027
0.32 0.864469
0.321 0.866911
0.322 0.869353
0.323 0.869353
0.324 0.870574
0.325 0.873016
0.326 0.874237
0.327 0.875458
0.328 0.880342
0.329 0.881563
0.33 0.881563
0.331 0.882784
0.332 0.882784
0.333 0.882784
0.334 0.886447
0.335 0.888889
0.336 0.888889
0.337 0.891331
0.338 0.892552
0.339 0.894994
0.34 0.897436
0.341 0.898657
0.342 0.899878
0.343 0.899878
0.344 0.90232
0.345 0.904762
0.346 0.905983
0.347 0.905983
0.348 0.905983
0.349 0.905983
0.35 0.910867
0.351 0.91453
0.352 0.916972
0.353 0.918193
0.354 0.919414
0.355 0.921856
0.356 0.924298
0.357 0.924298
0.358 0.925519
0.359 0.92674
0.36 0.929182
0.361 0.932845
0.362 0.935287
0.363 0.936508
0.364 0.936508
0.365 0.937729
0.366 0.937729
0.367 0.937729
0.368 0.93895
0.369 0.940171
0.37 0.942613
0.371 0.943834
0.372 0.945055
0.373 0.945055
0.374 0.948718
0.375 0.952381
0.376 0.953602
0.377 0.953602
0.378 0.956044
0.379 0.959707
0.38 0.959707
0.381 0.962149
0.382 0.962149
0.383 0.965812
0.384 0.965812
0.385 0.970696
0.386 0.970696
0.387 0.97558
0.388 0.980464
0.389 0.984127
0.39 0.985348
0.391 0.986569
0.392 0.986569
0.393 0.98779
0.394 0.990232
0.395 0.990232
0.396 0.992674
0.397 0.993895
0.398 0.995116
0.399 1
0.4 1
