400
0 0
0.001 0.00767544
0.002 0.0142544
0.003 0.0296053
0.004 0.0372807
0.005 0.0449561
0.006 0.0515351
0.007 0.058114
0.008 0.060307
0.009 0.0690789
0.01 0.0745614
0.011 0.0778509
0.012 0.0833333
0.013 0.0910088
0.014 0.0964912
0.015 0.105263
0.016 0.109649
0.017 0.115132
0.018 0.127193
0.019 0.132675
0.02 0.141447
0.021 0.149123
0.022 0.162281
0.023 0.16557
0.024 0.171053
0.025 0.177632
0.026 0.180921
0.027 0.190789
0.028 0.201754
0.029 0.212719
0.03 0.218202
0.031 0.220395
0.032 0.225877
0.033 0.234649
0.034 0.239035
0.035 0.247807
0.036 0.258772
0.037 0.263158
0.038 0.273026
0.039 0.286184
0.04 0.29386
0.041 0.303728
0.042 0.313596
0.043 0.322368
0.044 0.324561
0.045 0.330044
0.046 0.337719
0.047 0.343202
0.048 0.349781
0.049 0.359649
0.05 0.369518
0.051 0.375
0.052 0.383772
0.053 0.388158
0.054 0.400219
0.055 0.405702
0.056 0.414474
0.057 0.416667
0.058 0.423246
0.059 0.433114
0.06 0.442982
0.061 0.448465
0.062 0.453947
0.063 0.458333
0.064 0.471491
0.065 0.48136
0.066 0.489035
0.067 0.496711
0.068 0.504386
0.069 0.513158
0.07 0.520833
0.071 0.529605
0.072 0.537281
0.073 0.54386
0.074 0.546053
0.075 0.553728
0.076 0.560307
0.077 0.570175
0.078 0.574561
0.079 0.582237
0.08 0.585526
0.081 0.594298
0.082 0.601974
0.083 0.607456
0.084 0.610746
0.085 0.615132
0.086 0.622807
0.087 0.628289
0.088 0.631579
0.089 0.634868
0.09 0.641447
0.091 0.652412
0.092 0.662281
0.093 0.667763
0.094 0.674342
0.095 0.686404
0.096 0.692982
0.097 0.699561
0.098 0.703947
0.099 0.713816
0.1 0.718202
0.101 0.725877
0.102 0.735746
0.103 0.744518
0.104 0.75
0.105 0.756579
0.106 0.763158
0.107 0.77193
0.108 0.778509
0.109 0.785088
0.11 0.789474
0.111 0.79386
0.112 0.801535
0.113 0.810307
0.114 0.817982
0.115 0.824561
0.116 0.827851
0.117 0.837719
0.118 0.848684
0.119 0.857456
0.12 0.862939
0.121 0.866228
0.122 0.872807
0.123 0.880482
0.124 0.887061
0.125 0.899123
0.126 0.903509
0.127 0.914474
0.128 0.919956
0.129 0.922149
0.13 0.929825
0.131 0.933114
0.132 0.941886
0.133 0.948465
0.134 0.950658
0.135 0.952851
0.136 0.960526
0.137 0.969298
0.138 0.971491
0.139 0.972588
0.14 0.972588
0.141 0.974781
0.142 0.975877
0.143 0.975877
0.144 0.975877
0.145 0.979167
0.146 0.979167
0.147 0.98136
0.148 0.982456
0.149 0.982456
0.15 0.983553
0.151 0.983553
0.152 0.983553
0.153 0.983553
0.154 0.984649
0.155 0.984649
0.156 0.985746
0.157 0.985746
0.158 0.985746
0.159 0.985746
0.16 0.985746
0.161 0.985746
0.162 0.985746
0.163 0.986842
0.164 0.986842
0.165 0.986842
0.166 0.986842
0.167 0.986842
0.168 0.986842
0.169 0.986842
0.17 0.986842
0.171 0.986842
0.172 0.986842
0.173 0.986842
0.174 0.986842
0.175 0.986842
0.176 0.986842
0.177 0.986842
0.178 0.986842
0.179 0.987939
0.18 0.987939
0.181 0.987939
0.182 0.987939
0.183 0.989035
0.184 0.989035
0.185 0.989035
0.186 0.989035
0.187 0.989035
0.188 0.989035
0.189 0.989035
0.19 0.989035
0.191 0.989035
0.192 0.989035
0.193 0.989035
0.194 0.989035
0.195 0.989035
0.196 0.989035
0.197 0.989035
0.198 0.989035
0.199 0.989035
0.2 0.989035
0.201 0.989035
0.202 0.989035
0.203 0.989035
0.204 0.989035
0.205 0.989035
0.206 0.989035
0.207 0.989035
0.208 0.989035
0.209 0.989035
0.21 0.989035
0.211 0.989035
0.212 0.990132
0.213 0.990132
0.214 0.990132
0.215 0.990132
0.216 0.991228
0.217 0.991228
0.218 0.991228
0.219 0.991228
0.22 0.991228
0.221 0.991228
0.222 0.991228
0.223 0.991228
0.224 0.991228
0.225 0.991228
0.226 0.991228
0.227 0.992325
0.228 0.992325
0.229 0.992325
0.23 0.992325
0.231 0.993421
0.232 0.993421
0.233 0.994518
0.234 0.994518
0.235 0.994518
0.236 0.994518
0.237 0.994518
0.238 0.994518
0.239 0.994518
0.24 0.994518
0.241 0.994518
0.242 0.994518
0.243 0.994518
0.244 0.994518
0.245 0.994518
0.246 0.994518
0.247 0.994518
0.248 0.994518
0.249 0.995614
0.25 0.995614
0.251 0.995614
0.252 0.995614
0.253 0.995614
0.254 0.995614
0.255 0.995614
0.256 0.995614
0.257 0.995614
0.258 0.995614
0.259 0.995614
0.26 0.995614
0.261 0.995614
0.262 0.996711
0.263 0.996711
0.264 0.997807
0.265 0.997807
0.266 0.997807
0.267 0.997807
0.268 0.997807
0.269 0.997807
0.27 0.997807
0.271 0.997807
0.272 0.997807
0.273 0.997807
0.274 0.997807
0.275 0.997807
0.276 0.997807
0.277 0.997807
0.278 0.997807
0.279 0.997807
0.28 0.997807
0.281 0.997807
0.282 0.997807
0.283 0.997807
0.284 0.997807
0.285 0.997807
0.286 0.997807
0.287 0.997807
0.288 0.997807
0.289 0.997807
0.29 0.997807
0.291 0.997807
0.292 0.997807
0.293 0.997807
0.294 0.998904
0.295 0.998904
0.296 0.998904
0.297 0.998904
0.298 0.998904
0.299 0.998904
0.3 0.998904
0.301 0.998904
0.302 0.998904
0.303 0.998904
0.304 0.998904
0.305 0.998904
0.306 0.998904
0.307 0.998904
0.308 0.998904
0.309 0.998904
0.31 0.998904
0.311 0.998904
0.312 0.998904
0.313 0.998904
0.314 0.998904
0.315 0.998904
0.316 0.998904
0.317 0.998904
0.318 0.998904
0.319 0.998904
0.32 0.998904
0.321 0.998904
0.322 0.998904
0.323 0.998904
0.324 1
0.325 1
0.326 1
0.327 1
0.328 1
0.329 1
0.33 1
0.331 1
0.332 1
0.333 1
0.334 1
0.335 1
0.336 1
0.337 1
0.338 1
0.339 1
0.34 1
0.341 1
0.342 1
0.343 1
0.344 1
0.345 1
0.346 1
0.347 1
0.348 1
0.349 1
0.35 1
0.351 1
0.352 1
0.353 1
0.354 1
0.355 1
0.356 1
0.357 1
0.358 1
0.359 1
0.36 1
0.361 1
0.362 1
0.363 1
0.364 1
0.365 1
0.366 1
0.367 1
0.368 1
0.369 1
0.37 1
0.371 1
0.372 1
0.373 1
0.374 1
0.375 1
0.376 1
0.377 1
0.378 1
0.379 1
0.38 1
0.381 1
0.382 1
0.383 1
0.384 1
0.385 1
0.386 1
0.387 1
0.388 1
0.389 1
0.39 1
0.391 1
0.392 1
0.393 1
0.394 1
0.395 1
0.396 1
0.397 1
0.398 1
0.399 1
0.4 1
