400
0 0
0.001 0.00825593
0.002 0.0154799
0.003 0.0257998
0.004 0.0309598
0.005 0.0412797
0.006 0.0474716
0.007 0.0557276
0.008 0.0670795
0.009 0.0753354
0.01 0.0784314
0.011 0.0815273
0.012 0.0866873
0.013 0.0939113
0.014 0.103199
0.015 0.109391
0.016 0.115583
0.017 0.121775
0.018 0.126935
0.019 0.136223
0.02 0.144479
0.021 0.148607
0.022 0.153767
0.023 0.160991
0.024 0.165119
0.025 0.172343
0.026 0.185759
0.027 0.189886
0.028 0.19711
0.029 0.205366
0.03 0.209494
0.031 0.216718
0.032 0.223942
0.033 0.23323
0.034 0.236326
0.035 0.244582
0.036 0.252838
0.037 0.257998
0.038 0.261094
0.039 0.270382
0.04 0.276574
0.041 0.28483
0.042 0.293086
0.043 0.301342
0.044 0.30547
0.045 0.313725
0.046 0.324045
0.047 0.329205
0.048 0.332301
0.049 0.334365
0.05 0.342621
0.051 0.347781
0.052 0.353973
0.053 0.362229
0.054 0.369453
0.055 0.374613
0.056 0.383901
0.057 0.394221
0.058 0.404541
0.059 0.412797
0.06 0.420021
0.061 0.424149
0.062 0.428277
0.063 0.439628
0.064 0.443756
0.065 0.45098
0.066 0.45614
0.067 0.4613
0.068 0.463364
0.069 0.475748
0.07 0.48194
0.071 0.495356
0.072 0.504644
0.073 0.513932
0.074 0.520124
0.075 0.526316
0.076 0.53354
0.077 0.542828
0.078 0.556244
0.079 0.562436
0.08 0.565531
0.081 0.575851
0.082 0.581011
0.083 0.590299
0.084 0.595459
0.085 0.600619
0.086 0.604747
0.087 0.606811
0.088 0.615067
0.089 0.619195
0.09 0.628483
0.091 0.638803
0.092 0.652219
0.093 0.656347
0.094 0.661507
0.095 0.663571
0.096 0.668731
0.097 0.673891
0.098 0.676987
0.099 0.685243
0.1 0.693498
0.101 0.703818
0.102 0.706914
0.103 0.713106
0.104 0.72033
0.105 0.731682
0.106 0.739938
0.107 0.747162
0.108 0.759546
0.109 0.765738
0.11 0.770898
0.111 0.779154
0.112 0.78741
0.113 0.789474
0.114 0.796698
0.115 0.803922
0.116 0.811146
0.117 0.819401
0.118 0.828689
0.119 0.832817
0.12 0.846233
0.121 0.855521
0.122 0.862745
0.123 0.866873
0.124 0.871001
0.125 0.876161
0.126 0.885449
0.127 0.890609
0.128 0.895769
0.129 0.900929
0.13 0.902993
0.131 0.909185
0.132 0.914345
0.133 0.921569
0.134 0.925697
0.135 0.930857
0.136 0.933953
0.137 0.936017
0.138 0.940144
0.139 0.944272
0.14 0.949432
0.141 0.954592
0.142 0.954592
0.143 0.964912
0.144 0.965944
0.145 0.966976
0.146 0.970072
0.147 0.9742
0.148 0.975232
0.149 0.975232
0.15 0.976264
0.151 0.978328
0.152 0.978328
0.153 0.97936
0.154 0.980392
0.155 0.981424
0.156 0.982456
0.157 0.982456
0.158 0.982456
0.159 0.982456
0.16 0.983488
0.161 0.985552
0.162 0.985552
0.163 0.985552
0.164 0.985552
0.165 0.985552
0.166 0.985552
0.167 0.986584
0.168 0.987616
0.169 0.987616
0.17 0.987616
0.171 0.987616
0.172 0.987616
0.173 0.987616
0.174 0.987616
0.175 0.987616
0.176 0.987616
0.177 0.987616
0.178 0.987616
0.179 0.987616
0.18 0.987616
0.181 0.987616
0.182 0.987616
0.183 0.987616
0.184 0.988648
0.185 0.988648
0.186 0.988648
0.187 0.988648
0.188 0.988648
0.189 0.988648
0.19 0.988648
0.191 0.98968
0.192 0.98968
0.193 0.990712
0.194 0.990712
0.195 0.990712
0.196 0.990712
0.197 0.990712
0.198 0.990712
0.199 0.990712
0.2 0.990712
0.201 0.990712
0.202 0.990712
0.203 0.990712
0.204 0.990712
0.205 0.990712
0.206 0.990712
0.207 0.990712
0.208 0.990712
0.209 0.990712
0.21 0.990712
0.211 0.990712
0.212 0.990712
0.213 0.990712
0.214 0.990712
0.215 0.990712
0.216 0.990712
0.217 0.990712
0.218 0.991744
0.219 0.991744
0.22 0.991744
0.221 0.991744
0.222 0.991744
0.223 0.991744
0.224 0.991744
0.225 0.991744
0.226 0.991744
0.227 0.992776
0.228 0.992776
0.229 0.992776
0.23 0.992776
0.231 0.992776
0.232 0.992776
0.233 0.992776
0.234 0.992776
0.235 0.992776
0.236 0.992776
0.237 0.992776
0.238 0.992776
0.239 0.992776
0.24 0.992776
0.241 0.992776
0.242 0.992776
0.243 0.992776
0.244 0.992776
0.245 0.992776
0.246 0.992776
0.247 0.992776
0.248 0.992776
0.249 0.992776
0.25 0.992776
0.251 0.993808
0.252 0.993808
0.253 0.993808
0.254 0.99484
0.255 0.99484
0.256 0.99484
0.257 0.99484
0.258 0.99484
0.259 0.99484
0.26 0.995872
0.261 0.995872
0.262 0.995872
0.263 0.995872
0.264 0.995872
0.265 0.995872
0.266 0.995872
0.267 0.995872
0.268 0.995872
0.269 0.995872
0.27 0.995872
0.271 0.995872
0.272 0.995872
0.273 0.995872
0.274 0.995872
0.275 0.995872
0.276 0.995872
0.277 0.995872
0.278 0.995872
0.279 0.995872
0.28 0.995872
0.281 0.995872
0.282 0.996904
0.283 0.996904
0.284 0.996904
0.285 0.996904
0.286 0.996904
0.287 0.996904
0.288 0.996904
0.289 0.996904
0.29 0.996904
0.291 0.996904
0.292 0.996904
0.293 0.997936
0.294 0.997936
0.295 0.997936
0.296 0.997936
0.297 0.997936
0.298 0.997936
0.299 0.997936
0.3 0.997936
0.301 0.997936
0.302 0.997936
0.303 0.997936
0.304 0.997936
0.305 0.997936
0.306 0.997936
0.307 0.997936
0.308 0.997936
0.309 0.997936
0.31 0.998968
0.311 0.998968
0.312 0.998968
0.313 0.998968
0.314 0.998968
0.315 0.998968
0.316 0.998968
0.317 0.998968
0.318 0.998968
0.319 0.998968
0.32 0.998968
0.321 0.998968
0.322 0.998968
0.323 0.998968
0.324 0.998968
0.325 0.998968
0.326 0.998968
0.327 0.998968
0.328 0.998968
0.329 0.998968
0.33 0.998968
0.331 0.998968
0.332 0.998968
0.333 0.998968
0.334 0.998968
0.335 0.998968
0.336 0.998968
0.337 0.998968
0.338 0.998968
0.339 0.998968
0.34 0.998968
0.341 0.998968
0.342 0.998968
0.343 0.998968
0.344 0.998968
0.345 0.998968
0.346 0.998968
0.347 0.998968
0.348 0.998968
0.349 0.998968
0.35 0.998968
0.351 0.998968
0.352 0.998968
0.353 0.998968
0.354 0.998968
0.355 0.998968
0.356 0.998968
0.357 0.998968
0.358 0.998968
0.359 0.998968
0.36 0.998968
0.361 0.998968
0.362 0.998968
0.363 1
0.364 1
0.365 1
0.366 1
0.367 1
0.368 1
0.369 1
0.37 1
0.371 1
0.372 1
0.373 1
0.374 1
0.375 1
0.376 1
0.377 1
0.378 1
0.379 1
0.38 1
0.381 1
0.382 1
0.383 1
0.384 1
0.385 1
0.386 1
0.387 1
0.388 1
0.389 1
0.39 1
0.391 1
0.392 1
0.393 1
0.394 1
0.395 1
0.396 1
0.397 1
0.398 1
0.399 1
0.4 1
