400
0.001 0.00684932
0.002 0.0123055
0.003 0.0183422
0.004 0.0253076
0.005 0.0315765
0.006 0.0364523
0.007 0.0423729
0.008 0.0487578
0.009 0.0559554
0.01 0.0633852
0.011 0.0701184
0.012 0.0766195
0.013 0.083817
0.014 0.091479
0.015 0.0963548
0.016 0.103436
0.017 0.110053
0.018 0.117483
0.019 0.125261
0.02 0.132807
0.021 0.139308
0.022 0.147434
0.023 0.15498
0.024 0.162062
0.025 0.168098
0.026 0.174367
0.027 0.181681
0.028 0.189111
0.029 0.194915
0.03 0.201068
0.031 0.207569
0.032 0.214302
0.033 0.220223
0.034 0.228697
0.035 0.235547
0.036 0.243209
0.037 0.249245
0.038 0.255746
0.039 0.261667
0.04 0.267239
0.041 0.274785
0.042 0.281983
0.043 0.288948
0.044 0.295449
0.045 0.303459
0.046 0.309844
0.047 0.316345
0.048 0.324007
0.049 0.330044
0.05 0.337474
0.051 0.345136
0.052 0.351985
0.053 0.359763
0.054 0.366264
0.055 0.373694
0.056 0.380079
0.057 0.387277
0.058 0.393313
0.059 0.399234
0.06 0.40469
0.061 0.411423
0.062 0.417808
0.063 0.424193
0.064 0.432203
0.065 0.438821
0.066 0.444277
0.067 0.450778
0.068 0.458672
0.069 0.465289
0.07 0.473299
0.071 0.480961
0.072 0.487811
0.073 0.49524
0.074 0.502554
0.075 0.509635
0.076 0.516717
0.077 0.523566
0.078 0.529719
0.079 0.536801
0.08 0.544811
0.081 0.550035
0.082 0.558161
0.083 0.565243
0.084 0.572788
0.085 0.581495
0.086 0.589273
0.087 0.596471
0.088 0.60274
0.089 0.609821
0.09 0.617251
0.091 0.625609
0.092 0.631646
0.093 0.638844
0.094 0.645809
0.095 0.652658
0.096 0.659508
0.097 0.667402
0.098 0.674367
0.099 0.683771
0.1 0.692245
0.101 0.699559
0.102 0.705828
0.103 0.713606
0.104 0.720803
0.105 0.72893
0.106 0.735779
0.107 0.742744
0.108 0.749942
0.109 0.756559
0.11 0.763641
0.111 0.771303
0.112 0.779197
0.113 0.787207
0.114 0.792663
0.115 0.800557
0.116 0.808219
0.117 0.814372
0.118 0.820757
0.119 0.827954
0.12 0.835036
0.121 0.841769
0.122 0.849083
0.123 0.8557
0.124 0.864639
0.125 0.870211
0.126 0.87648
0.127 0.881936
0.128 0.887044
0.129 0.892501
0.13 0.898305
0.131 0.905851
0.132 0.912468
0.133 0.918621
0.134 0.924309
0.135 0.929533
0.136 0.933945
0.137 0.94091
0.138 0.945205
0.139 0.949501
0.14 0.954028
0.141 0.957279
0.142 0.959949
0.143 0.962851
0.144 0.965057
0.145 0.966682
0.146 0.96854
0.147 0.970629
0.148 0.971906
0.149 0.973183
0.15 0.975041
0.151 0.975505
0.152 0.97713
0.153 0.978059
0.154 0.979104
0.155 0.979916
0.156 0.980961
0.157 0.981774
0.158 0.982354
0.159 0.982935
0.16 0.983167
0.161 0.983631
0.162 0.983747
0.163 0.983747
0.164 0.98398
0.165 0.984212
0.166 0.984328
0.167 0.984444
0.168 0.984792
0.169 0.98514
0.17 0.985257
0.171 0.985257
0.172 0.985257
0.173 0.985489
0.174 0.985605
0.175 0.985605
0.176 0.985605
0.177 0.985605
0.178 0.985721
0.179 0.985837
0.18 0.985953
0.181 0.986069
0.182 0.986069
0.183 0.986301
0.184 0.986417
0.185 0.986534
0.186 0.986534
0.187 0.986534
0.188 0.98665
0.189 0.986998
0.19 0.986998
0.191 0.986998
0.192 0.98723
0.193 0.987346
0.194 0.987462
0.195 0.987694
0.196 0.987694
0.197 0.987694
0.198 0.987811
0.199 0.987811
0.2 0.988043
0.201 0.988159
0.202 0.988159
0.203 0.988159
0.204 0.988159
0.205 0.988159
0.206 0.988739
0.207 0.988739
0.208 0.988739
0.209 0.988739
0.21 0.988855
0.211 0.988971
0.212 0.989204
0.213 0.98932
0.214 0.989552
0.215 0.989784
0.216 0.989784
0.217 0.9899
0.218 0.9899
0.219 0.990132
0.22 0.990132
0.221 0.990132
0.222 0.990132
0.223 0.990248
0.224 0.990248
0.225 0.990713
0.226 0.990713
0.227 0.990713
0.228 0.990829
0.229 0.990945
0.23 0.990945
0.231 0.991061
0.232 0.991061
0.233 0.991061
0.234 0.991061
0.235 0.991293
0.236 0.991409
0.237 0.991525
0.238 0.991642
0.239 0.991758
0.24 0.991874
0.241 0.991874
0.242 0.99199
0.243 0.99199
0.244 0.99199
0.245 0.992106
0.246 0.992222
0.247 0.992222
0.248 0.992222
0.249 0.992222
0.25 0.992222
0.251 0.992222
0.252 0.992338
0.253 0.992338
0.254 0.992338
0.255 0.992338
0.256 0.992802
0.257 0.993151
0.258 0.993267
0.259 0.993615
0.26 0.993615
0.261 0.993847
0.262 0.993963
0.263 0.993963
0.264 0.994079
0.265 0.994079
0.266 0.994079
0.267 0.994079
0.268 0.994079
0.269 0.994079
0.27 0.994312
0.271 0.994428
0.272 0.994544
0.273 0.994544
0.274 0.99466
0.275 0.99466
0.276 0.99466
0.277 0.994892
0.278 0.994892
0.279 0.995008
0.28 0.995124
0.281 0.99524
0.282 0.995589
0.283 0.995937
0.284 0.995937
0.285 0.995937
0.286 0.995937
0.287 0.995937
0.288 0.995937
0.289 0.996285
0.29 0.996401
0.291 0.996633
0.292 0.996633
0.293 0.996982
0.294 0.997098
0.295 0.997098
0.296 0.997098
0.297 0.997098
0.298 0.997214
0.299 0.997214
0.3 0.997214
0.301 0.99733
0.302 0.99733
0.303 0.997446
0.304 0.997562
0.305 0.997678
0.306 0.997678
0.307 0.997678
0.308 0.997794
0.309 0.997794
0.31 0.997794
0.311 0.99791
0.312 0.99791
0.313 0.99791
0.314 0.99791
0.315 0.99791
0.316 0.99791
0.317 0.998143
0.318 0.998259
0.319 0.998491
0.32 0.998491
0.321 0.998491
0.322 0.998491
0.323 0.998491
0.324 0.998491
0.325 0.998491
0.326 0.998491
0.327 0.998723
0.328 0.998723
0.329 0.998723
0.33 0.998723
0.331 0.998723
0.332 0.998839
0.333 0.998839
0.334 0.998839
0.335 0.998839
0.336 0.998839
0.337 0.998839
0.338 0.999071
0.339 0.999071
0.34 0.999071
0.341 0.999071
0.342 0.999071
0.343 0.999071
0.344 0.999071
0.345 0.999071
0.346 0.999071
0.347 0.999187
0.348 0.999187
0.349 0.999303
0.35 0.999303
0.351 0.999303
0.352 0.999303
0.353 0.999303
0.354 0.999303
0.355 0.999303
0.356 0.999303
0.357 0.999303
0.358 0.999303
0.359 0.999303
0.36 0.999303
0.361 0.999303
0.362 0.999303
0.363 0.999303
0.364 0.999303
0.365 0.999303
0.366 0.999303
0.367 0.99942
0.368 0.99942
0.369 0.99942
0.37 0.999536
0.371 0.999652
0.372 0.999652
0.373 0.999652
0.374 0.999652
0.375 0.999768
0.376 0.999768
0.377 0.999768
0.378 0.999768
0.379 0.999768
0.38 0.999768
0.381 0.999768
0.382 0.999884
0.383 1
0.384 1
0.385 1
0.386 1
0.387 1
0.388 1
0.389 1
0.39 1
0.391 1
0.392 1
0.393 1
0.394 1
0.395 1
0.396 1
0.397 1
0.398 1
0.399 1
0.4 1
