-19.9 0
-19.7 0
-19.5 0
-19.3 0
-19.1 0
-18.9 1
-18.7 0
-18.5 0
-18.3 0
-18.1 0
-17.9 0
-17.7 0
-17.5 0
-17.3 0
-17.1 0
-16.9 1
-16.7 0
-16.5 1
-16.3 1
-16.1 1
-15.9 0
-15.7 0
-15.5 0
-15.3 0
-15.1 0
-14.9 0
-14.7 0
-14.5 0
-14.3 0
-14.1 0
-13.9 0
-13.7 1
-13.5 0
-13.3 0
-13.1 0
-12.9 0
-12.7 0
-12.5 0
-12.3 0
-12.1 0
-11.9 0
-11.7 0
-11.5 0
-11.3 0
-11.1 1
-10.9 0
-10.7 1
-10.5 2
-10.3 1
-10.1 3
-9.9 3
-9.7 4
-9.5 4
-9.3 7
-9.1 14
-8.9 15
-8.7 44
-8.5 84
-8.3 142
-8.1 340
-7.9 601
-7.7 1070
-7.5 1955
-7.3 3220
-7.1 4936
-6.9 7580
-6.7 10498
-6.5 14168
-6.3 18752
-6.1 23017
-5.9 27595
-5.7 31408
-5.5 34397
-5.3 37159
-5.1 37795
-4.9 38487
-4.7 37343
-4.5 36291
-4.3 34334
-4.1 32744
-3.9 30910
-3.7 28723
-3.5 27337
-3.3 25705
-3.1 24500
-2.9 23019
-2.7 22370
-2.5 21329
-2.3 20492
-2.1 20646
-1.9 19957
-1.7 19383
-1.5 19337
-1.3 18813
-1.1 18860
-0.9 18719
-0.7 18497
-0.5 18078
-0.3 18066
-0.1 18265
0.1 17760
0.3 17580
0.5 17403
0.7 17504
0.9 17319
1.1 17274
1.3 16840
1.5 16972
1.7 16892
1.9 17092
2.1 16583
2.3 16521
2.5 16668
2.7 16519
2.9 16580
3.1 16325
3.3 16444
3.5 16307
3.7 16427
3.9 16349
4.1 16119
4.3 16013
4.5 16248
4.7 16223
4.9 16086
5.1 15928
5.3 15950
5.5 16002
5.7 15990
5.9 15863
6.1 15973
6.3 15704
6.5 15821
6.7 15803
6.9 15800
7.1 15621
7.3 15844
7.5 15723
7.7 15601
7.9 15616
8.1 15667
8.3 15651
8.5 15589
8.7 15633
8.9 15809
9.1 15697
9.3 15219
9.5 15417
9.7 15550
9.9 15739
10.1 15856
10.3 15542
10.5 15626
10.7 15482
10.9 15394
11.1 15841
11.3 15523
11.5 15583
11.7 15374
11.9 15504
12.1 15495
12.3 15376
12.5 15333
12.7 15305
12.9 15505
13.1 15527
13.3 15243
13.5 15340
13.7 15630
13.9 15391
14.1 15366
14.3 15550
14.5 15388
14.7 15274
14.9 15181
15.1 15169
15.3 15295
15.5 15333
15.7 15205
15.9 15177
16.1 15208
16.3 15259
16.5 15444
16.7 15257
16.9 15291
17.1 15290
17.3 15344
17.5 15321
17.7 15243
17.9 15381
18.1 15441
18.3 15144
18.5 15256
18.7 15405
18.9 15348
19.1 15587
19.3 15418
19.5 15278
19.7 15372
19.9 15226
20.1 15183
20.3 15220
20.5 15435
20.7 15293
20.9 15028
21.1 15641
21.3 15339
21.5 15254
21.7 15156
21.9 15350
22.1 15257
22.3 15326
22.5 15158
22.7 15219
22.9 15070
23.1 15226
23.3 15069
23.5 14901
23.7 15224
23.9 15176
24.1 15223
24.3 14957
24.5 14896
24.7 15122
24.9 15041
25.1 15128
25.3 15075
25.5 15110
25.7 15074
25.9 14929
26.1 15161
26.3 15111
26.5 15036
26.7 15148
26.9 15245
27.1 15189
27.3 15045
27.5 15008
27.7 14943
27.9 15012
28.1 14942
28.3 14924
28.5 15164
28.7 14976
28.9 14959
29.1 15179
29.3 14834
29.5 15022
29.7 14741
29.9 14855
30.1 14912
30.3 15040
30.5 14875
30.7 14983
30.9 14926
31.1 14847
31.3 14858
31.5 14784
31.7 14954
31.9 14602
32.1 15004
32.3 14849
32.5 15040
32.7 14757
32.9 14744
33.1 14848
33.3 14741
33.5 14841
33.7 14791
33.9 14704
34.1 14669
34.3 14838
34.5 14504
34.7 14627
34.9 14667
35.1 14455
35.3 14786
35.5 14443
35.7 14786
35.9 14531
36.1 14582
36.3 14514
36.5 14434
36.7 14475
36.9 14514
37.1 14568
37.3 14612
37.5 14416
37.7 14327
37.9 14321
38.1 14533
38.3 14452
38.5 14262
38.7 14412
38.9 14261
39.1 14405
39.3 14322
39.5 14243
39.7 14365
39.9 14573
40.1 14133
40.3 14425
40.5 14239
40.7 14201
40.9 14171
41.1 14235
41.3 14366
41.5 14211
41.7 14347
41.9 14280
42.1 14016
42.3 14085
42.5 14113
42.7 14114
42.9 14243
43.1 14142
43.3 14188
43.5 14077
43.7 13881
43.9 14050
44.1 13971
44.3 14017
44.5 14287
44.7 14003
44.9 14209
45.1 13922
45.3 14214
45.5 13814
45.7 14150
45.9 13884
46.1 13829
46.3 13832
46.5 14002
46.7 13879
46.9 13912
47.1 13866
47.3 13956
47.5 13725
47.7 13676
47.9 13675
48.1 13495
48.3 13680
48.5 13494
48.7 13265
48.9 13349
49.1 13588
49.3 13330
49.5 13498
49.7 13228
49.9 13204
50.1 13366
50.3 13484
50.5 13386
50.7 13389
50.9 13459
51.1 13091
51.3 13180
51.5 13354
51.7 13331
51.9 13315
52.1 13204
52.3 13245
52.5 13334
52.7 13198
52.9 13125
53.1 13032
53.3 13121
53.5 13171
53.7 12992
53.9 12984
54.1 12834
54.3 12949
54.5 12800
54.7 12842
54.9 13033
55.1 12473
55.3 12693
55.5 12563
55.7 12667
55.9 12672
56.1 12551
56.3 12416
56.5 12332
56.7 12355
56.9 12219
57.1 12199
57.3 12117
57.5 12206
57.7 12043
57.9 11983
58.1 11813
58.3 11662
58.5 11642
58.7 11810
58.9 11491
59.1 11395
59.3 11671
59.5 11257
59.7 11010
59.9 11137
60.1 10947
60.3 11031
60.5 10725
60.7 10560
60.9 10576
61.1 10576
61.3 10346
61.5 10263
61.7 10036
61.9 9877
62.1 9833
62.3 9630
62.5 9537
62.7 9660
62.9 9309
63.1 9119
63.3 9282
63.5 9104
63.7 9192
63.9 9009
64.1 8944
64.3 8745
64.5 8514
64.7 8624
64.9 8434
65.1 8322
65.3 7960
65.5 8164
65.7 7911
65.9 7844
66.1 7693
66.3 7534
66.5 7474
66.7 7186
66.9 7172
67.1 6882
67.3 7026
67.5 6831
67.7 6627
67.9 6595
68.1 6342
68.3 6198
68.5 6054
68.7 5918
68.9 5844
69.1 5672
69.3 5599
69.5 5492
69.7 5354
69.9 5201
70.1 5042
70.3 5015
70.5 5001
70.7 4871
70.9 4528
71.1 4634
71.3 4432
71.5 4281
71.7 4191
71.9 4234
72.1 4247
72.3 4072
72.5 4002
72.7 3902
72.9 3860
73.1 3723
73.3 3595
73.5 3590
73.7 3521
73.9 3515
74.1 3397
74.3 3270
74.5 3235
74.7 3152
74.9 3103
75.1 3041
75.3 3067
75.5 2960
75.7 2973
75.9 2780
76.1 2872
76.3 2938
76.5 2714
76.7 2754
76.9 2645
77.1 2675
77.3 2586
77.5 2562
77.7 2537
77.9 2419
78.1 2396
78.3 2322
78.5 2320
78.7 2305
78.9 2269
79.1 2254
79.3 2178
79.5 2195
79.7 2160
79.9 2081
80.1 2047
80.3 1996
80.5 2091
80.7 1956
80.9 1921
81.1 2007
81.3 1848
81.5 1738
81.7 1763
81.9 1782
82.1 1759
82.3 1747
82.5 1650
82.7 1592
82.9 1610
83.1 1587
83.3 1471
83.5 1418
83.7 1416
83.9 1357
84.1 1329
84.3 1295
84.5 1229
84.7 1273
84.9 1218
85.1 1091
85.3 1125
85.5 1050
85.7 1050
85.9 1069
86.1 999
86.3 979
86.5 910
86.7 901
86.9 829
87.1 859
87.3 773
87.5 826
87.7 796
87.9 720
88.1 743
88.3 706
88.5 661
88.7 656
88.9 693
89.1 655
89.3 601
89.5 583
89.7 646
89.9 587
