-34.9 0
-34.7 0
-34.5 0
-34.3 2
-34.1 1
-33.9 0
-33.7 0
-33.5 1
-33.3 0
-33.1 0
-32.9 1
-32.7 0
-32.5 1
-32.3 0
-32.1 0
-31.9 0
-31.7 1
-31.5 0
-31.3 0
-31.1 0
-30.9 1
-30.7 0
-30.5 1
-30.3 0
-30.1 0
-29.9 1
-29.7 2
-29.5 1
-29.3 1
-29.1 3
-28.9 0
-28.7 1
-28.5 3
-28.3 2
-28.1 1
-27.9 3
-27.7 4
-27.5 4
-27.3 3
-27.1 3
-26.9 2
-26.7 8
-26.5 7
-26.3 6
-26.1 6
-25.9 7
-25.7 8
-25.5 11
-25.3 14
-25.1 11
-24.9 12
-24.7 13
-24.5 12
-24.3 14
-24.1 18
-23.9 15
-23.7 25
-23.5 23
-23.3 17
-23.1 22
-22.9 36
-22.7 39
-22.5 28
-22.3 26
-22.1 31
-21.9 34
-21.7 33
-21.5 38
-21.3 39
-21.1 58
-20.9 46
-20.7 63
-20.5 45
-20.3 68
-20.1 80
-19.9 91
-19.7 71
-19.5 80
-19.3 85
-19.1 96
-18.9 99
-18.7 92
-18.5 125
-18.3 112
-18.1 113
-17.9 142
-17.7 149
-17.5 139
-17.3 157
-17.1 162
-16.9 188
-16.7 177
-16.5 176
-16.3 188
-16.1 169
-15.9 198
-15.7 221
-15.5 219
-15.3 201
-15.1 205
-14.9 238
-14.7 220
-14.5 227
-14.3 269
-14.1 233
-13.9 240
-13.7 276
-13.5 250
-13.3 231
-13.1 242
-12.9 261
-12.7 240
-12.5 279
-12.3 274
-12.1 258
-11.9 256
-11.7 277
-11.5 297
-11.3 268
-11.1 300
-10.9 276
-10.7 262
-10.5 271
-10.3 258
-10.1 278
-9.9 240
-9.7 262
-9.5 271
-9.3 269
-9.1 275
-8.9 254
-8.7 257
-8.5 256
-8.3 234
-8.1 258
-7.9 249
-7.7 238
-7.5 240
-7.3 241
-7.1 242
-6.9 267
-6.7 273
-6.5 244
-6.3 224
-6.1 232
-5.9 220
-5.7 246
-5.5 253
-5.3 237
-5.1 226
-4.9 243
-4.7 229
-4.5 239
-4.3 227
-4.1 250
-3.9 219
-3.7 224
-3.5 206
-3.3 246
-3.1 237
-2.9 207
-2.7 212
-2.5 233
-2.3 223
-2.1 224
-1.9 230
-1.7 213
-1.5 196
-1.3 232
-1.1 197
-0.9 225
-0.7 192
-0.5 220
-0.3 174
-0.1 162
0.1 197
0.3 183
0.5 177
0.7 176
0.9 168
1.1 186
1.3 178
1.5 201
1.7 178
1.9 156
2.1 142
2.3 146
2.5 145
2.7 153
2.9 156
3.1 151
3.3 154
3.5 124
3.7 146
3.9 127
4.1 119
4.3 116
4.5 137
4.7 133
4.9 124
5.1 132
5.3 120
5.5 112
5.7 112
5.9 116
6.1 83
6.3 96
6.5 86
6.7 88
6.9 98
7.1 71
7.3 81
7.5 68
7.7 56
7.9 62
8.1 66
8.3 60
8.5 69
8.7 53
8.9 69
9.1 57
9.3 51
9.5 48
9.7 47
9.9 60
10.1 44
10.3 56
10.5 37
10.7 42
10.9 34
11.1 27
11.3 26
11.5 25
11.7 27
11.9 29
12.1 24
12.3 25
12.5 23
12.7 19
12.9 30
13.1 20
13.3 17
13.5 27
13.7 31
13.9 13
14.1 21
14.3 20
14.5 12
14.7 11
14.9 18
15.1 10
15.3 14
15.5 7
15.7 10
15.9 18
16.1 17
16.3 10
16.5 6
16.7 9
16.9 10
17.1 10
17.3 11
17.5 11
17.7 9
17.9 7
18.1 15
18.3 7
18.5 2
18.7 8
18.9 6
19.1 5
19.3 5
19.5 5
19.7 2
19.9 2
20.1 4
20.3 4
20.5 7
20.7 6
20.9 5
21.1 3
21.3 0
21.5 5
21.7 2
21.9 2
22.1 1
22.3 1
22.5 3
22.7 0
22.9 1
23.1 1
23.3 2
23.5 1
23.7 1
23.9 1
24.1 2
24.3 3
24.5 1
24.7 3
24.9 1
25.1 0
25.3 0
25.5 1
25.7 0
25.9 1
26.1 0
26.3 0
26.5 0
26.7 0
26.9 0
27.1 0
27.3 0
27.5 0
27.7 0
27.9 0
28.1 1
28.3 2
28.5 0
28.7 0
28.9 0
29.1 0
29.3 0
29.5 0
29.7 0
29.9 0
30.1 0
30.3 0
30.5 0
30.7 0
30.9 0
31.1 0
31.3 0
31.5 0
31.7 0
31.9 0
32.1 0
32.3 0
32.5 0
32.7 0
32.9 0
33.1 0
33.3 0
33.5 0
33.7 0
33.9 0
34.1 0
34.3 0
34.5 0
34.7 0
34.9 0
35.1 0
35.3 0
35.5 0
35.7 0
35.9 0
36.1 0
36.3 0
36.5 0
36.7 0
36.9 0
37.1 0
37.3 0
37.5 0
37.7 0
37.9 0
38.1 0
38.3 0
38.5 0
38.7 0
38.9 0
39.1 0
39.3 0
39.5 0
39.7 0
39.9 0
