373
-649.3 0.000348311
-649.1 0.000348311
-648.9 0.000348311
-648.7 0.000696621
-648.5 0.000696621
-648.3 0.000696621
-648.1 0.000696621
-647.9 0.000696621
-647.7 0.000696621
-647.5 0.000696621
-647.3 0.000696621
-647.1 0.000696621
-646.9 0.000696621
-646.7 0.000696621
-646.5 0.00104493
-646.3 0.00104493
-646.1 0.00104493
-645.9 0.00104493
-645.7 0.00104493
-645.5 0.00104493
-645.3 0.00104493
-645.1 0.00104493
-644.9 0.00139324
-644.7 0.00139324
-644.5 0.00174155
-644.3 0.00208986
-644.1 0.00243817
-643.9 0.00243817
-643.7 0.00243817
-643.5 0.00243817
-643.3 0.00243817
-643.1 0.00243817
-642.9 0.00243817
-642.7 0.00243817
-642.5 0.00243817
-642.3 0.00243817
-642.1 0.00243817
-641.9 0.00243817
-641.7 0.00278649
-641.5 0.0031348
-641.3 0.0031348
-641.1 0.00348311
-640.9 0.00348311
-640.7 0.00417973
-640.5 0.00557297
-640.3 0.00835946
-640.1 0.0114943
-639.9 0.0128875
-639.7 0.0174155
-639.5 0.021247
-639.3 0.0247301
-639.1 0.0292581
-638.9 0.0379659
-638.7 0.0442355
-638.5 0.0508534
-638.3 0.0619993
-638.1 0.0714037
-637.9 0.0811564
-637.7 0.0926506
-637.5 0.104145
-637.3 0.119122
-637.1 0.13201
-636.9 0.141066
-636.7 0.15465
-636.5 0.165448
-636.3 0.176245
-636.1 0.187391
-635.9 0.196099
-635.7 0.204458
-635.5 0.213863
-635.3 0.222571
-635.1 0.230582
-634.9 0.238593
-634.7 0.246256
-634.5 0.256008
-634.3 0.264716
-634.1 0.270289
-633.9 0.276559
-633.7 0.280738
-633.5 0.288401
-633.3 0.297109
-633.1 0.303379
-632.9 0.308952
-632.7 0.317311
-632.5 0.322884
-632.3 0.330547
-632.1 0.335423
-631.9 0.342389
-631.7 0.347962
-631.5 0.353535
-631.3 0.359457
-631.1 0.363985
-630.9 0.369209
-630.7 0.377569
-630.5 0.38349
-630.3 0.391153
-630.1 0.394984
-629.9 0.399164
-629.7 0.403692
-629.5 0.408917
-629.3 0.413445
-629.1 0.419714
-628.9 0.425984
-628.7 0.430512
-628.5 0.436085
-628.3 0.44131
-628.1 0.446883
-627.9 0.453152
-627.7 0.458725
-627.5 0.464995
-627.3 0.470916
-627.1 0.476837
-626.9 0.481714
-626.7 0.487635
-626.5 0.49286
-626.3 0.498084
-626.1 0.500871
-625.9 0.508185
-625.7 0.514803
-625.5 0.518635
-625.3 0.521073
-625.1 0.526646
-624.9 0.53187
-624.7 0.53396
-624.5 0.539533
-624.3 0.542668
-624.1 0.547893
-623.9 0.554162
-623.7 0.561477
-623.5 0.566005
-623.3 0.572971
-623.1 0.580634
-622.9 0.583769
-622.7 0.588645
-622.5 0.594218
-622.3 0.597353
-622.1 0.601533
-621.9 0.607106
-621.7 0.612679
-621.5 0.61651
-621.3 0.622431
-621.1 0.631487
-620.9 0.640892
-620.7 0.645071
-620.5 0.652734
-620.3 0.657959
-620.1 0.66179
-619.9 0.665622
-619.7 0.670846
-619.5 0.675374
-619.3 0.679206
-619.1 0.682689
-618.9 0.68652
-618.7 0.689655
-618.5 0.694532
-618.3 0.699408
-618.1 0.704981
-617.9 0.708812
-617.7 0.713689
-617.5 0.717868
-617.3 0.720655
-617.1 0.72379
-616.9 0.728318
-616.7 0.730756
-616.5 0.734936
-616.3 0.740857
-616.1 0.745037
-615.9 0.747823
-615.7 0.752699
-615.5 0.757227
-615.3 0.762452
-615.1 0.76698
-614.9 0.772553
-614.7 0.776036
-614.5 0.779868
-614.3 0.787879
-614.1 0.791362
-613.9 0.796238
-613.7 0.801115
-613.5 0.803553
-613.3 0.806688
-613.1 0.813654
-612.9 0.816789
-612.7 0.821665
-612.5 0.825845
-612.3 0.828979
-612.1 0.832114
-611.9 0.835249
-611.7 0.838732
-611.5 0.842912
-611.3 0.84744
-611.1 0.850575
-610.9 0.854406
-610.7 0.856844
-610.5 0.860676
-610.3 0.863462
-610.1 0.865552
-609.9 0.869732
-609.7 0.872518
-609.5 0.876698
-609.3 0.880529
-609.1 0.885406
-608.9 0.888192
-608.7 0.891675
-608.5 0.894462
-608.3 0.8969
-608.1 0.898642
-607.9 0.902821
-607.7 0.905259
-607.5 0.906304
-607.3 0.909091
-607.1 0.911877
-606.9 0.914664
-606.7 0.918147
-606.5 0.919889
-606.3 0.923372
-606.1 0.925462
-605.9 0.926855
-605.7 0.929293
-605.5 0.932428
-605.3 0.934518
-605.1 0.935563
-604.9 0.936607
-604.7 0.938697
-604.5 0.941135
-604.3 0.942877
-604.1 0.943922
-603.9 0.94636
-603.7 0.947753
-603.5 0.94845
-603.3 0.95054
-603.1 0.952281
-602.9 0.952978
-602.7 0.955068
-602.5 0.957158
-602.3 0.957854
-602.1 0.957854
-601.9 0.959248
-601.7 0.959944
-601.5 0.962034
-601.3 0.963427
-601.1 0.964821
-600.9 0.966214
-600.7 0.966562
-600.5 0.969
-600.3 0.970742
-600.1 0.971439
-599.9 0.971439
-599.7 0.972135
-599.5 0.972832
-599.3 0.973877
-599.1 0.974922
-598.9 0.975618
-598.7 0.976663
-598.5 0.977011
-598.3 0.97736
-598.1 0.978405
-597.9 0.979101
-597.7 0.979101
-597.5 0.980146
-597.3 0.980843
-597.1 0.98154
-596.9 0.98154
-596.7 0.981888
-596.5 0.982584
-596.3 0.982933
-596.1 0.984326
-595.9 0.985023
-595.7 0.985371
-595.5 0.985719
-595.3 0.986068
-595.1 0.986068
-594.9 0.986416
-594.7 0.986764
-594.5 0.986764
-594.3 0.987809
-594.1 0.988506
-593.9 0.988506
-593.7 0.988506
-593.5 0.988854
-593.3 0.989202
-593.1 0.989551
-592.9 0.990596
-592.7 0.990944
-592.5 0.990944
-592.3 0.990944
-592.1 0.990944
-591.9 0.990944
-591.7 0.990944
-591.5 0.991292
-591.3 0.991641
-591.1 0.991989
-590.9 0.991989
-590.7 0.991989
-590.5 0.991989
-590.3 0.991989
-590.1 0.992337
-589.9 0.993034
-589.7 0.993034
-589.5 0.993034
-589.3 0.993382
-589.1 0.99373
-588.9 0.99373
-588.7 0.99373
-588.5 0.99373
-588.3 0.99373
-588.1 0.99373
-587.9 0.99373
-587.7 0.994079
-587.5 0.994427
-587.3 0.994427
-587.1 0.994427
-586.9 0.994427
-586.7 0.994427
-586.5 0.994427
-586.3 0.994775
-586.1 0.994775
-585.9 0.995124
-585.7 0.995472
-585.5 0.995472
-585.3 0.996169
-585.1 0.996169
-584.9 0.996169
-584.7 0.996517
-584.5 0.996517
-584.3 0.996517
-584.1 0.997214
-583.9 0.997214
-583.7 0.997214
-583.5 0.997562
-583.3 0.99791
-583.1 0.99791
-582.9 0.99791
-582.7 0.998258
-582.5 0.998258
-582.3 0.998258
-582.1 0.998258
-581.9 0.998258
-581.7 0.998258
-581.5 0.998258
-581.3 0.998258
-581.1 0.998258
-580.9 0.998258
-580.7 0.998258
-580.5 0.998607
-580.3 0.998607
-580.1 0.998607
-579.9 0.998607
-579.7 0.998607
-579.5 0.998607
-579.3 0.998607
-579.1 0.998607
-578.9 0.998607
-578.7 0.998955
-578.5 0.998955
-578.3 0.998955
-578.1 0.998955
-577.9 0.998955
-577.7 0.998955
-577.5 0.998955
-577.3 0.998955
-577.1 0.999303
-576.9 0.999303
-576.7 0.999303
-576.5 0.999303
-576.3 0.999303
-576.1 0.999303
-575.9 0.999303
-575.7 0.999652
-575.5 0.999652
-575.3 0.999652
-575.1 0.999652
-574.9 1
