1384
-1083.5 0.0008285
-1083.3 0.0008285
-1083.1 0.0008285
-1082.9 0.0008285
-1082.7 0.0008285
-1082.5 0.0008285
-1082.3 0.0008285
-1082.1 0.0008285
-1081.9 0.0008285
-1081.7 0.0008285
-1081.5 0.0008285
-1081.3 0.0008285
-1081.1 0.0008285
-1080.9 0.0008285
-1080.7 0.0008285
-1080.5 0.0008285
-1080.3 0.0008285
-1080.1 0.0008285
-1079.9 0.0008285
-1079.7 0.0008285
-1079.5 0.0008285
-1079.3 0.0008285
-1079.1 0.0008285
-1078.9 0.0008285
-1078.7 0.0008285
-1078.5 0.0008285
-1078.3 0.0008285
-1078.1 0.0008285
-1077.9 0.0008285
-1077.7 0.0008285
-1077.5 0.0008285
-1077.3 0.0008285
-1077.1 0.0008285
-1076.9 0.0008285
-1076.7 0.0008285
-1076.5 0.0008285
-1076.3 0.0008285
-1076.1 0.0008285
-1075.9 0.0008285
-1075.7 0.0008285
-1075.5 0.0008285
-1075.3 0.0008285
-1075.1 0.0008285
-1074.9 0.0008285
-1074.7 0.0008285
-1074.5 0.0008285
-1074.3 0.0008285
-1074.1 0.0008285
-1073.9 0.0008285
-1073.7 0.0008285
-1073.5 0.0008285
-1073.3 0.0008285
-1073.1 0.0008285
-1072.9 0.0008285
-1072.7 0.0008285
-1072.5 0.0008285
-1072.3 0.0008285
-1072.1 0.0008285
-1071.9 0.0008285
-1071.7 0.0008285
-1071.5 0.0008285
-1071.3 0.0008285
-1071.1 0.0008285
-1070.9 0.0008285
-1070.7 0.0008285
-1070.5 0.0008285
-1070.3 0.0008285
-1070.1 0.0008285
-1069.9 0.0008285
-1069.7 0.0008285
-1069.5 0.0008285
-1069.3 0.0008285
-1069.1 0.0008285
-1068.9 0.0008285
-1068.7 0.0008285
-1068.5 0.0008285
-1068.3 0.0008285
-1068.1 0.0008285
-1067.9 0.0008285
-1067.7 0.0008285
-1067.5 0.0008285
-1067.3 0.0008285
-1067.1 0.0008285
-1066.9 0.0008285
-1066.7 0.0008285
-1066.5 0.0008285
-1066.3 0.0008285
-1066.1 0.0008285
-1065.9 0.0008285
-1065.7 0.0008285
-1065.5 0.0008285
-1065.3 0.0008285
-1065.1 0.0008285
-1064.9 0.0008285
-1064.7 0.0008285
-1064.5 0.0008285
-1064.3 0.0008285
-1064.1 0.0008285
-1063.9 0.0008285
-1063.7 0.0008285
-1063.5 0.0008285
-1063.3 0.0008285
-1063.1 0.0008285
-1062.9 0.0008285
-1062.7 0.0008285
-1062.5 0.0008285
-1062.3 0.0008285
-1062.1 0.0008285
-1061.9 0.0008285
-1061.7 0.0008285
-1061.5 0.0008285
-1061.3 0.0008285
-1061.1 0.0008285
-1060.9 0.0008285
-1060.7 0.0008285
-1060.5 0.0008285
-1060.3 0.0008285
-1060.1 0.0008285
-1059.9 0.0008285
-1059.7 0.0008285
-1059.5 0.0008285
-1059.3 0.0008285
-1059.1 0.0008285
-1058.9 0.0008285
-1058.7 0.0008285
-1058.5 0.0008285
-1058.3 0.0008285
-1058.1 0.0008285
-1057.9 0.0008285
-1057.7 0.0008285
-1057.5 0.0008285
-1057.3 0.0008285
-1057.1 0.0008285
-1056.9 0.0008285
-1056.7 0.0008285
-1056.5 0.0008285
-1056.3 0.0008285
-1056.1 0.0008285
-1055.9 0.0008285
-1055.7 0.0008285
-1055.5 0.0008285
-1055.3 0.0008285
-1055.1 0.0008285
-1054.9 0.0008285
-1054.7 0.0008285
-1054.5 0.0008285
-1054.3 0.0008285
-1054.1 0.0008285
-1053.9 0.0008285
-1053.7 0.0008285
-1053.5 0.0008285
-1053.3 0.0008285
-1053.1 0.0008285
-1052.9 0.0008285
-1052.7 0.0008285
-1052.5 0.0008285
-1052.3 0.0008285
-1052.1 0.0008285
-1051.9 0.0008285
-1051.7 0.0008285
-1051.5 0.0008285
-1051.3 0.0008285
-1051.1 0.0008285
-1050.9 0.0008285
-1050.7 0.0008285
-1050.5 0.0008285
-1050.3 0.0008285
-1050.1 0.0008285
-1049.9 0.0008285
-1049.7 0.0008285
-1049.5 0.0008285
-1049.3 0.0008285
-1049.1 0.0008285
-1048.9 0.0008285
-1048.7 0.0008285
-1048.5 0.0008285
-1048.3 0.0008285
-1048.1 0.0008285
-1047.9 0.0008285
-1047.7 0.0008285
-1047.5 0.0008285
-1047.3 0.0008285
-1047.1 0.0008285
-1046.9 0.0008285
-1046.7 0.0008285
-1046.5 0.0008285
-1046.3 0.0008285
-1046.1 0.0008285
-1045.9 0.0008285
-1045.7 0.0008285
-1045.5 0.0008285
-1045.3 0.0008285
-1045.1 0.0008285
-1044.9 0.0008285
-1044.7 0.0008285
-1044.5 0.0008285
-1044.3 0.0008285
-1044.1 0.0008285
-1043.9 0.0008285
-1043.7 0.0008285
-1043.5 0.0008285
-1043.3 0.0008285
-1043.1 0.0008285
-1042.9 0.0008285
-1042.7 0.0008285
-1042.5 0.0008285
-1042.3 0.0008285
-1042.1 0.0008285
-1041.9 0.0008285
-1041.7 0.0008285
-1041.5 0.0008285
-1041.3 0.0008285
-1041.1 0.0008285
-1040.9 0.0008285
-1040.7 0.0008285
-1040.5 0.0008285
-1040.3 0.0008285
-1040.1 0.0008285
-1039.9 0.0008285
-1039.7 0.0008285
-1039.5 0.0008285
-1039.3 0.0008285
-1039.1 0.0008285
-1038.9 0.0008285
-1038.7 0.0008285
-1038.5 0.0008285
-1038.3 0.0008285
-1038.1 0.0008285
-1037.9 0.0008285
-1037.7 0.0008285
-1037.5 0.0008285
-1037.3 0.0008285
-1037.1 0.0008285
-1036.9 0.0008285
-1036.7 0.0008285
-1036.5 0.0008285
-1036.3 0.0008285
-1036.1 0.0008285
-1035.9 0.0008285
-1035.7 0.0008285
-1035.5 0.0008285
-1035.3 0.0008285
-1035.1 0.0008285
-1034.9 0.0008285
-1034.7 0.0008285
-1034.5 0.0008285
-1034.3 0.0008285
-1034.1 0.0008285
-1033.9 0.0008285
-1033.7 0.0008285
-1033.5 0.0008285
-1033.3 0.0008285
-1033.1 0.0008285
-1032.9 0.0008285
-1032.7 0.0008285
-1032.5 0.0008285
-1032.3 0.0008285
-1032.1 0.0008285
-1031.9 0.0008285
-1031.7 0.0008285
-1031.5 0.0008285
-1031.3 0.0008285
-1031.1 0.0008285
-1030.9 0.0008285
-1030.7 0.0008285
-1030.5 0.0008285
-1030.3 0.0008285
-1030.1 0.0008285
-1029.9 0.0008285
-1029.7 0.0008285
-1029.5 0.0008285
-1029.3 0.0008285
-1029.1 0.0008285
-1028.9 0.0008285
-1028.7 0.0008285
-1028.5 0.0008285
-1028.3 0.0008285
-1028.1 0.0008285
-1027.9 0.0008285
-1027.7 0.0008285
-1027.5 0.0008285
-1027.3 0.0008285
-1027.1 0.0008285
-1026.9 0.0008285
-1026.7 0.0008285
-1026.5 0.0008285
-1026.3 0.0008285
-1026.1 0.0008285
-1025.9 0.0008285
-1025.7 0.0008285
-1025.5 0.0008285
-1025.3 0.0008285
-1025.1 0.0008285
-1024.9 0.0008285
-1024.7 0.0008285
-1024.5 0.0008285
-1024.3 0.0008285
-1024.1 0.0008285
-1023.9 0.0008285
-1023.7 0.0008285
-1023.5 0.0008285
-1023.3 0.0008285
-1023.1 0.0008285
-1022.9 0.0008285
-1022.7 0.0008285
-1022.5 0.0008285
-1022.3 0.0008285
-1022.1 0.0008285
-1021.9 0.0008285
-1021.7 0.0008285
-1021.5 0.0008285
-1021.3 0.0008285
-1021.1 0.0008285
-1020.9 0.0008285
-1020.7 0.0008285
-1020.5 0.0008285
-1020.3 0.0008285
-1020.1 0.0008285
-1019.9 0.0008285
-1019.7 0.0008285
-1019.5 0.0008285
-1019.3 0.0008285
-1019.1 0.0008285
-1018.9 0.0008285
-1018.7 0.0008285
-1018.5 0.0008285
-1018.3 0.0008285
-1018.1 0.0008285
-1017.9 0.0008285
-1017.7 0.0008285
-1017.5 0.0008285
-1017.3 0.0008285
-1017.1 0.0008285
-1016.9 0.0008285
-1016.7 0.0008285
-1016.5 0.0008285
-1016.3 0.0008285
-1016.1 0.0008285
-1015.9 0.0008285
-1015.7 0.0008285
-1015.5 0.0008285
-1015.3 0.0008285
-1015.1 0.0008285
-1014.9 0.001657
-1014.7 0.001657
-1014.5 0.001657
-1014.3 0.001657
-1014.1 0.001657
-1013.9 0.001657
-1013.7 0.001657
-1013.5 0.001657
-1013.3 0.001657
-1013.1 0.001657
-1012.9 0.001657
-1012.7 0.0024855
-1012.5 0.0024855
-1012.3 0.0024855
-1012.1 0.0024855
-1011.9 0.0024855
-1011.7 0.0024855
-1011.5 0.0024855
-1011.3 0.0024855
-1011.1 0.003314
-1010.9 0.003314
-1010.7 0.003314
-1010.5 0.003314
-1010.3 0.0041425
-1010.1 0.004971
-1009.9 0.0057995
-1009.7 0.0057995
-1009.5 0.006628
-1009.3 0.006628
-1009.1 0.0074565
-1008.9 0.008285
-1008.7 0.008285
-1008.5 0.008285
-1008.3 0.0091135
-1008.1 0.009942
-1007.9 0.0107705
-1007.7 0.0107705
-1007.5 0.0107705
-1007.3 0.011599
-1007.1 0.011599
-1006.9 0.011599
-1006.7 0.013256
-1006.5 0.013256
-1006.3 0.013256
-1006.1 0.01657
-1005.9 0.0173985
-1005.7 0.018227
-1005.5 0.018227
-1005.3 0.018227
-1005.1 0.019884
-1004.9 0.021541
-1004.7 0.0223695
-1004.5 0.0240265
-1004.3 0.0240265
-1004.1 0.024855
-1003.9 0.0256835
-1003.7 0.0273405
-1003.5 0.029826
-1003.3 0.03314
-1003.1 0.034797
-1002.9 0.036454
-1002.7 0.038111
-1002.5 0.0389395
-1002.3 0.0405965
-1002.1 0.041425
-1001.9 0.043082
-1001.7 0.0455675
-1001.5 0.0472245
-1001.3 0.0472245
-1001.1 0.0472245
-1000.9 0.04971
-1000.7 0.0521955
-1000.5 0.0588235
-1000.3 0.0621375
-1000.1 0.06628
-999.9 0.0671085
-999.7 0.067937
-999.5 0.069594
-999.3 0.071251
-999.1 0.0737365
-998.9 0.0787075
-998.7 0.0803645
-998.5 0.081193
-998.3 0.08285
-998.1 0.084507
-997.9 0.0869925
-997.7 0.089478
-997.5 0.0952775
-997.3 0.0969345
-997.1 0.102734
-996.9 0.10522
-996.7 0.10522
-996.5 0.106877
-996.3 0.111019
-996.1 0.112676
-995.9 0.114333
-995.7 0.116819
-995.5 0.120133
-995.3 0.125104
-995.1 0.127589
-994.9 0.13256
-994.7 0.135046
-994.5 0.140017
-994.3 0.144159
-994.1 0.147473
-993.9 0.150787
-993.7 0.153273
-993.5 0.157415
-993.3 0.159901
-993.1 0.164043
-992.9 0.167357
-992.7 0.1715
-992.5 0.173157
-992.3 0.178956
-992.1 0.180613
-991.9 0.185584
-991.7 0.186413
-991.5 0.18807
-991.3 0.194698
-991.1 0.196355
-990.9 0.199669
-990.7 0.202154
-990.5 0.207125
-990.3 0.209611
-990.1 0.211268
-989.9 0.21541
-989.7 0.218724
-989.5 0.225352
-989.3 0.227009
-989.1 0.231152
-988.9 0.233637
-988.7 0.235294
-988.5 0.236951
-988.3 0.239437
-988.1 0.240265
-987.9 0.242751
-987.7 0.246065
-987.5 0.250207
-987.3 0.253521
-987.1 0.257664
-986.9 0.259321
-986.7 0.260978
-986.5 0.262635
-986.3 0.267606
-986.1 0.271748
-985.9 0.277548
-985.7 0.282519
-985.5 0.285833
-985.3 0.286661
-985.1 0.288318
-984.9 0.292461
-984.7 0.296603
-984.5 0.297432
-984.3 0.299089
-984.1 0.30406
-983.9 0.304888
-983.7 0.306545
-983.5 0.308202
-983.3 0.309859
-983.1 0.313173
-982.9 0.314002
-982.7 0.318144
-982.5 0.323115
-982.3 0.326429
-982.1 0.327258
-981.9 0.332229
-981.7 0.334714
-981.5 0.335543
-981.3 0.338857
-981.1 0.341342
-980.9 0.34797
-980.7 0.349627
-980.5 0.352113
-980.3 0.356255
-980.1 0.357912
-979.9 0.362883
-979.7 0.365369
-979.5 0.367026
-979.3 0.367026
-979.1 0.371168
-978.9 0.374482
-978.7 0.376139
-978.5 0.379453
-978.3 0.381939
-978.1 0.381939
-977.9 0.387738
-977.7 0.389395
-977.5 0.390224
-977.3 0.391881
-977.1 0.392709
-976.9 0.396023
-976.7 0.39768
-976.5 0.398509
-976.3 0.399337
-976.1 0.401823
-975.9 0.405965
-975.7 0.408451
-975.5 0.410108
-975.3 0.410108
-975.1 0.415907
-974.9 0.417564
-974.7 0.419221
-974.5 0.422535
-974.3 0.425021
-974.1 0.426678
-973.9 0.428335
-973.7 0.43082
-973.5 0.432477
-973.3 0.434963
-973.1 0.438277
-972.9 0.439934
-972.7 0.439934
-972.5 0.440762
-972.3 0.441591
-972.1 0.443248
-971.9 0.446562
-971.7 0.449876
-971.5 0.454018
-971.3 0.454847
-971.1 0.454847
-970.9 0.455675
-970.7 0.457332
-970.5 0.460646
-970.3 0.462303
-970.1 0.463132
-969.9 0.46396
-969.7 0.467274
-969.5 0.468103
-969.3 0.46976
-969.1 0.473902
-968.9 0.479702
-968.7 0.481359
-968.5 0.482187
-968.3 0.483016
-968.1 0.484673
-967.9 0.484673
-967.7 0.48633
-967.5 0.488815
-967.3 0.492129
-967.1 0.493786
-966.9 0.495443
-966.7 0.496272
-966.5 0.497929
-966.3 0.499586
-966.1 0.503728
-965.9 0.504557
-965.7 0.505385
-965.5 0.507871
-965.3 0.510356
-965.1 0.511185
-964.9 0.512842
-964.7 0.51367
-964.5 0.516984
-964.3 0.516984
-964.1 0.518641
-963.9 0.522784
-963.7 0.524441
-963.5 0.525269
-963.3 0.529412
-963.1 0.531069
-962.9 0.532726
-962.7 0.53604
-962.5 0.539354
-962.3 0.541839
-962.1 0.544325
-961.9 0.545982
-961.7 0.548467
-961.5 0.549296
-961.3 0.549296
-961.1 0.550953
-960.9 0.550953
-960.7 0.550953
-960.5 0.550953
-960.3 0.55261
-960.1 0.555095
-959.9 0.555924
-959.7 0.562552
-959.5 0.565866
-959.3 0.566694
-959.1 0.570008
-958.9 0.572494
-958.7 0.574151
-958.5 0.574979
-958.3 0.574979
-958.1 0.576636
-957.9 0.580779
-957.7 0.584093
-957.5 0.58575
-957.3 0.587407
-957.1 0.589892
-956.9 0.591549
-956.7 0.593206
-956.5 0.594863
-956.3 0.59652
-956.1 0.599834
-955.9 0.60232
-955.7 0.604805
-955.5 0.608119
-955.3 0.609776
-955.1 0.609776
-954.9 0.61309
-954.7 0.613919
-954.5 0.615576
-954.3 0.617233
-954.1 0.618061
-953.9 0.620547
-953.7 0.621375
-953.5 0.623032
-953.3 0.628832
-953.1 0.62966
-952.9 0.630489
-952.7 0.632146
-952.5 0.634631
-952.3 0.636288
-952.1 0.640431
-951.9 0.641259
-951.7 0.645402
-951.5 0.647887
-951.3 0.650373
-951.1 0.651201
-950.9 0.651201
-950.7 0.651201
-950.5 0.652858
-950.3 0.653687
-950.1 0.654515
-949.9 0.658658
-949.7 0.659486
-949.5 0.660315
-949.3 0.660315
-949.1 0.661143
-948.9 0.6628
-948.7 0.663629
-948.5 0.667771
-948.3 0.6686
-948.1 0.670257
-947.9 0.671085
-947.7 0.671914
-947.5 0.675228
-947.3 0.67937
-947.1 0.681027
-946.9 0.684341
-946.7 0.684341
-946.5 0.685998
-946.3 0.685998
-946.1 0.688484
-945.9 0.690969
-945.7 0.691798
-945.5 0.694283
-945.3 0.694283
-945.1 0.697597
-944.9 0.70174
-944.7 0.703397
-944.5 0.705882
-944.3 0.707539
-944.1 0.713339
-943.9 0.714167
-943.7 0.714996
-943.5 0.715824
-943.3 0.71831
-943.1 0.720795
-942.9 0.724109
-942.7 0.725766
-942.5 0.725766
-942.3 0.727423
-942.1 0.72908
-941.9 0.731566
-941.7 0.735708
-941.5 0.735708
-941.3 0.739851
-941.1 0.739851
-940.9 0.740679
-940.7 0.743165
-940.5 0.746479
-940.3 0.749793
-940.1 0.75145
-939.9 0.753107
-939.7 0.756421
-939.5 0.757249
-939.3 0.758906
-939.1 0.761392
-938.9 0.76222
-938.7 0.763049
-938.5 0.763049
-938.3 0.766363
-938.1 0.767191
-937.9 0.772162
-937.7 0.772991
-937.5 0.774648
-937.3 0.776305
-937.1 0.777133
-936.9 0.77879
-936.7 0.780447
-936.5 0.782104
-936.3 0.785418
-936.1 0.788732
-935.9 0.790389
-935.7 0.791218
-935.5 0.796189
-935.3 0.797017
-935.1 0.800331
-934.9 0.801988
-934.7 0.805302
-934.5 0.805302
-934.3 0.806959
-934.1 0.809445
-933.9 0.81193
-933.7 0.812759
-933.5 0.814416
-933.3 0.816901
-933.1 0.819387
-932.9 0.820215
-932.7 0.821872
-932.5 0.823529
-932.3 0.823529
-932.1 0.825186
-931.9 0.826843
-931.7 0.826843
-931.5 0.826843
-931.3 0.827672
-931.1 0.830157
-930.9 0.833471
-930.7 0.835957
-930.5 0.839271
-930.3 0.841756
-930.1 0.844242
-929.9 0.845899
-929.7 0.848384
-929.5 0.850041
-929.3 0.851698
-929.1 0.852527
-928.9 0.856669
-928.7 0.856669
-928.5 0.859983
-928.3 0.860812
-928.1 0.86164
-927.9 0.863297
-927.7 0.864126
-927.5 0.864954
-927.3 0.865783
-927.1 0.86744
-926.9 0.869097
-926.7 0.871582
-926.5 0.871582
-926.3 0.872411
-926.1 0.873239
-925.9 0.874896
-925.7 0.875725
-925.5 0.879867
-925.3 0.881524
-925.1 0.883181
-924.9 0.883181
-924.7 0.883181
-924.5 0.885667
-924.3 0.886495
-924.1 0.886495
-923.9 0.887324
-923.7 0.887324
-923.5 0.887324
-923.3 0.888981
-923.1 0.889809
-922.9 0.891466
-922.7 0.891466
-922.5 0.893123
-922.3 0.893123
-922.1 0.893123
-921.9 0.893952
-921.7 0.893952
-921.5 0.89478
-921.3 0.895609
-921.1 0.896437
-920.9 0.897266
-920.7 0.898094
-920.5 0.898923
-920.3 0.898923
-920.1 0.90058
-919.9 0.90058
-919.7 0.90058
-919.5 0.902237
-919.3 0.902237
-919.1 0.902237
-918.9 0.904722
-918.7 0.904722
-918.5 0.904722
-918.3 0.906379
-918.1 0.907208
-917.9 0.907208
-917.7 0.908865
-917.5 0.91135
-917.3 0.91135
-917.1 0.91135
-916.9 0.91135
-916.7 0.912179
-916.5 0.913836
-916.3 0.915493
-916.1 0.91715
-915.9 0.918807
-915.7 0.918807
-915.5 0.918807
-915.3 0.919635
-915.1 0.920464
-914.9 0.921292
-914.7 0.921292
-914.5 0.923778
-914.3 0.925435
-914.1 0.925435
-913.9 0.925435
-913.7 0.926263
-913.5 0.926263
-913.3 0.926263
-913.1 0.927092
-912.9 0.927092
-912.7 0.929577
-912.5 0.930406
-912.3 0.931234
-912.1 0.932063
-911.9 0.932891
-911.7 0.932891
-911.5 0.932891
-911.3 0.935377
-911.1 0.935377
-910.9 0.935377
-910.7 0.935377
-910.5 0.936205
-910.3 0.937034
-910.1 0.937862
-909.9 0.938691
-909.7 0.938691
-909.5 0.939519
-909.3 0.940348
-909.1 0.941176
-908.9 0.942005
-908.7 0.942005
-908.5 0.94449
-908.3 0.94449
-908.1 0.946147
-907.9 0.946147
-907.7 0.946147
-907.5 0.946147
-907.3 0.946976
-907.1 0.948633
-906.9 0.949461
-906.7 0.95029
-906.5 0.951118
-906.3 0.951118
-906.1 0.951118
-905.9 0.951118
-905.7 0.951118
-905.5 0.952775
-905.3 0.952775
-905.1 0.953604
-904.9 0.953604
-904.7 0.953604
-904.5 0.953604
-904.3 0.954432
-904.1 0.955261
-903.9 0.956918
-903.7 0.956918
-903.5 0.957746
-903.3 0.957746
-903.1 0.957746
-902.9 0.957746
-902.7 0.957746
-902.5 0.957746
-902.3 0.957746
-902.1 0.957746
-901.9 0.957746
-901.7 0.957746
-901.5 0.957746
-901.3 0.957746
-901.1 0.957746
-900.9 0.957746
-900.7 0.957746
-900.5 0.957746
-900.3 0.958575
-900.1 0.958575
-899.9 0.959403
-899.7 0.960232
-899.5 0.960232
-899.3 0.96106
-899.1 0.96106
-898.9 0.961889
-898.7 0.962717
-898.5 0.964374
-898.3 0.964374
-898.1 0.965203
-897.9 0.965203
-897.7 0.965203
-897.5 0.965203
-897.3 0.966031
-897.1 0.966031
-896.9 0.96686
-896.7 0.96686
-896.5 0.967688
-896.3 0.967688
-896.1 0.967688
-895.9 0.967688
-895.7 0.967688
-895.5 0.967688
-895.3 0.967688
-895.1 0.967688
-894.9 0.967688
-894.7 0.967688
-894.5 0.967688
-894.3 0.967688
-894.1 0.967688
-893.9 0.967688
-893.7 0.967688
-893.5 0.967688
-893.3 0.967688
-893.1 0.967688
-892.9 0.967688
-892.7 0.967688
-892.5 0.968517
-892.3 0.969345
-892.1 0.969345
-891.9 0.971002
-891.7 0.971002
-891.5 0.971002
-891.3 0.971002
-891.1 0.971002
-890.9 0.971002
-890.7 0.971002
-890.5 0.971831
-890.3 0.971831
-890.1 0.971831
-889.9 0.972659
-889.7 0.972659
-889.5 0.973488
-889.3 0.973488
-889.1 0.973488
-888.9 0.973488
-888.7 0.973488
-888.5 0.973488
-888.3 0.973488
-888.1 0.975145
-887.9 0.975145
-887.7 0.975145
-887.5 0.975145
-887.3 0.975145
-887.1 0.975973
-886.9 0.975973
-886.7 0.975973
-886.5 0.975973
-886.3 0.975973
-886.1 0.976802
-885.9 0.976802
-885.7 0.976802
-885.5 0.976802
-885.3 0.976802
-885.1 0.976802
-884.9 0.976802
-884.7 0.978459
-884.5 0.978459
-884.3 0.978459
-884.1 0.978459
-883.9 0.978459
-883.7 0.978459
-883.5 0.978459
-883.3 0.978459
-883.1 0.979287
-882.9 0.979287
-882.7 0.980116
-882.5 0.980116
-882.3 0.980116
-882.1 0.980116
-881.9 0.980944
-881.7 0.981773
-881.5 0.981773
-881.3 0.981773
-881.1 0.982601
-880.9 0.982601
-880.7 0.982601
-880.5 0.982601
-880.3 0.982601
-880.1 0.98343
-879.9 0.98343
-879.7 0.98343
-879.5 0.98343
-879.3 0.98343
-879.1 0.98343
-878.9 0.98343
-878.7 0.98343
-878.5 0.98343
-878.3 0.98343
-878.1 0.98343
-877.9 0.98343
-877.7 0.984258
-877.5 0.984258
-877.3 0.985087
-877.1 0.985087
-876.9 0.985087
-876.7 0.985087
-876.5 0.985087
-876.3 0.985087
-876.1 0.985915
-875.9 0.985915
-875.7 0.985915
-875.5 0.985915
-875.3 0.986744
-875.1 0.987572
-874.9 0.987572
-874.7 0.988401
-874.5 0.989229
-874.3 0.989229
-874.1 0.989229
-873.9 0.989229
-873.7 0.989229
-873.5 0.989229
-873.3 0.989229
-873.1 0.989229
-872.9 0.989229
-872.7 0.989229
-872.5 0.989229
-872.3 0.989229
-872.1 0.989229
-871.9 0.989229
-871.7 0.989229
-871.5 0.989229
-871.3 0.989229
-871.1 0.989229
-870.9 0.989229
-870.7 0.989229
-870.5 0.989229
-870.3 0.989229
-870.1 0.989229
-869.9 0.989229
-869.7 0.989229
-869.5 0.989229
-869.3 0.989229
-869.1 0.989229
-868.9 0.989229
-868.7 0.989229
-868.5 0.989229
-868.3 0.989229
-868.1 0.990058
-867.9 0.990058
-867.7 0.990058
-867.5 0.990058
-867.3 0.990058
-867.1 0.990058
-866.9 0.990058
-866.7 0.990058
-866.5 0.990058
-866.3 0.990058
-866.1 0.990058
-865.9 0.990058
-865.7 0.990886
-865.5 0.990886
-865.3 0.990886
-865.1 0.990886
-864.9 0.990886
-864.7 0.990886
-864.5 0.990886
-864.3 0.990886
-864.1 0.990886
-863.9 0.990886
-863.7 0.990886
-863.5 0.990886
-863.3 0.990886
-863.1 0.990886
-862.9 0.990886
-862.7 0.990886
-862.5 0.990886
-862.3 0.990886
-862.1 0.990886
-861.9 0.991715
-861.7 0.991715
-861.5 0.991715
-861.3 0.991715
-861.1 0.991715
-860.9 0.992543
-860.7 0.992543
-860.5 0.992543
-860.3 0.992543
-860.1 0.9942
-859.9 0.9942
-859.7 0.9942
-859.5 0.9942
-859.3 0.9942
-859.1 0.9942
-858.9 0.9942
-858.7 0.9942
-858.5 0.9942
-858.3 0.9942
-858.1 0.9942
-857.9 0.9942
-857.7 0.9942
-857.5 0.9942
-857.3 0.9942
-857.1 0.9942
-856.9 0.9942
-856.7 0.9942
-856.5 0.9942
-856.3 0.9942
-856.1 0.9942
-855.9 0.995029
-855.7 0.995029
-855.5 0.995029
-855.3 0.995029
-855.1 0.995029
-854.9 0.995029
-854.7 0.995029
-854.5 0.995029
-854.3 0.995029
-854.1 0.995029
-853.9 0.995029
-853.7 0.995029
-853.5 0.995029
-853.3 0.995029
-853.1 0.995029
-852.9 0.995857
-852.7 0.995857
-852.5 0.995857
-852.3 0.995857
-852.1 0.996686
-851.9 0.996686
-851.7 0.996686
-851.5 0.996686
-851.3 0.996686
-851.1 0.996686
-850.9 0.996686
-850.7 0.996686
-850.5 0.996686
-850.3 0.996686
-850.1 0.996686
-849.9 0.996686
-849.7 0.996686
-849.5 0.996686
-849.3 0.996686
-849.1 0.996686
-848.9 0.996686
-848.7 0.996686
-848.5 0.996686
-848.3 0.996686
-848.1 0.996686
-847.9 0.996686
-847.7 0.996686
-847.5 0.996686
-847.3 0.996686
-847.1 0.996686
-846.9 0.996686
-846.7 0.996686
-846.5 0.996686
-846.3 0.996686
-846.1 0.996686
-845.9 0.996686
-845.7 0.996686
-845.5 0.996686
-845.3 0.996686
-845.1 0.996686
-844.9 0.996686
-844.7 0.996686
-844.5 0.996686
-844.3 0.996686
-844.1 0.996686
-843.9 0.996686
-843.7 0.996686
-843.5 0.996686
-843.3 0.996686
-843.1 0.996686
-842.9 0.996686
-842.7 0.996686
-842.5 0.996686
-842.3 0.996686
-842.1 0.996686
-841.9 0.996686
-841.7 0.996686
-841.5 0.996686
-841.3 0.996686
-841.1 0.996686
-840.9 0.996686
-840.7 0.996686
-840.5 0.996686
-840.3 0.996686
-840.1 0.996686
-839.9 0.996686
-839.7 0.996686
-839.5 0.996686
-839.3 0.996686
-839.1 0.996686
-838.9 0.996686
-838.7 0.996686
-838.5 0.996686
-838.3 0.996686
-838.1 0.996686
-837.9 0.996686
-837.7 0.997514
-837.5 0.997514
-837.3 0.997514
-837.1 0.997514
-836.9 0.997514
-836.7 0.997514
-836.5 0.997514
-836.3 0.997514
-836.1 0.997514
-835.9 0.997514
-835.7 0.997514
-835.5 0.997514
-835.3 0.997514
-835.1 0.997514
-834.9 0.997514
-834.7 0.997514
-834.5 0.997514
-834.3 0.997514
-834.1 0.997514
-833.9 0.997514
-833.7 0.997514
-833.5 0.997514
-833.3 0.997514
-833.1 0.997514
-832.9 0.997514
-832.7 0.997514
-832.5 0.997514
-832.3 0.997514
-832.1 0.997514
-831.9 0.997514
-831.7 0.998343
-831.5 0.998343
-831.3 0.998343
-831.1 0.998343
-830.9 0.998343
-830.7 0.998343
-830.5 0.998343
-830.3 0.998343
-830.1 0.998343
-829.9 0.998343
-829.7 0.998343
-829.5 0.998343
-829.3 0.998343
-829.1 0.998343
-828.9 0.998343
-828.7 0.998343
-828.5 0.998343
-828.3 0.998343
-828.1 0.998343
-827.9 0.998343
-827.7 0.998343
-827.5 0.998343
-827.3 0.998343
-827.1 0.998343
-826.9 0.998343
-826.7 0.998343
-826.5 0.998343
-826.3 0.998343
-826.1 0.998343
-825.9 0.998343
-825.7 0.998343
-825.5 0.998343
-825.3 0.998343
-825.1 0.998343
-824.9 0.998343
-824.7 0.998343
-824.5 0.998343
-824.3 0.998343
-824.1 0.998343
-823.9 0.998343
-823.7 0.998343
-823.5 0.998343
-823.3 0.998343
-823.1 0.998343
-822.9 0.998343
-822.7 0.998343
-822.5 0.998343
-822.3 0.998343
-822.1 0.998343
-821.9 0.998343
-821.7 0.998343
-821.5 0.998343
-821.3 0.998343
-821.1 0.998343
-820.9 0.998343
-820.7 0.998343
-820.5 0.998343
-820.3 0.998343
-820.1 0.998343
-819.9 0.998343
-819.7 0.998343
-819.5 0.998343
-819.3 0.998343
-819.1 0.998343
-818.9 0.998343
-818.7 0.998343
-818.5 0.998343
-818.3 0.998343
-818.1 0.998343
-817.9 0.998343
-817.7 0.998343
-817.5 0.998343
-817.3 0.998343
-817.1 0.998343
-816.9 0.998343
-816.7 0.998343
-816.5 0.998343
-816.3 0.998343
-816.1 0.998343
-815.9 0.998343
-815.7 0.998343
-815.5 0.998343
-815.3 0.998343
-815.1 0.998343
-814.9 0.998343
-814.7 0.998343
-814.5 0.998343
-814.3 0.998343
-814.1 0.999171
-813.9 0.999171
-813.7 0.999171
-813.5 0.999171
-813.3 0.999171
-813.1 0.999171
-812.9 0.999171
-812.7 0.999171
-812.5 0.999171
-812.3 0.999171
-812.1 0.999171
-811.9 0.999171
-811.7 0.999171
-811.5 0.999171
-811.3 0.999171
-811.1 0.999171
-810.9 0.999171
-810.7 0.999171
-810.5 0.999171
-810.3 0.999171
-810.1 0.999171
-809.9 0.999171
-809.7 0.999171
-809.5 0.999171
-809.3 0.999171
-809.1 0.999171
-808.9 0.999171
-808.7 0.999171
-808.5 0.999171
-808.3 0.999171
-808.1 0.999171
-807.9 0.999171
-807.7 0.999171
-807.5 0.999171
-807.3 0.999171
-807.1 0.999171
-806.9 1
