-249.9 0
-249.7 0
-249.5 0
-249.3 0
-249.1 0
-248.9 0
-248.7 0
-248.5 0
-248.3 0
-248.1 0
-247.9 0
-247.7 0
-247.5 0
-247.3 0
-247.1 0
-246.9 0
-246.7 0
-246.5 0
-246.3 0
-246.1 0
-245.9 0
-245.7 0
-245.5 0
-245.3 0
-245.1 0
-244.9 0
-244.7 0
-244.5 0
-244.3 0
-244.1 0
-243.9 0
-243.7 0
-243.5 0
-243.3 0
-243.1 0
-242.9 0
-242.7 0
-242.5 0
-242.3 0
-242.1 0
-241.9 0
-241.7 0
-241.5 1
-241.3 0
-241.1 0
-240.9 0
-240.7 0
-240.5 0
-240.3 0
-240.1 0
-239.9 0
-239.7 0
-239.5 0
-239.3 0
-239.1 0
-238.9 0
-238.7 0
-238.5 0
-238.3 0
-238.1 1
-237.9 1
-237.7 0
-237.5 0
-237.3 0
-237.1 0
-236.9 1
-236.7 1
-236.5 1
-236.3 1
-236.1 0
-235.9 0
-235.7 1
-235.5 0
-235.3 1
-235.1 0
-234.9 1
-234.7 0
-234.5 1
-234.3 2
-234.1 5
-233.9 3
-233.7 4
-233.5 2
-233.3 2
-233.1 3
-232.9 4
-232.7 3
-232.5 4
-232.3 5
-232.1 5
-231.9 2
-231.7 5
-231.5 5
-231.3 7
-231.1 1
-230.9 7
-230.7 6
-230.5 9
-230.3 4
-230.1 9
-229.9 1
-229.7 7
-229.5 8
-229.3 8
-229.1 7
-228.9 9
-228.7 7
-228.5 7
-228.3 5
-228.1 5
-227.9 5
-227.7 7
-227.5 4
-227.3 5
-227.1 11
-226.9 8
-226.7 10
-226.5 4
-226.3 5
-226.1 5
-225.9 6
-225.7 6
-225.5 6
-225.3 9
-225.1 3
-224.9 4
-224.7 7
-224.5 8
-224.3 9
-224.1 5
-223.9 4
-223.7 9
-223.5 7
-223.3 9
-223.1 13
-222.9 4
-222.7 11
-222.5 5
-222.3 8
-222.1 3
-221.9 8
-221.7 7
-221.5 8
-221.3 7
-221.1 6
-220.9 5
-220.7 0
-220.5 10
-220.3 8
-220.1 6
-219.9 13
-219.7 11
-219.5 6
-219.3 6
-219.1 13
-218.9 6
-218.7 3
-218.5 7
-218.3 8
-218.1 5
-217.9 12
-217.7 7
-217.5 6
-217.3 4
-217.1 9
-216.9 5
-216.7 8
-216.5 6
-216.3 8
-216.1 3
-215.9 7
-215.7 6
-215.5 2
-215.3 2
-215.1 5
-214.9 3
-214.7 4
-214.5 5
-214.3 9
-214.1 5
-213.9 6
-213.7 4
-213.5 5
-213.3 7
-213.1 3
-212.9 5
-212.7 6
-212.5 9
-212.3 7
-212.1 6
-211.9 6
-211.7 9
-211.5 8
-211.3 5
-211.1 6
-210.9 6
-210.7 6
-210.5 9
-210.3 4
-210.1 7
-209.9 4
-209.7 9
-209.5 6
-209.3 10
-209.1 3
-208.9 5
-208.7 6
-208.5 2
-208.3 6
-208.1 4
-207.9 3
-207.7 5
-207.5 5
-207.3 4
-207.1 5
-206.9 9
-206.7 7
-206.5 7
-206.3 5
-206.1 8
-205.9 5
-205.7 9
-205.5 9
-205.3 2
-205.1 8
-204.9 4
-204.7 3
-204.5 6
-204.3 1
-204.1 4
-203.9 3
-203.7 8
-203.5 10
-203.3 3
-203.1 6
-202.9 9
-202.7 7
-202.5 6
-202.3 3
-202.1 7
-201.9 6
-201.7 7
-201.5 2
-201.3 5
-201.1 6
-200.9 2
-200.7 2
-200.5 2
-200.3 4
-200.1 7
-199.9 4
-199.7 3
-199.5 6
-199.3 10
-199.1 4
-198.9 5
-198.7 4
-198.5 7
-198.3 1
-198.1 7
-197.9 5
-197.7 9
-197.5 1
-197.3 6
-197.1 5
-196.9 10
-196.7 1
-196.5 10
-196.3 5
-196.1 4
-195.9 5
-195.7 4
-195.5 1
-195.3 1
-195.1 6
-194.9 7
-194.7 8
-194.5 6
-194.3 5
-194.1 2
-193.9 6
-193.7 5
-193.5 5
-193.3 7
-193.1 5
-192.9 7
-192.7 6
-192.5 3
-192.3 4
-192.1 2
-191.9 2
-191.7 6
-191.5 4
-191.3 1
-191.1 3
-190.9 4
-190.7 4
-190.5 3
-190.3 7
-190.1 8
-189.9 6
-189.7 5
-189.5 3
-189.3 6
-189.1 5
-188.9 4
-188.7 3
-188.5 6
-188.3 6
-188.1 4
-187.9 6
-187.7 4
-187.5 6
-187.3 7
-187.1 7
-186.9 3
-186.7 12
-186.5 5
-186.3 4
-186.1 7
-185.9 4
-185.7 5
-185.5 5
-185.3 4
-185.1 3
-184.9 1
-184.7 3
-184.5 5
-184.3 8
-184.1 5
-183.9 7
-183.7 6
-183.5 6
-183.3 7
-183.1 2
-182.9 3
-182.7 7
-182.5 0
-182.3 4
-182.1 7
-181.9 2
-181.7 4
-181.5 7
-181.3 5
-181.1 6
-180.9 3
-180.7 5
-180.5 6
-180.3 4
-180.1 5
-179.9 4
-179.7 3
-179.5 4
-179.3 4
-179.1 6
-178.9 7
-178.7 4
-178.5 6
-178.3 2
-178.1 6
-177.9 6
-177.7 2
-177.5 4
-177.3 3
-177.1 1
-176.9 5
-176.7 5
-176.5 6
-176.3 5
-176.1 6
-175.9 2
-175.7 9
-175.5 5
-175.3 5
-175.1 3
-174.9 2
-174.7 4
-174.5 10
-174.3 3
-174.1 3
-173.9 2
-173.7 5
-173.5 1
-173.3 7
-173.1 3
-172.9 3
-172.7 2
-172.5 3
-172.3 1
-172.1 6
-171.9 2
-171.7 3
-171.5 4
-171.3 3
-171.1 6
-170.9 5
-170.7 2
-170.5 4
-170.3 3
-170.1 1
-169.9 4
-169.7 4
-169.5 3
-169.3 1
-169.1 2
-168.9 2
-168.7 1
-168.5 3
-168.3 3
-168.1 5
-167.9 4
-167.7 2
-167.5 4
-167.3 0
-167.1 1
-166.9 5
-166.7 4
-166.5 3
-166.3 0
-166.1 3
-165.9 3
-165.7 4
-165.5 2
-165.3 5
-165.1 2
-164.9 1
-164.7 4
-164.5 5
-164.3 2
-164.1 4
-163.9 3
-163.7 5
-163.5 3
-163.3 1
-163.1 2
-162.9 3
-162.7 3
-162.5 4
-162.3 1
-162.1 4
-161.9 3
-161.7 3
-161.5 2
-161.3 2
-161.1 1
-160.9 3
-160.7 1
-160.5 2
-160.3 3
-160.1 1
-159.9 0
-159.7 2
-159.5 1
-159.3 1
-159.1 5
-158.9 3
-158.7 5
-158.5 2
-158.3 2
-158.1 0
-157.9 3
-157.7 4
-157.5 1
-157.3 2
-157.1 2
-156.9 1
-156.7 2
-156.5 0
-156.3 0
-156.1 2
-155.9 2
-155.7 3
-155.5 0
-155.3 0
-155.1 2
-154.9 1
-154.7 2
-154.5 1
-154.3 2
-154.1 5
-153.9 1
-153.7 4
-153.5 1
-153.3 0
-153.1 2
-152.9 3
-152.7 3
-152.5 0
-152.3 1
-152.1 2
-151.9 0
-151.7 1
-151.5 0
-151.3 0
-151.1 2
-150.9 2
-150.7 2
-150.5 1
-150.3 1
-150.1 1
-149.9 3
-149.7 1
-149.5 1
-149.3 0
-149.1 2
-148.9 0
-148.7 2
-148.5 1
-148.3 0
-148.1 0
-147.9 2
-147.7 0
-147.5 2
-147.3 2
-147.1 0
-146.9 1
-146.7 1
-146.5 3
-146.3 0
-146.1 0
-145.9 1
-145.7 1
-145.5 2
-145.3 1
-145.1 2
-144.9 0
-144.7 2
-144.5 0
-144.3 1
-144.1 2
-143.9 0
-143.7 0
-143.5 0
-143.3 2
-143.1 2
-142.9 2
-142.7 1
-142.5 0
-142.3 0
-142.1 1
-141.9 1
-141.7 0
-141.5 0
-141.3 2
-141.1 2
-140.9 0
-140.7 0
-140.5 0
-140.3 0
-140.1 1
-139.9 0
-139.7 0
-139.5 1
-139.3 0
-139.1 0
-138.9 0
-138.7 0
-138.5 0
-138.3 1
-138.1 0
-137.9 0
-137.7 1
-137.5 0
-137.3 1
-137.1 0
-136.9 0
-136.7 0
-136.5 0
-136.3 0
-136.1 0
-135.9 0
-135.7 0
-135.5 0
-135.3 0
-135.1 0
-134.9 0
-134.7 0
-134.5 0
-134.3 0
-134.1 0
-133.9 1
-133.7 0
-133.5 0
-133.3 0
-133.1 0
-132.9 0
-132.7 0
-132.5 0
-132.3 0
-132.1 0
-131.9 0
-131.7 0
-131.5 0
-131.3 0
-131.1 0
-130.9 0
-130.7 0
-130.5 0
-130.3 0
-130.1 0
-129.9 0
-129.7 0
-129.5 0
-129.3 0
-129.1 0
-128.9 0
-128.7 0
-128.5 0
-128.3 0
-128.1 0
-127.9 0
-127.7 0
-127.5 0
-127.3 0
-127.1 0
-126.9 0
-126.7 0
-126.5 0
-126.3 0
-126.1 0
-125.9 0
-125.7 0
-125.5 0
-125.3 0
-125.1 0
-124.9 0
-124.7 0
-124.5 0
-124.3 0
-124.1 0
-123.9 0
-123.7 0
-123.5 0
-123.3 0
-123.1 0
-122.9 0
-122.7 0
-122.5 0
-122.3 0
-122.1 0
-121.9 0
-121.7 0
-121.5 0
-121.3 0
-121.1 0
-120.9 0
-120.7 0
-120.5 0
-120.3 0
-120.1 0
-119.9 0
-119.7 0
-119.5 0
-119.3 0
-119.1 0
-118.9 0
-118.7 0
-118.5 0
-118.3 0
-118.1 0
-117.9 0
-117.7 0
-117.5 0
-117.3 0
-117.1 0
-116.9 0
-116.7 0
-116.5 0
-116.3 0
-116.1 0
-115.9 0
-115.7 0
-115.5 0
-115.3 0
-115.1 0
-114.9 0
-114.7 0
-114.5 0
-114.3 0
-114.1 0
-113.9 0
-113.7 0
-113.5 0
-113.3 0
-113.1 0
-112.9 0
-112.7 0
-112.5 0
-112.3 0
-112.1 0
-111.9 0
-111.7 0
-111.5 0
-111.3 0
-111.1 0
-110.9 0
-110.7 0
-110.5 0
-110.3 0
-110.1 0
-109.9 0
-109.7 0
-109.5 0
-109.3 0
-109.1 0
-108.9 0
-108.7 0
-108.5 0
-108.3 0
-108.1 0
-107.9 0
-107.7 0
-107.5 0
-107.3 0
-107.1 0
-106.9 0
-106.7 0
-106.5 0
-106.3 0
-106.1 0
-105.9 0
-105.7 0
-105.5 0
-105.3 0
-105.1 0
-104.9 0
-104.7 0
-104.5 0
-104.3 0
-104.1 0
-103.9 0
-103.7 0
-103.5 0
-103.3 0
-103.1 0
-102.9 0
-102.7 0
-102.5 0
-102.3 0
-102.1 0
-101.9 0
-101.7 0
-101.5 0
-101.3 0
-101.1 0
-100.9 0
-100.7 0
-100.5 0
-100.3 0
-100.1 0
-99.9 0
-99.7 0
-99.5 0
-99.3 0
-99.1 0
-98.9 0
-98.7 0
-98.5 0
-98.3 0
-98.1 0
-97.9 0
-97.7 0
-97.5 0
-97.3 0
-97.1 0
-96.9 0
-96.7 0
-96.5 0
-96.3 0
-96.1 0
-95.9 0
-95.7 0
-95.5 0
-95.3 0
-95.1 0
-94.9 0
-94.7 0
-94.5 0
-94.3 0
-94.1 0
-93.9 0
-93.7 0
-93.5 0
-93.3 0
-93.1 0
-92.9 0
-92.7 0
-92.5 0
-92.3 0
-92.1 0
-91.9 0
-91.7 0
-91.5 0
-91.3 0
-91.1 0
-90.9 0
-90.7 0
-90.5 0
-90.3 0
-90.1 0
-89.9 0
-89.7 0
-89.5 0
-89.3 0
-89.1 0
-88.9 0
-88.7 0
-88.5 0
-88.3 0
-88.1 0
-87.9 0
-87.7 0
-87.5 0
-87.3 0
-87.1 0
-86.9 0
-86.7 0
-86.5 0
-86.3 0
-86.1 0
-85.9 0
-85.7 0
-85.5 0
-85.3 0
-85.1 0
-84.9 0
-84.7 0
-84.5 0
-84.3 0
-84.1 0
-83.9 0
-83.7 0
-83.5 0
-83.3 0
-83.1 0
-82.9 0
-82.7 0
-82.5 0
-82.3 0
-82.1 0
-81.9 0
-81.7 0
-81.5 0
-81.3 0
-81.1 0
-80.9 0
-80.7 0
-80.5 0
-80.3 0
-80.1 0
-79.9 0
-79.7 0
-79.5 0
-79.3 0
-79.1 0
-78.9 0
-78.7 0
-78.5 0
-78.3 0
-78.1 0
-77.9 0
-77.7 0
-77.5 0
-77.3 0
-77.1 0
-76.9 0
-76.7 0
-76.5 0
-76.3 0
-76.1 0
-75.9 0
-75.7 0
-75.5 0
-75.3 0
-75.1 0
-74.9 0
-74.7 0
-74.5 0
-74.3 0
-74.1 0
-73.9 0
-73.7 0
-73.5 0
-73.3 0
-73.1 0
-72.9 0
-72.7 0
-72.5 0
-72.3 0
-72.1 0
-71.9 0
-71.7 0
-71.5 0
-71.3 0
-71.1 0
-70.9 0
-70.7 0
-70.5 0
-70.3 0
-70.1 0
-69.9 0
-69.7 0
-69.5 0
-69.3 0
-69.1 0
-68.9 0
-68.7 0
-68.5 0
-68.3 0
-68.1 0
-67.9 0
-67.7 0
-67.5 0
-67.3 0
-67.1 0
-66.9 0
-66.7 0
-66.5 0
-66.3 0
-66.1 0
-65.9 0
-65.7 0
-65.5 0
-65.3 0
-65.1 0
-64.9 0
-64.7 0
-64.5 0
-64.3 0
-64.1 0
-63.9 0
-63.7 0
-63.5 0
-63.3 0
-63.1 0
-62.9 0
-62.7 0
-62.5 0
-62.3 0
-62.1 0
-61.9 0
-61.7 0
-61.5 0
-61.3 0
-61.1 0
-60.9 0
-60.7 0
-60.5 0
-60.3 0
-60.1 0
-59.9 0
-59.7 0
-59.5 0
-59.3 0
-59.1 0
-58.9 0
-58.7 0
-58.5 0
-58.3 0
-58.1 0
-57.9 0
-57.7 0
-57.5 0
-57.3 0
-57.1 0
-56.9 0
-56.7 0
-56.5 0
-56.3 0
-56.1 0
-55.9 0
-55.7 0
-55.5 0
-55.3 0
-55.1 0
-54.9 0
-54.7 0
-54.5 0
-54.3 0
-54.1 0
-53.9 0
-53.7 0
-53.5 0
-53.3 0
-53.1 0
-52.9 0
-52.7 0
-52.5 0
-52.3 0
-52.1 0
-51.9 0
-51.7 0
-51.5 0
-51.3 0
-51.1 0
-50.9 0
-50.7 0
-50.5 0
-50.3 0
-50.1 0
-49.9 0
-49.7 0
-49.5 0
-49.3 0
-49.1 0
-48.9 0
-48.7 0
-48.5 0
-48.3 0
-48.1 0
-47.9 0
-47.7 0
-47.5 0
-47.3 0
-47.1 0
-46.9 0
-46.7 0
-46.5 0
-46.3 0
-46.1 0
-45.9 0
-45.7 0
-45.5 0
-45.3 0
-45.1 0
-44.9 0
-44.7 0
-44.5 0
-44.3 0
-44.1 0
-43.9 0
-43.7 0
-43.5 0
-43.3 0
-43.1 0
-42.9 0
-42.7 0
-42.5 0
-42.3 0
-42.1 0
-41.9 0
-41.7 0
-41.5 0
-41.3 0
-41.1 0
-40.9 0
-40.7 0
-40.5 0
-40.3 0
-40.1 0
-39.9 0
-39.7 0
-39.5 0
-39.3 0
-39.1 0
-38.9 0
-38.7 0
-38.5 0
-38.3 0
-38.1 0
-37.9 0
-37.7 0
-37.5 0
-37.3 0
-37.1 0
-36.9 0
-36.7 0
-36.5 0
-36.3 0
-36.1 0
-35.9 0
-35.7 0
-35.5 0
-35.3 0
-35.1 0
-34.9 0
-34.7 0
-34.5 0
-34.3 0
-34.1 0
-33.9 0
-33.7 0
-33.5 0
-33.3 0
-33.1 0
-32.9 0
-32.7 0
-32.5 0
-32.3 0
-32.1 0
-31.9 0
-31.7 0
-31.5 0
-31.3 0
-31.1 0
-30.9 0
-30.7 0
-30.5 0
-30.3 0
-30.1 0
-29.9 0
-29.7 0
-29.5 0
-29.3 0
-29.1 0
-28.9 0
-28.7 0
-28.5 0
-28.3 0
-28.1 0
-27.9 0
-27.7 0
-27.5 0
-27.3 0
-27.1 0
-26.9 0
-26.7 0
-26.5 0
-26.3 0
-26.1 0
-25.9 0
-25.7 0
-25.5 0
-25.3 0
-25.1 0
-24.9 0
-24.7 0
-24.5 0
-24.3 0
-24.1 0
-23.9 0
-23.7 0
-23.5 0
-23.3 0
-23.1 0
-22.9 0
-22.7 0
-22.5 0
-22.3 0
-22.1 0
-21.9 0
-21.7 0
-21.5 0
-21.3 0
-21.1 0
-20.9 0
-20.7 0
-20.5 0
-20.3 0
-20.1 0
-19.9 0
-19.7 0
-19.5 0
-19.3 0
-19.1 0
-18.9 0
-18.7 0
-18.5 0
-18.3 0
-18.1 0
-17.9 0
-17.7 0
-17.5 0
-17.3 0
-17.1 0
-16.9 0
-16.7 0
-16.5 0
-16.3 0
-16.1 0
-15.9 0
-15.7 0
-15.5 0
-15.3 0
-15.1 0
-14.9 0
-14.7 0
-14.5 0
-14.3 0
-14.1 0
-13.9 0
-13.7 0
-13.5 0
-13.3 0
-13.1 0
-12.9 0
-12.7 0
-12.5 0
-12.3 0
-12.1 0
-11.9 0
-11.7 0
-11.5 0
-11.3 0
-11.1 0
-10.9 0
-10.7 0
-10.5 0
-10.3 0
-10.1 0
