997
-49.1 0.000234742
-48.9 0.000234742
-48.7 0.000469484
-48.5 0.000704225
-48.3 0.000704225
-48.1 0.000938967
-47.9 0.000938967
-47.7 0.00117371
-47.5 0.00140845
-47.3 0.00187793
-47.1 0.00187793
-46.9 0.00211268
-46.7 0.00211268
-46.5 0.00234742
-46.3 0.00234742
-46.1 0.00234742
-45.9 0.00258216
-45.7 0.00258216
-45.5 0.0028169
-45.3 0.00328638
-45.1 0.00352113
-44.9 0.00352113
-44.7 0.00399061
-44.5 0.00446009
-44.3 0.00469484
-44.1 0.00469484
-43.9 0.00492958
-43.7 0.00492958
-43.5 0.00516432
-43.3 0.00516432
-43.1 0.00516432
-42.9 0.00516432
-42.7 0.00516432
-42.5 0.00516432
-42.3 0.00516432
-42.1 0.00539906
-41.9 0.00539906
-41.7 0.0056338
-41.5 0.00586854
-41.3 0.00586854
-41.1 0.00610329
-40.9 0.00633803
-40.7 0.00657277
-40.5 0.00680751
-40.3 0.00704225
-40.1 0.00704225
-39.9 0.00821596
-39.7 0.00821596
-39.5 0.00821596
-39.3 0.00868545
-39.1 0.00892019
-38.9 0.00938967
-38.7 0.00938967
-38.5 0.00938967
-38.3 0.00985915
-38.1 0.0100939
-37.9 0.0100939
-37.7 0.0103286
-37.5 0.0110329
-37.3 0.0112676
-37.1 0.0112676
-36.9 0.0115023
-36.7 0.0117371
-36.5 0.0117371
-36.3 0.0122066
-36.1 0.0122066
-35.9 0.0124413
-35.7 0.0126761
-35.5 0.0131455
-35.3 0.0131455
-35.1 0.0133803
-34.9 0.013615
-34.7 0.0138498
-34.5 0.0138498
-34.3 0.0140845
-34.1 0.014554
-33.9 0.0150235
-33.7 0.0150235
-33.5 0.015493
-33.3 0.0164319
-33.1 0.0164319
-32.9 0.0164319
-32.7 0.0164319
-32.5 0.0169014
-32.3 0.0169014
-32.1 0.0171362
-31.9 0.0173709
-31.7 0.0176056
-31.5 0.0180751
-31.3 0.0183099
-31.1 0.0187793
-30.9 0.0192488
-30.7 0.0197183
-30.5 0.0201878
-30.3 0.0206573
-30.1 0.0211268
-29.9 0.0211268
-29.7 0.0213615
-29.5 0.0215962
-29.3 0.0220657
-29.1 0.0225352
-28.9 0.0232394
-28.7 0.0237089
-28.5 0.0239437
-28.3 0.0241784
-28.1 0.0244131
-27.9 0.0251174
-27.7 0.0255869
-27.5 0.0262911
-27.3 0.0265258
-27.1 0.0269953
-26.9 0.0269953
-26.7 0.0276995
-26.5 0.0284038
-26.3 0.0288732
-26.1 0.0298122
-25.9 0.0305164
-25.7 0.0307512
-25.5 0.0309859
-25.3 0.0316901
-25.1 0.0326291
-24.9 0.0328638
-24.7 0.0333333
-24.5 0.0340376
-24.3 0.0352113
-24.1 0.036385
-23.9 0.0368545
-23.7 0.0377934
-23.5 0.0382629
-23.3 0.0396714
-23.1 0.0406103
-22.9 0.041784
-22.7 0.0422535
-22.5 0.0429577
-22.3 0.0434272
-22.1 0.0443662
-21.9 0.0448357
-21.7 0.0450704
-21.5 0.0460094
-21.3 0.0469484
-21.1 0.0476526
-20.9 0.0485915
-20.7 0.05
-20.5 0.0504695
-20.3 0.0511737
-20.1 0.0514085
-19.9 0.0521127
-19.7 0.0528169
-19.5 0.0530516
-19.3 0.0539906
-19.1 0.0546948
-18.9 0.0551643
-18.7 0.0565728
-18.5 0.0570423
-18.3 0.0577465
-18.1 0.0586854
-17.9 0.0605634
-17.7 0.0612676
-17.5 0.0629108
-17.3 0.064554
-17.1 0.0652582
-16.9 0.0661972
-16.7 0.0669014
-16.5 0.0697183
-16.3 0.071831
-16.1 0.07277
-15.9 0.0739437
-15.7 0.0758216
-15.5 0.0786385
-15.3 0.0805164
-15.1 0.0823944
-14.9 0.0838028
-14.7 0.0856808
-14.5 0.0873239
-14.3 0.0894366
-14.1 0.0908451
-13.9 0.0922535
-13.7 0.0948357
-13.5 0.0960094
-13.3 0.0976526
-13.1 0.0988263
-12.9 0.101174
-12.7 0.102582
-12.5 0.10446
-12.3 0.105869
-12.1 0.107512
-11.9 0.108685
-11.7 0.111033
-11.5 0.113146
-11.3 0.114319
-11.1 0.116197
-10.9 0.118075
-10.7 0.119014
-10.5 0.121127
-10.3 0.123005
-10.1 0.126761
-9.9 0.128638
-9.7 0.132629
-9.5 0.135446
-9.3 0.138498
-9.1 0.14061
-8.9 0.142723
-8.7 0.144601
-8.5 0.147183
-8.3 0.149061
-8.1 0.151174
-7.9 0.153756
-7.7 0.156573
-7.5 0.15892
-7.3 0.162676
-7.1 0.166667
-6.9 0.169249
-6.7 0.171596
-6.5 0.173239
-6.3 0.175587
-6.1 0.177465
-5.9 0.180751
-5.7 0.183568
-5.5 0.185681
-5.3 0.187324
-5.1 0.190141
-4.9 0.193427
-4.7 0.19507
-4.5 0.198357
-4.3 0.201643
-4.1 0.20493
-3.9 0.207981
-3.7 0.209859
-3.5 0.211737
-3.3 0.214789
-3.1 0.217371
-2.9 0.220423
-2.7 0.22277
-2.5 0.2277
-2.3 0.230282
-2.1 0.233099
-1.9 0.234742
-1.7 0.23615
-1.5 0.238498
-1.3 0.24108
-1.1 0.244131
-0.900001 0.247418
-0.700001 0.251408
-0.500001 0.253052
-0.300001 0.256338
-0.100001 0.258685
0.0999992 0.261268
0.299999 0.264554
0.499999 0.268545
0.699999 0.271831
0.899999 0.273944
1.1 0.276761
1.3 0.278404
1.5 0.280986
1.7 0.283568
1.9 0.285211
2.1 0.287559
2.3 0.289906
2.5 0.292958
2.7 0.294131
2.9 0.296948
3.1 0.299061
3.3 0.300704
3.5 0.301643
3.7 0.304695
3.9 0.306808
4.1 0.309155
4.3 0.311502
4.5 0.314554
4.7 0.31784
4.9 0.319953
5.1 0.323709
5.3 0.326291
5.5 0.328638
5.7 0.330516
5.9 0.331925
6.1 0.334272
6.3 0.335681
6.5 0.337793
6.7 0.34108
6.9 0.342958
7.1 0.346009
7.3 0.347653
7.5 0.349765
7.7 0.352113
7.9 0.353991
8.1 0.356808
8.3 0.358451
8.5 0.361033
8.7 0.363615
8.9 0.365728
9.1 0.36784
9.3 0.369249
9.5 0.372066
9.7 0.375822
9.9 0.377934
10.1 0.379577
10.3 0.381221
10.5 0.384038
10.7 0.387089
10.9 0.39108
11.1 0.393427
11.3 0.396479
11.5 0.397418
11.7 0.399765
11.9 0.401878
12.1 0.403991
12.3 0.405869
12.5 0.408216
12.7 0.411268
12.9 0.414319
13.1 0.416432
13.3 0.419014
13.5 0.421596
13.7 0.423239
13.9 0.425587
14.1 0.427465
14.3 0.428873
14.5 0.430751
14.7 0.431925
14.9 0.433568
15.1 0.436385
15.3 0.437324
15.5 0.438263
15.7 0.440141
15.9 0.442723
16.1 0.44507
16.3 0.446244
16.5 0.448592
16.7 0.450939
16.9 0.453756
17.1 0.455399
17.3 0.456808
17.5 0.460798
17.7 0.46385
17.9 0.465962
18.1 0.468779
18.3 0.471596
18.5 0.474413
18.7 0.476291
18.9 0.478169
19.1 0.479577
19.3 0.482394
19.5 0.484977
19.7 0.487089
19.9 0.488967
20.1 0.492019
20.3 0.493897
20.5 0.496009
20.7 0.497653
20.9 0.499531
21.1 0.500469
21.3 0.502347
21.5 0.503991
21.7 0.506103
21.9 0.508451
22.1 0.510094
22.3 0.511737
22.5 0.512911
22.7 0.514319
22.9 0.515493
23.1 0.516197
23.3 0.518545
23.5 0.519953
23.7 0.521596
23.9 0.523474
24.1 0.525587
24.3 0.528873
24.5 0.531455
24.7 0.533803
24.9 0.535681
25.1 0.537793
25.3 0.538732
25.5 0.539906
25.7 0.54108
25.9 0.543427
26.1 0.54507
26.3 0.547418
26.5 0.549296
26.7 0.551878
26.9 0.55446
27.1 0.555634
27.3 0.557981
27.5 0.55939
27.7 0.560329
27.9 0.562441
28.1 0.564554
28.3 0.566197
28.5 0.567136
28.7 0.568545
28.9 0.569953
29.1 0.571831
29.3 0.573944
29.5 0.576761
29.7 0.579108
29.9 0.581221
30.1 0.584038
30.3 0.585211
30.5 0.587324
30.7 0.589671
30.9 0.592254
31.1 0.592723
31.3 0.595305
31.5 0.596714
31.7 0.597653
31.9 0.598592
32.1 0.602113
32.3 0.603756
32.5 0.605164
32.7 0.606338
32.9 0.608451
33.1 0.610329
33.3 0.613146
33.5 0.614085
33.7 0.615728
33.9 0.618779
34.1 0.621362
34.3 0.623239
34.5 0.623944
34.7 0.625822
34.9 0.62723
35.1 0.629812
35.3 0.632394
35.5 0.633803
35.7 0.635681
35.9 0.636854
36.1 0.640141
36.3 0.641784
36.5 0.642488
36.7 0.643897
36.9 0.645775
37.1 0.647653
37.3 0.649531
37.5 0.652347
37.7 0.653756
37.9 0.65446
38.1 0.656338
38.3 0.656808
38.5 0.657746
38.7 0.659155
38.9 0.661972
39.1 0.664554
39.3 0.666901
39.5 0.66831
39.7 0.669249
39.9 0.671127
40.1 0.672066
40.3 0.674648
40.5 0.675822
40.7 0.676761
40.9 0.678638
41.1 0.679577
41.3 0.680751
41.5 0.682629
41.7 0.683803
41.9 0.685915
42.1 0.687559
42.3 0.688498
42.5 0.689437
42.7 0.691315
42.9 0.692019
43.1 0.693427
43.3 0.695305
43.5 0.696948
43.7 0.698122
43.9 0.699765
44.1 0.701878
44.3 0.702817
44.5 0.703991
44.7 0.706338
44.9 0.707277
45.1 0.709155
45.3 0.711737
45.5 0.714789
45.7 0.716432
45.9 0.717606
46.1 0.719249
46.3 0.721127
46.5 0.721831
46.7 0.723005
46.9 0.725117
47.1 0.725587
47.3 0.726761
47.5 0.728638
47.7 0.730047
47.9 0.73169
48.1 0.733803
48.3 0.735211
48.5 0.735446
48.7 0.737089
48.9 0.738732
49.1 0.74061
49.3 0.742019
49.5 0.743192
49.7 0.743897
49.9 0.744836
50.1 0.746479
50.3 0.747887
50.5 0.749296
50.7 0.751174
50.9 0.751408
51.1 0.752113
51.3 0.753286
51.5 0.754225
51.7 0.756103
51.9 0.757042
52.1 0.758216
52.3 0.761033
52.5 0.763146
52.7 0.764319
52.9 0.765493
53.1 0.766197
53.3 0.76784
53.5 0.769484
53.7 0.770892
53.9 0.772066
54.1 0.773944
54.3 0.774883
54.5 0.776056
54.7 0.778404
54.9 0.780047
55.1 0.780751
55.3 0.781925
55.5 0.783099
55.7 0.783803
55.9 0.785915
56.1 0.787559
56.3 0.788967
56.5 0.789906
56.7 0.790141
56.9 0.790845
57.1 0.792254
57.3 0.794366
57.5 0.794836
57.7 0.796009
57.9 0.798592
58.1 0.799765
58.3 0.800235
58.5 0.800704
58.7 0.801408
58.9 0.801878
59.1 0.803052
59.3 0.80446
59.5 0.805634
59.7 0.806808
59.9 0.807512
60.1 0.808216
60.3 0.80939
60.5 0.810563
60.7 0.811033
60.9 0.812441
61.1 0.813615
61.3 0.814085
61.5 0.815728
61.7 0.817371
61.9 0.819014
62.1 0.820892
62.3 0.822535
62.5 0.823239
62.7 0.823709
62.9 0.824648
63.1 0.825352
63.3 0.82723
63.5 0.828638
63.7 0.830047
63.9 0.830986
64.1 0.83169
64.3 0.832629
64.5 0.833099
64.7 0.833803
64.9 0.834977
65.1 0.835211
65.3 0.835681
65.5 0.836385
65.7 0.837559
65.9 0.838263
66.1 0.839906
66.3 0.840376
66.5 0.84061
66.7 0.84108
66.9 0.842019
67.1 0.842958
67.3 0.843897
67.5 0.844366
67.7 0.84554
67.9 0.845775
68.1 0.846244
68.3 0.847183
68.5 0.847653
68.7 0.848592
68.9 0.850704
69.1 0.850939
69.3 0.851408
69.5 0.853052
69.7 0.853991
69.9 0.855164
70.1 0.856808
70.3 0.857981
70.5 0.85939
70.7 0.860563
70.9 0.861737
71.1 0.862207
71.3 0.862441
71.5 0.86338
71.7 0.864554
71.9 0.864554
72.1 0.865728
72.3 0.866197
72.5 0.867606
72.7 0.868779
72.9 0.869249
73.1 0.870188
73.3 0.871127
73.5 0.871831
73.7 0.872066
73.9 0.873239
74.1 0.874883
74.3 0.876291
74.5 0.87723
74.7 0.877465
74.9 0.8777
75.1 0.878638
75.3 0.879108
75.5 0.880047
75.7 0.880751
75.9 0.881455
76.1 0.882864
76.3 0.883333
76.5 0.884038
76.7 0.884742
76.9 0.885446
77.1 0.887324
77.3 0.888498
77.5 0.888498
77.7 0.889671
77.9 0.890141
78.1 0.89108
78.3 0.892254
78.5 0.894131
78.7 0.89507
78.9 0.896479
79.1 0.897183
79.3 0.898122
79.5 0.899061
79.7 0.899765
79.9 0.9
80.1 0.900704
80.3 0.901174
80.5 0.901878
80.7 0.902347
80.9 0.903052
81.1 0.903521
81.3 0.904225
81.5 0.904225
81.7 0.905164
81.9 0.907042
82.1 0.907746
82.3 0.908451
82.5 0.909859
82.7 0.911033
82.9 0.911502
83.1 0.911972
83.3 0.912441
83.5 0.913146
83.7 0.913615
83.9 0.914554
84.1 0.915023
84.3 0.915493
84.5 0.915728
84.7 0.916901
84.9 0.917371
85.1 0.91784
85.3 0.919249
85.5 0.919249
85.7 0.920423
85.9 0.920892
86.1 0.921596
86.3 0.92277
86.5 0.923709
86.7 0.924648
86.9 0.925117
87.1 0.925587
87.3 0.926291
87.5 0.927465
87.7 0.9277
87.9 0.928404
88.1 0.928638
88.3 0.929343
88.5 0.929577
88.7 0.930986
88.9 0.931221
89.1 0.931221
89.3 0.93169
89.5 0.931925
89.7 0.932394
89.9 0.932864
90.1 0.932864
90.3 0.933803
90.5 0.934038
90.7 0.934272
90.9 0.934507
91.1 0.934977
91.3 0.935446
91.5 0.935446
91.7 0.935915
91.9 0.935915
92.1 0.936385
92.3 0.937089
92.5 0.937324
92.7 0.937793
92.9 0.938498
93.1 0.939202
93.3 0.939671
93.5 0.939906
93.7 0.939906
93.9 0.939906
94.1 0.940845
94.3 0.941315
94.5 0.941549
94.7 0.942488
94.9 0.942958
95.1 0.943427
95.3 0.943897
95.5 0.943897
95.7 0.944366
95.9 0.944366
96.1 0.94507
96.3 0.94507
96.5 0.945305
96.7 0.94554
96.9 0.94554
97.1 0.945775
97.3 0.946244
97.5 0.946244
97.7 0.946948
97.9 0.946948
98.1 0.946948
98.3 0.947183
98.5 0.947183
98.7 0.947418
98.9 0.947653
99.1 0.947653
99.3 0.948122
99.5 0.948122
99.7 0.948357
99.9 0.948592
100.1 0.948826
100.3 0.949061
100.5 0.950235
100.7 0.950469
100.9 0.950469
101.1 0.951643
101.3 0.951878
101.5 0.952113
101.7 0.952347
101.9 0.952817
102.1 0.953756
102.3 0.953756
102.5 0.953756
102.7 0.953991
102.9 0.953991
103.1 0.953991
103.3 0.953991
103.5 0.955164
103.7 0.955164
103.9 0.956338
104.1 0.956808
104.3 0.956808
104.5 0.957277
104.7 0.957512
104.9 0.957512
105.1 0.957981
105.3 0.957981
105.5 0.95892
105.7 0.95892
105.9 0.959155
106.1 0.95939
106.3 0.959859
106.5 0.959859
106.7 0.960563
106.9 0.960563
107.1 0.960798
107.3 0.961033
107.5 0.961502
107.7 0.961502
107.9 0.961972
108.1 0.962207
108.3 0.962676
108.5 0.962911
108.7 0.963615
108.9 0.96385
109.1 0.964319
109.3 0.964319
109.5 0.965023
109.7 0.965023
109.9 0.965493
110.1 0.965962
110.3 0.965962
110.5 0.966197
110.7 0.966197
110.9 0.966432
111.1 0.966432
111.3 0.966667
111.5 0.966667
111.7 0.966667
111.9 0.967136
112.1 0.967136
112.3 0.967371
112.5 0.967606
112.7 0.968545
112.9 0.968545
113.1 0.969014
113.3 0.969718
113.5 0.969718
113.7 0.970188
113.9 0.970423
114.1 0.970423
114.3 0.970423
114.5 0.970657
114.7 0.971127
114.9 0.971596
115.1 0.971831
115.3 0.971831
115.5 0.971831
115.7 0.971831
115.9 0.972066
116.1 0.9723
116.3 0.972535
116.5 0.973239
116.7 0.973474
116.9 0.973474
117.1 0.973474
117.3 0.973474
117.5 0.973944
117.7 0.974178
117.9 0.974648
118.1 0.974883
118.3 0.974883
118.5 0.975117
118.7 0.975587
118.9 0.975587
119.1 0.976056
119.3 0.976761
119.5 0.976761
119.7 0.977465
119.9 0.977465
120.1 0.977465
120.3 0.977465
120.5 0.977934
120.7 0.977934
120.9 0.977934
121.1 0.978404
121.3 0.979108
121.5 0.979108
121.7 0.979108
121.9 0.979108
122.1 0.979108
122.3 0.979343
122.5 0.979577
122.7 0.979577
122.9 0.980047
123.1 0.980282
123.3 0.980282
123.5 0.980282
123.7 0.980282
123.9 0.980516
124.1 0.980751
124.3 0.980751
124.5 0.980986
124.7 0.980986
124.9 0.980986
125.1 0.981221
125.3 0.98169
125.5 0.98169
125.7 0.98169
125.9 0.98169
126.1 0.98169
126.3 0.981925
126.5 0.98216
126.7 0.982394
126.9 0.982394
127.1 0.982864
127.3 0.982864
127.5 0.982864
127.7 0.983099
127.9 0.983099
128.1 0.983099
128.3 0.983099
128.5 0.983333
128.7 0.983333
128.9 0.983333
129.1 0.983568
129.3 0.983803
129.5 0.984272
129.7 0.984272
129.9 0.984742
130.1 0.985211
130.3 0.985211
130.5 0.985211
130.7 0.985211
130.9 0.985446
131.1 0.985915
131.3 0.985915
131.5 0.985915
131.7 0.985915
131.9 0.98615
132.1 0.986385
132.3 0.986385
132.5 0.986385
132.7 0.98662
132.9 0.986854
133.1 0.986854
133.3 0.987324
133.5 0.987324
133.7 0.987559
133.9 0.987559
134.1 0.988028
134.3 0.988263
134.5 0.988498
134.7 0.988732
134.9 0.988732
135.1 0.988967
135.3 0.989437
135.5 0.989437
135.7 0.989437
135.9 0.989671
136.1 0.989671
136.3 0.990141
136.5 0.990141
136.7 0.990376
136.9 0.990376
137.1 0.990376
137.3 0.990845
137.5 0.990845
137.7 0.990845
137.9 0.990845
138.1 0.990845
138.3 0.990845
138.5 0.990845
138.7 0.990845
138.9 0.990845
139.1 0.990845
139.3 0.99108
139.5 0.99108
139.7 0.991315
139.9 0.991549
140.1 0.991784
140.3 0.991784
140.5 0.992019
140.7 0.992254
140.9 0.992723
141.1 0.992723
141.3 0.992723
141.5 0.992958
141.7 0.993192
141.9 0.993662
142.1 0.993897
142.3 0.993897
142.5 0.994131
142.7 0.994131
142.9 0.994366
143.1 0.994366
143.3 0.994601
143.5 0.994601
143.7 0.994836
143.9 0.995775
144.1 0.995775
144.3 0.995775
144.5 0.995775
144.7 0.996244
144.9 0.996714
145.1 0.996948
145.3 0.997183
145.5 0.997418
145.7 0.997418
145.9 0.997653
146.1 0.997653
146.3 0.997887
146.5 0.997887
146.7 0.997887
146.9 0.997887
147.1 0.998357
147.3 0.998357
147.5 0.998357
147.7 0.998357
147.9 0.998592
148.1 0.998592
148.3 0.998592
148.5 0.998592
148.7 0.998592
148.9 0.998592
149.1 0.998592
149.3 0.998826
149.5 0.999296
149.7 0.999531
149.9 0.999765
150.1 1
