595
-546.9 4.30145e-05
-546.7 4.30145e-05
-546.5 4.30145e-05
-546.3 4.30145e-05
-546.1 4.30145e-05
-545.9 4.30145e-05
-545.7 4.30145e-05
-545.5 8.60289e-05
-545.3 8.60289e-05
-545.1 8.60289e-05
-544.9 8.60289e-05
-544.7 8.60289e-05
-544.5 8.60289e-05
-544.3 8.60289e-05
-544.1 8.60289e-05
-543.9 8.60289e-05
-543.7 8.60289e-05
-543.5 0.000129043
-543.3 0.000129043
-543.1 0.000129043
-542.9 0.000129043
-542.7 0.000129043
-542.5 0.000129043
-542.3 0.000129043
-542.1 0.000129043
-541.9 0.000129043
-541.7 0.000129043
-541.5 0.000129043
-541.3 0.000172058
-541.1 0.000172058
-540.9 0.000172058
-540.7 0.000172058
-540.5 0.000172058
-540.3 0.000172058
-540.1 0.000172058
-539.9 0.000172058
-539.7 0.000172058
-539.5 0.000172058
-539.3 0.000172058
-539.1 0.000172058
-538.9 0.000172058
-538.7 0.000172058
-538.5 0.000172058
-538.3 0.000258087
-538.1 0.000301101
-537.9 0.000301101
-537.7 0.000344116
-537.5 0.00038713
-537.3 0.000473159
-537.1 0.000516173
-536.9 0.000559188
-536.7 0.000602202
-536.5 0.000645217
-536.3 0.000688231
-536.1 0.00077426
-535.9 0.00077426
-535.7 0.000817275
-535.5 0.000817275
-535.3 0.000860289
-535.1 0.000989332
-534.9 0.000989332
-534.7 0.00107536
-534.5 0.00129043
-534.3 0.00141948
-534.1 0.00146249
-533.9 0.00167756
-533.7 0.00193565
-533.5 0.00206469
-533.3 0.00240881
-533.1 0.00253785
-532.9 0.00279594
-532.7 0.00305403
-532.5 0.00344116
-532.3 0.00378527
-532.1 0.00425843
-531.9 0.00481762
-531.7 0.00567791
-531.5 0.00645217
-531.3 0.00778562
-531.1 0.00942017
-530.9 0.0110117
-530.7 0.0124742
-530.5 0.0144098
-530.3 0.0168187
-530.1 0.0196576
-529.9 0.0228837
-529.7 0.0262388
-529.5 0.0292068
-529.3 0.0325189
-529.1 0.035616
-528.9 0.0401325
-528.7 0.0440898
-528.5 0.0501118
-528.3 0.0558758
-528.1 0.0627581
-527.9 0.0686511
-527.7 0.0751462
-527.5 0.0812113
-527.3 0.0876635
-527.1 0.0936425
-526.9 0.0996645
-526.7 0.105557
-526.5 0.111278
-526.3 0.116268
-526.1 0.122419
-525.9 0.12857
-525.7 0.134592
-525.5 0.140786
-525.3 0.147368
-525.1 0.154207
-524.9 0.160401
-524.7 0.166208
-524.5 0.171972
-524.3 0.177994
-524.1 0.184403
-523.9 0.19021
-523.7 0.196404
-523.5 0.201179
-523.3 0.206555
-523.1 0.212147
-522.9 0.217137
-522.7 0.221653
-522.5 0.227503
-522.3 0.231891
-522.1 0.236493
-521.9 0.241999
-521.7 0.247462
-521.5 0.252624
-521.3 0.258431
-521.1 0.263593
-520.9 0.268496
-520.7 0.273142
-520.5 0.278476
-520.3 0.282347
-520.1 0.287251
-519.9 0.291638
-519.7 0.297058
-519.5 0.302091
-519.3 0.306693
-519.1 0.312113
-518.9 0.317576
-518.7 0.321533
-518.5 0.326824
-518.3 0.331641
-518.1 0.3359
-517.9 0.340804
-517.7 0.346094
-517.5 0.351514
-517.3 0.356418
-517.1 0.361536
-516.9 0.366053
-516.7 0.37057
-516.5 0.374656
-516.3 0.378226
-516.1 0.382657
-515.9 0.387775
-515.7 0.392378
-515.5 0.397281
-515.3 0.402443
-515.1 0.407863
-514.9 0.412724
-514.7 0.417326
-514.5 0.422101
-514.3 0.426789
-514.1 0.431994
-513.9 0.436425
-513.7 0.441844
-513.5 0.446404
-513.3 0.451308
-513.1 0.456211
-512.9 0.461072
-512.7 0.465847
-512.5 0.47118
-512.3 0.475482
-512.1 0.480342
-511.9 0.485074
-511.7 0.490494
-511.5 0.494709
-511.3 0.499226
-511.1 0.503699
-510.9 0.508818
-510.7 0.512689
-510.5 0.517507
-510.3 0.522066
-510.1 0.526841
-509.9 0.531573
-509.7 0.537164
-509.5 0.54267
-509.3 0.547058
-509.1 0.551789
-508.9 0.555962
-508.7 0.560865
-508.5 0.565984
-508.3 0.570802
-508.1 0.575189
-507.9 0.580523
-507.7 0.585513
-507.5 0.58947
-507.3 0.594546
-507.1 0.599578
-506.9 0.604396
-506.7 0.609128
-506.5 0.614031
-506.3 0.618032
-506.1 0.622247
-505.9 0.627366
-505.7 0.631409
-505.5 0.636055
-505.3 0.640958
-505.1 0.645604
-504.9 0.650508
-504.7 0.654465
-504.5 0.659067
-504.3 0.663799
-504.1 0.668316
-503.9 0.672703
-503.7 0.677091
-503.5 0.682252
-503.3 0.686296
-503.1 0.690339
-502.9 0.694683
-502.7 0.699415
-502.5 0.704061
-502.3 0.70905
-502.1 0.713094
-501.9 0.718169
-501.7 0.723546
-501.5 0.727159
-501.3 0.731719
-501.1 0.73645
-500.9 0.74144
-500.7 0.746258
-500.5 0.750774
-500.3 0.755248
-500.1 0.759463
-499.9 0.763421
-499.7 0.76798
-499.5 0.772626
-499.3 0.777443
-499.1 0.782089
-498.9 0.787035
-498.7 0.792111
-498.5 0.797961
-498.3 0.802693
-498.1 0.806822
-497.9 0.811167
-497.7 0.815726
-497.5 0.819985
-497.3 0.823727
-497.1 0.829018
-496.9 0.833147
-496.7 0.837276
-496.5 0.841707
-496.3 0.845234
-496.1 0.850181
-495.9 0.854138
-495.7 0.858698
-495.5 0.862698
-495.3 0.866354
-495.1 0.870742
-494.9 0.874484
-494.7 0.878312
-494.5 0.883087
-494.3 0.887001
-494.1 0.891518
-493.9 0.895174
-493.7 0.899174
-493.5 0.90382
-493.3 0.907691
-493.1 0.910702
-492.9 0.914831
-492.7 0.918531
-492.5 0.921542
-492.3 0.924983
-492.1 0.928854
-491.9 0.931607
-491.7 0.934962
-491.5 0.938962
-491.3 0.941974
-491.1 0.94563
-490.9 0.949157
-490.7 0.951781
-490.5 0.954233
-490.3 0.956857
-490.1 0.959437
-489.9 0.962491
-489.7 0.965158
-489.5 0.967481
-489.3 0.969718
-489.1 0.971869
-488.9 0.973804
-488.7 0.975869
-488.5 0.978536
-488.3 0.980945
-488.1 0.982837
-487.9 0.9843
-487.7 0.985762
-487.5 0.987311
-487.3 0.988859
-487.1 0.990064
-486.9 0.991096
-486.7 0.992214
-486.5 0.99286
-486.3 0.993806
-486.1 0.994365
-485.9 0.995311
-485.7 0.995656
-485.5 0.996086
-485.3 0.99643
-485.1 0.996774
-484.9 0.996989
-484.7 0.997333
-484.5 0.997505
-484.3 0.99772
-484.1 0.997935
-483.9 0.998064
-483.7 0.99815
-483.5 0.998279
-483.3 0.998408
-483.1 0.998408
-482.9 0.998753
-482.7 0.998882
-482.5 0.999011
-482.3 0.999054
-482.1 0.999226
-481.9 0.999226
-481.7 0.999226
-481.5 0.999312
-481.3 0.999312
-481.1 0.999398
-480.9 0.999441
-480.7 0.999484
-480.5 0.999484
-480.3 0.999527
-480.1 0.999527
-479.9 0.999527
-479.7 0.99957
-479.5 0.999613
-479.3 0.999613
-479.1 0.999656
-478.9 0.999742
-478.7 0.999742
-478.5 0.999742
-478.3 0.999742
-478.1 0.999742
-477.9 0.999742
-477.7 0.999742
-477.5 0.999785
-477.3 0.999785
-477.1 0.999785
-476.9 0.999785
-476.7 0.999785
-476.5 0.999785
-476.3 0.999785
-476.1 0.999785
-475.9 0.999785
-475.7 0.999785
-475.5 0.999785
-475.3 0.999785
-475.1 0.999785
-474.9 0.999785
-474.7 0.999785
-474.5 0.999828
-474.3 0.999828
-474.1 0.999828
-473.9 0.999828
-473.7 0.999828
-473.5 0.999828
-473.3 0.999828
-473.1 0.999828
-472.9 0.999828
-472.7 0.999828
-472.5 0.999828
-472.3 0.999828
-472.1 0.999828
-471.9 0.999828
-471.7 0.999828
-471.5 0.999828
-471.3 0.999828
-471.1 0.999828
-470.9 0.999828
-470.7 0.999828
-470.5 0.999828
-470.3 0.999828
-470.1 0.999828
-469.9 0.999828
-469.7 0.999828
-469.5 0.999828
-469.3 0.999828
-469.1 0.999828
-468.9 0.999828
-468.7 0.999828
-468.5 0.999828
-468.3 0.999828
-468.1 0.999828
-467.9 0.999828
-467.7 0.999828
-467.5 0.999828
-467.3 0.999828
-467.1 0.999828
-466.9 0.999828
-466.7 0.999828
-466.5 0.999828
-466.3 0.999828
-466.1 0.999828
-465.9 0.999828
-465.7 0.999828
-465.5 0.999828
-465.3 0.999828
-465.1 0.999828
-464.9 0.999828
-464.7 0.999828
-464.5 0.999828
-464.3 0.999828
-464.1 0.999828
-463.9 0.999828
-463.7 0.999828
-463.5 0.999828
-463.3 0.999828
-463.1 0.999828
-462.9 0.999828
-462.7 0.999828
-462.5 0.999828
-462.3 0.999828
-462.1 0.999828
-461.9 0.999828
-461.7 0.999828
-461.5 0.999828
-461.3 0.999828
-461.1 0.999828
-460.9 0.999828
-460.7 0.999828
-460.5 0.999828
-460.3 0.999828
-460.1 0.999828
-459.9 0.999828
-459.7 0.999828
-459.5 0.999828
-459.3 0.999828
-459.1 0.999828
-458.9 0.999828
-458.7 0.999828
-458.5 0.999828
-458.3 0.999828
-458.1 0.999828
-457.9 0.999828
-457.7 0.999828
-457.5 0.999828
-457.3 0.999828
-457.1 0.999828
-456.9 0.999828
-456.7 0.999828
-456.5 0.999828
-456.3 0.999828
-456.1 0.999828
-455.9 0.999828
-455.7 0.999828
-455.5 0.999828
-455.3 0.999828
-455.1 0.999828
-454.9 0.999828
-454.7 0.999828
-454.5 0.999828
-454.3 0.999828
-454.1 0.999828
-453.9 0.999828
-453.7 0.999828
-453.5 0.999828
-453.3 0.999828
-453.1 0.999828
-452.9 0.999828
-452.7 0.999828
-452.5 0.999828
-452.3 0.999828
-452.1 0.999828
-451.9 0.999828
-451.7 0.999828
-451.5 0.999828
-451.3 0.999828
-451.1 0.999828
-450.9 0.999828
-450.7 0.999828
-450.5 0.999828
-450.3 0.999828
-450.1 0.999828
-449.9 0.999828
-449.7 0.999828
-449.5 0.999828
-449.3 0.999871
-449.1 0.999871
-448.9 0.999871
-448.7 0.999871
-448.5 0.999871
-448.3 0.999871
-448.1 0.999871
-447.9 0.999871
-447.7 0.999871
-447.5 0.999871
-447.3 0.999871
-447.1 0.999871
-446.9 0.999871
-446.7 0.999871
-446.5 0.999871
-446.3 0.999914
-446.1 0.999914
-445.9 0.999914
-445.7 0.999914
-445.5 0.999914
-445.3 0.999914
-445.1 0.999914
-444.9 0.999914
-444.7 0.999914
-444.5 0.999914
-444.3 0.999914
-444.1 0.999914
-443.9 0.999914
-443.7 0.999914
-443.5 0.999914
-443.3 0.999914
-443.1 0.999914
-442.9 0.999914
-442.7 0.999914
-442.5 0.999914
-442.3 0.999914
-442.1 0.999914
-441.9 0.999914
-441.7 0.999914
-441.5 0.999914
-441.3 0.999914
-441.1 0.999914
-440.9 0.999914
-440.7 0.999914
-440.5 0.999914
-440.3 0.999914
-440.1 0.999914
-439.9 0.999914
-439.7 0.999914
-439.5 0.999914
-439.3 0.999914
-439.1 0.999914
-438.9 0.999914
-438.7 0.999914
-438.5 0.999914
-438.3 0.999914
-438.1 0.999914
-437.9 0.999914
-437.7 0.999914
-437.5 0.999914
-437.3 0.999914
-437.1 0.999914
-436.9 0.999914
-436.7 0.999914
-436.5 0.999914
-436.3 0.999914
-436.1 0.999914
-435.9 0.999914
-435.7 0.999914
-435.5 0.999914
-435.3 0.999914
-435.1 0.999914
-434.9 0.999914
-434.7 0.999914
-434.5 0.999957
-434.3 0.999957
-434.1 0.999957
-433.9 0.999957
-433.7 0.999957
-433.5 0.999957
-433.3 0.999957
-433.1 0.999957
-432.9 0.999957
-432.7 0.999957
-432.5 0.999957
-432.3 0.999957
-432.1 0.999957
-431.9 0.999957
-431.7 0.999957
-431.5 0.999957
-431.3 0.999957
-431.1 0.999957
-430.9 0.999957
-430.7 0.999957
-430.5 0.999957
-430.3 0.999957
-430.1 0.999957
-429.9 0.999957
-429.7 0.999957
-429.5 0.999957
-429.3 0.999957
-429.1 0.999957
-428.9 0.999957
-428.7 0.999957
-428.5 0.999957
-428.3 0.999957
-428.1 1
