-59.9 0
-59.7 0
-59.5 0
-59.3 0
-59.1 0
-58.9 0
-58.7 0
-58.5 0
-58.3 0
-58.1 0
-57.9 0
-57.7 0
-57.5 0
-57.3 0
-57.1 0
-56.9 0
-56.7 0
-56.5 0
-56.3 0
-56.1 0
-55.9 0
-55.7 0
-55.5 0
-55.3 0
-55.1 0
-54.9 0
-54.7 0
-54.5 0
-54.3 0
-54.1 0
-53.9 0
-53.7 0
-53.5 0
-53.3 0
-53.1 0
-52.9 0
-52.7 0
-52.5 0
-52.3 0
-52.1 0
-51.9 0
-51.7 0
-51.5 0
-51.3 0
-51.1 0
-50.9 0
-50.7 0
-50.5 0
-50.3 0
-50.1 0
-49.9 0
-49.7 0
-49.5 0
-49.3 0
-49.1 0
-48.9 0
-48.7 0
-48.5 0
-48.3 0
-48.1 0
-47.9 0
-47.7 0
-47.5 0
-47.3 0
-47.1 0
-46.9 0
-46.7 0
-46.5 0
-46.3 0
-46.1 0
-45.9 0
-45.7 0
-45.5 0
-45.3 0
-45.1 0
-44.9 0
-44.7 0
-44.5 0
-44.3 0
-44.1 0
-43.9 0
-43.7 0
-43.5 0
-43.3 0
-43.1 0
-42.9 0
-42.7 0
-42.5 0
-42.3 0
-42.1 0
-41.9 0
-41.7 0
-41.5 0
-41.3 0
-41.1 1
-40.9 0
-40.7 0
-40.5 1
-40.3 0
-40.1 2
-39.9 2
-39.7 2
-39.5 6
-39.3 2
-39.1 7
-38.9 9
-38.7 11
-38.5 5
-38.3 15
-38.1 13
-37.9 16
-37.7 17
-37.5 19
-37.3 17
-37.1 23
-36.9 20
-36.7 20
-36.5 14
-36.3 15
-36.1 21
-35.9 22
-35.7 18
-35.5 18
-35.3 22
-35.1 18
-34.9 29
-34.7 22
-34.5 21
-34.3 24
-34.1 27
-33.9 20
-33.7 26
-33.5 19
-33.3 21
-33.1 22
-32.9 21
-32.7 18
-32.5 24
-32.3 25
-32.1 26
-31.9 18
-31.7 22
-31.5 17
-31.3 26
-31.1 29
-30.9 15
-30.7 21
-30.5 17
-30.3 31
-30.1 24
-29.9 29
-29.7 14
-29.5 23
-29.3 20
-29.1 11
-28.9 18
-28.7 16
-28.5 11
-28.3 23
-28.1 21
-27.9 19
-27.7 23
-27.5 27
-27.3 16
-27.1 18
-26.9 17
-26.7 18
-26.5 17
-26.3 22
-26.1 19
-25.9 17
-25.7 19
-25.5 16
-25.3 18
-25.1 25
-24.9 14
-24.7 23
-24.5 20
-24.3 16
-24.1 20
-23.9 18
-23.7 15
-23.5 23
-23.3 18
-23.1 16
-22.9 14
-22.7 15
-22.5 20
-22.3 20
-22.1 19
-21.9 20
-21.7 15
-21.5 20
-21.3 20
-21.1 15
-20.9 18
-20.7 17
-20.5 25
-20.3 17
-20.1 10
-19.9 14
-19.7 17
-19.5 16
-19.3 16
-19.1 18
-18.9 23
-18.7 27
-18.5 27
-18.3 29
-18.1 21
-17.9 27
-17.7 14
-17.5 22
-17.3 14
-17.1 20
-16.9 7
-16.7 20
-16.5 24
-16.3 16
-16.1 18
-15.9 24
-15.7 29
-15.5 9
-15.3 11
-15.1 22
-14.9 24
-14.7 18
-14.5 26
-14.3 17
-14.1 28
-13.9 21
-13.7 20
-13.5 12
-13.3 21
-13.1 16
-12.9 19
-12.7 26
-12.5 15
-12.3 24
-12.1 23
-11.9 21
-11.7 14
-11.5 24
-11.3 16
-11.1 15
-10.9 20
-10.7 19
-10.5 16
-10.3 19
-10.1 18
-9.9 16
-9.7 15
-9.5 24
-9.3 19
-9.1 10
-8.9 20
-8.7 16
-8.5 14
-8.3 20
-8.1 18
-7.9 17
-7.7 19
-7.5 10
-7.3 8
-7.1 18
-6.9 17
-6.7 17
-6.5 17
-6.3 27
-6.1 22
-5.9 20
-5.7 16
-5.5 13
-5.3 16
-5.1 14
-4.9 18
-4.7 17
-4.5 10
-4.3 11
-4.1 12
-3.9 11
-3.7 22
-3.5 16
-3.3 16
-3.1 10
-2.9 14
-2.7 14
-2.5 9
-2.3 12
-2.1 14
-1.9 8
-1.7 9
-1.5 5
-1.3 9
-1.1 15
-0.9 8
-0.7 6
-0.5 7
-0.3 10
-0.1 8
0.1 7
0.3 6
0.5 8
0.7 7
0.9 6
1.1 9
1.3 5
1.5 2
1.7 6
1.9 5
2.1 5
2.3 5
2.5 5
2.7 5
2.9 7
3.1 3
3.3 6
3.5 4
3.7 3
3.9 6
4.1 3
4.3 4
4.5 5
4.7 5
4.9 3
5.1 4
5.3 2
5.5 5
5.7 0
5.9 2
6.1 2
6.3 1
6.5 1
6.7 1
6.9 3
7.1 2
7.3 1
7.5 1
7.7 1
7.9 1
8.1 2
8.3 3
8.5 1
8.7 1
8.9 0
9.1 1
9.3 1
9.5 2
9.7 1
9.9 0
10.1 1
10.3 1
10.5 3
10.7 3
10.9 0
11.1 3
11.3 0
11.5 3
11.7 2
11.9 0
12.1 0
12.3 2
12.5 2
12.7 0
12.9 0
13.1 0
13.3 1
13.5 0
13.7 1
13.9 1
14.1 0
14.3 0
14.5 0
14.7 0
14.9 1
15.1 1
15.3 1
15.5 1
15.7 0
15.9 1
16.1 2
16.3 1
16.5 0
16.7 0
16.9 0
17.1 0
17.3 2
17.5 1
17.7 0
17.9 0
18.1 0
18.3 0
18.5 0
18.7 0
18.9 0
19.1 1
19.3 0
19.5 0
19.7 0
19.9 0
20.1 0
20.3 0
20.5 0
20.7 0
20.9 0
21.1 0
21.3 1
21.5 0
21.7 0
21.9 0
22.1 0
22.3 0
22.5 0
22.7 0
22.9 0
23.1 1
23.3 0
23.5 0
23.7 0
23.9 0
24.1 0
24.3 0
24.5 0
24.7 0
24.9 0
25.1 0
25.3 0
25.5 0
25.7 0
25.9 0
26.1 0
26.3 0
26.5 0
26.7 0
26.9 0
27.1 0
27.3 0
27.5 0
27.7 0
27.9 0
28.1 0
28.3 0
28.5 0
28.7 0
28.9 0
29.1 0
29.3 0
29.5 0
29.7 0
29.9 0
