400
0 0
0.001 0.00550886
0.002 0.0110995
0.003 0.0168537
0.004 0.0223152
0.005 0.0279618
0.006 0.0336342
0.007 0.039242
0.008 0.0450737
0.009 0.0507375
0.01 0.056384
0.011 0.0621167
0.012 0.0678838
0.013 0.0736853
0.014 0.0794438
0.015 0.0851678
0.016 0.0909952
0.017 0.0965815
0.018 0.102168
0.019 0.108047
0.02 0.114094
0.021 0.120287
0.022 0.126286
0.023 0.132312
0.024 0.138569
0.025 0.144509
0.026 0.150396
0.027 0.156594
0.028 0.162662
0.029 0.168674
0.03 0.174992
0.031 0.181052
0.032 0.186978
0.033 0.192746
0.034 0.198792
0.035 0.204921
0.036 0.210753
0.037 0.216731
0.038 0.222717
0.039 0.228407
0.04 0.234479
0.041 0.240432
0.042 0.246113
0.043 0.251837
0.044 0.258056
0.045 0.263758
0.046 0.269607
0.047 0.275546
0.048 0.281464
0.049 0.287265
0.05 0.293291
0.051 0.299505
0.052 0.305217
0.053 0.31104
0.054 0.317388
0.055 0.323327
0.056 0.329451
0.057 0.335584
0.058 0.341528
0.059 0.3476
0.06 0.353535
0.061 0.359539
0.062 0.365418
0.063 0.371375
0.064 0.377469
0.065 0.383382
0.066 0.389511
0.067 0.395657
0.068 0.401708
0.069 0.407303
0.07 0.413384
0.071 0.419543
0.072 0.425456
0.073 0.431352
0.074 0.437171
0.075 0.443347
0.076 0.449054
0.077 0.455664
0.078 0.461741
0.079 0.467689
0.08 0.473715
0.081 0.479748
0.082 0.485714
0.083 0.491541
0.084 0.497299
0.085 0.503316
0.086 0.509449
0.087 0.515483
0.088 0.52122
0.089 0.527262
0.09 0.533193
0.091 0.539098
0.092 0.545089
0.093 0.551049
0.094 0.557178
0.095 0.56301
0.096 0.569095
0.097 0.575
0.098 0.581254
0.099 0.587313
0.1 0.592835
0.101 0.598878
0.102 0.604666
0.103 0.610463
0.104 0.616527
0.105 0.622682
0.106 0.628569
0.107 0.634539
0.108 0.640392
0.109 0.646469
0.11 0.652658
0.111 0.658898
0.112 0.665113
0.113 0.670824
0.114 0.676841
0.115 0.682845
0.116 0.688711
0.117 0.694448
0.118 0.700198
0.119 0.706094
0.12 0.712214
0.121 0.717895
0.122 0.723894
0.123 0.72976
0.124 0.735506
0.125 0.74132
0.126 0.746717
0.127 0.752347
0.128 0.757924
0.129 0.763666
0.13 0.769506
0.131 0.775187
0.132 0.780911
0.133 0.786493
0.134 0.792006
0.135 0.797214
0.136 0.802443
0.137 0.807728
0.138 0.812858
0.139 0.817794
0.14 0.82277
0.141 0.828007
0.142 0.832819
0.143 0.838001
0.144 0.842498
0.145 0.847512
0.146 0.851958
0.147 0.856567
0.148 0.86134
0.149 0.865786
0.15 0.870167
0.151 0.874368
0.152 0.878577
0.153 0.882506
0.154 0.886496
0.155 0.890567
0.156 0.894381
0.157 0.898082
0.158 0.901766
0.159 0.905153
0.16 0.908751
0.161 0.912366
0.162 0.91559
0.163 0.918731
0.164 0.921933
0.165 0.924976
0.166 0.927967
0.167 0.930967
0.168 0.933769
0.169 0.936304
0.17 0.938964
0.171 0.941374
0.172 0.943534
0.173 0.945712
0.174 0.947868
0.175 0.949818
0.176 0.95181
0.177 0.953579
0.178 0.955301
0.179 0.957018
0.18 0.958688
0.181 0.960216
0.182 0.961606
0.183 0.963043
0.184 0.964451
0.185 0.965613
0.186 0.966938
0.187 0.968027
0.188 0.969112
0.189 0.970304
0.19 0.971298
0.191 0.972232
0.192 0.97323
0.193 0.974108
0.194 0.974883
0.195 0.975666
0.196 0.976463
0.197 0.977254
0.198 0.977977
0.199 0.978649
0.2 0.979307
0.201 0.97994
0.202 0.980482
0.203 0.98102
0.204 0.981502
0.205 0.982006
0.206 0.982595
0.207 0.983052
0.208 0.983542
0.209 0.983943
0.21 0.984347
0.211 0.984829
0.212 0.985225
0.213 0.985608
0.214 0.986021
0.215 0.986374
0.216 0.986744
0.217 0.987084
0.218 0.987429
0.219 0.987782
0.22 0.988057
0.221 0.988315
0.222 0.988552
0.223 0.988836
0.224 0.98906
0.225 0.989296
0.226 0.989512
0.227 0.989783
0.228 0.989994
0.229 0.990174
0.23 0.990415
0.231 0.990635
0.232 0.990829
0.233 0.991039
0.234 0.991216
0.235 0.991375
0.236 0.991556
0.237 0.991732
0.238 0.99187
0.239 0.992038
0.24 0.992206
0.241 0.992365
0.242 0.992486
0.243 0.992645
0.244 0.992813
0.245 0.993011
0.246 0.993148
0.247 0.993277
0.248 0.993419
0.249 0.99354
0.25 0.993648
0.251 0.993751
0.252 0.993863
0.253 0.993957
0.254 0.994035
0.255 0.994138
0.256 0.994272
0.257 0.994371
0.258 0.994457
0.259 0.994564
0.26 0.994616
0.261 0.994724
0.262 0.994801
0.263 0.994887
0.264 0.994995
0.265 0.995072
0.266 0.99515
0.267 0.995227
0.268 0.995322
0.269 0.995404
0.27 0.99549
0.271 0.99558
0.272 0.995614
0.273 0.995683
0.274 0.995769
0.275 0.995855
0.276 0.995963
0.277 0.996023
0.278 0.996096
0.279 0.996178
0.28 0.996226
0.281 0.996294
0.282 0.996359
0.283 0.996411
0.284 0.996479
0.285 0.996535
0.286 0.9966
0.287 0.99666
0.288 0.996721
0.289 0.996759
0.29 0.996824
0.291 0.996854
0.292 0.996897
0.293 0.996944
0.294 0.997009
0.295 0.997035
0.296 0.997086
0.297 0.99719
0.298 0.997237
0.299 0.997289
0.3 0.997336
0.301 0.997375
0.302 0.997422
0.303 0.997491
0.304 0.997517
0.305 0.997577
0.306 0.997607
0.307 0.997663
0.308 0.997702
0.309 0.997749
0.31 0.997796
0.311 0.997835
0.312 0.997861
0.313 0.997913
0.314 0.997943
0.315 0.997977
0.316 0.998016
0.317 0.998072
0.318 0.998098
0.319 0.998132
0.32 0.998167
0.321 0.998205
0.322 0.998244
0.323 0.998274
0.324 0.998313
0.325 0.998365
0.326 0.998408
0.327 0.998425
0.328 0.998455
0.329 0.998519
0.33 0.998541
0.331 0.998563
0.332 0.998575
0.333 0.998606
0.334 0.998636
0.335 0.998657
0.336 0.998687
0.337 0.998709
0.338 0.998739
0.339 0.998752
0.34 0.998782
0.341 0.998825
0.342 0.998847
0.343 0.998872
0.344 0.99889
0.345 0.998911
0.346 0.998946
0.347 0.99898
0.348 0.999006
0.349 0.999023
0.35 0.999032
0.351 0.999053
0.352 0.999088
0.353 0.999109
0.354 0.999144
0.355 0.999161
0.356 0.999195
0.357 0.999221
0.358 0.999251
0.359 0.999268
0.36 0.999281
0.361 0.999294
0.362 0.99932
0.363 0.999354
0.364 0.99938
0.365 0.999406
0.366 0.999415
0.367 0.999415
0.368 0.999436
0.369 0.999462
0.37 0.999475
0.371 0.999505
0.372 0.999527
0.373 0.999548
0.374 0.99957
0.375 0.999587
0.376 0.999604
0.377 0.99963
0.378 0.999656
0.379 0.999686
0.38 0.999707
0.381 0.999725
0.382 0.999746
0.383 0.999768
0.384 0.999776
0.385 0.999798
0.386 0.999811
0.387 0.999824
0.388 0.999836
0.389 0.999849
0.39 0.999854
0.391 0.999854
0.392 0.999867
0.393 0.999871
0.394 0.999884
0.395 0.999905
0.396 0.999923
0.397 0.999931
0.398 0.999957
0.399 0.999974
0.4 1
