-49.9 0
-49.7 0
-49.5 0
-49.3 0
-49.1 0
-48.9 0
-48.7 0
-48.5 0
-48.3 0
-48.1 0
-47.9 0
-47.7 0
-47.5 0
-47.3 0
-47.1 0
-46.9 0
-46.7 0
-46.5 0
-46.3 0
-46.1 0
-45.9 0
-45.7 0
-45.5 0
-45.3 0
-45.1 0
-44.9 0
-44.7 0
-44.5 0
-44.3 0
-44.1 0
-43.9 0
-43.7 0
-43.5 0
-43.3 0
-43.1 0
-42.9 0
-42.7 0
-42.5 0
-42.3 0
-42.1 0
-41.9 0
-41.7 0
-41.5 0
-41.3 0
-41.1 0
-40.9 0
-40.7 0
-40.5 0
-40.3 0
-40.1 0
-39.9 0
-39.7 0
-39.5 0
-39.3 0
-39.1 0
-38.9 0
-38.7 0
-38.5 0
-38.3 0
-38.1 0
-37.9 0
-37.7 0
-37.5 0
-37.3 0
-37.1 0
-36.9 0
-36.7 0
-36.5 0
-36.3 0
-36.1 0
-35.9 0
-35.7 0
-35.5 0
-35.3 0
-35.1 0
-34.9 0
-34.7 0
-34.5 0
-34.3 0
-34.1 0
-33.9 0
-33.7 0
-33.5 0
-33.3 0
-33.1 0
-32.9 0
-32.7 0
-32.5 0
-32.3 0
-32.1 0
-31.9 0
-31.7 0
-31.5 0
-31.3 0
-31.1 0
-30.9 0
-30.7 0
-30.5 0
-30.3 0
-30.1 0
-29.9 0
-29.7 0
-29.5 0
-29.3 0
-29.1 0
-28.9 0
-28.7 0
-28.5 0
-28.3 0
-28.1 0
-27.9 0
-27.7 0
-27.5 0
-27.3 0
-27.1 0
-26.9 0
-26.7 0
-26.5 0
-26.3 0
-26.1 0
-25.9 1
-25.7 0
-25.5 1
-25.3 1
-25.1 0
-24.9 0
-24.7 0
-24.5 0
-24.3 0
-24.1 0
-23.9 0
-23.7 2
-23.5 2
-23.3 0
-23.1 0
-22.9 1
-22.7 0
-22.5 1
-22.3 0
-22.1 0
-21.9 1
-21.7 0
-21.5 4
-21.3 1
-21.1 6
-20.9 3
-20.7 0
-20.5 2
-20.3 7
-20.1 1
-19.9 6
-19.7 4
-19.5 5
-19.3 2
-19.1 6
-18.9 6
-18.7 9
-18.5 6
-18.3 5
-18.1 7
-17.9 12
-17.7 9
-17.5 17
-17.3 10
-17.1 12
-16.9 8
-16.7 9
-16.5 18
-16.3 18
-16.1 22
-15.9 26
-15.7 20
-15.5 23
-15.3 17
-15.1 27
-14.9 20
-14.7 27
-14.5 20
-14.3 26
-14.1 36
-13.9 39
-13.7 25
-13.5 31
-13.3 40
-13.1 49
-12.9 46
-12.7 45
-12.5 43
-12.3 49
-12.1 49
-11.9 57
-11.7 58
-11.5 64
-11.3 54
-11.1 70
-10.9 73
-10.7 53
-10.5 86
-10.3 88
-10.1 95
-9.9 89
-9.7 103
-9.5 85
-9.3 117
-9.1 97
-8.9 116
-8.7 117
-8.5 113
-8.3 117
-8.1 134
-7.9 123
-7.7 130
-7.5 121
-7.3 147
-7.1 154
-6.9 154
-6.7 151
-6.5 174
-6.3 153
-6.1 174
-5.9 173
-5.7 186
-5.5 193
-5.3 218
-5.1 201
-4.9 211
-4.7 220
-4.5 194
-4.3 235
-4.1 231
-3.9 239
-3.7 220
-3.5 219
-3.3 229
-3.1 225
-2.9 258
-2.7 235
-2.5 223
-2.3 246
-2.1 246
-1.9 242
-1.7 238
-1.5 253
-1.3 232
-1.1 275
-0.9 273
-0.7 264
-0.5 251
-0.3 263
-0.1 260
0.1 247
0.3 249
0.5 258
0.7 280
0.9 283
1.1 255
1.3 244
1.5 262
1.7 272
1.9 243
2.1 257
2.3 276
2.5 264
2.7 232
2.9 269
3.1 265
3.3 253
3.5 242
3.7 302
3.9 235
4.1 282
4.3 234
4.5 255
4.7 244
4.9 232
5.1 254
5.3 249
5.5 238
5.7 230
5.9 223
6.1 225
6.3 206
6.5 240
6.7 235
6.9 246
7.1 238
7.3 231
7.5 230
7.7 251
7.9 224
8.1 231
8.3 225
8.5 227
8.7 244
8.9 251
9.1 243
9.3 235
9.5 235
9.7 236
9.9 225
10.1 209
10.3 234
10.5 203
10.7 217
10.9 251
11.1 261
11.3 214
11.5 204
11.7 199
11.9 217
12.1 199
12.3 194
12.5 196
12.7 184
12.9 212
13.1 206
13.3 168
13.5 190
13.7 221
13.9 189
14.1 171
14.3 216
14.5 209
14.7 195
14.9 174
15.1 204
15.3 184
15.5 210
15.7 180
15.9 206
16.1 188
16.3 173
16.5 200
16.7 197
16.9 174
17.1 167
17.3 167
17.5 182
17.7 179
17.9 170
18.1 151
18.3 162
18.5 148
18.7 170
18.9 166
19.1 144
19.3 145
19.5 161
19.7 159
19.9 163
20.1 172
20.3 142
20.5 144
20.7 142
20.9 153
21.1 161
21.3 141
21.5 141
21.7 144
21.9 147
22.1 124
22.3 120
22.5 139
22.7 121
22.9 171
23.1 138
23.3 120
23.5 135
23.7 106
23.9 127
24.1 129
24.3 117
24.5 111
24.7 115
24.9 122
25.1 124
25.3 110
25.5 116
25.7 108
25.9 118
26.1 117
26.3 125
26.5 127
26.7 122
26.9 114
27.1 105
27.3 91
27.5 119
27.7 104
27.9 109
28.1 108
28.3 100
28.5 107
28.7 119
28.9 94
29.1 99
29.3 102
29.5 94
29.7 92
29.9 84
30.1 93
30.3 112
30.5 85
30.7 94
30.9 95
31.1 74
31.3 84
31.5 77
31.7 78
31.9 94
32.1 66
32.3 84
32.5 79
32.7 79
32.9 78
33.1 61
33.3 87
33.5 75
33.7 66
33.9 47
34.1 83
34.3 76
34.5 59
34.7 59
34.9 57
35.1 58
35.3 65
35.5 55
35.7 61
35.9 71
36.1 70
36.3 46
36.5 65
36.7 69
36.9 58
37.1 48
37.3 44
37.5 61
37.7 55
37.9 39
38.1 49
38.3 44
38.5 34
38.7 37
38.9 48
39.1 56
39.3 34
39.5 41
39.7 40
39.9 48
40.1 37
40.3 35
40.5 43
40.7 26
40.9 23
41.1 24
41.3 31
41.5 21
41.7 40
41.9 21
42.1 33
42.3 26
42.5 31
42.7 29
42.9 16
43.1 24
43.3 45
43.5 20
43.7 21
43.9 21
44.1 27
44.3 15
44.5 23
44.7 24
44.9 17
45.1 18
45.3 15
45.5 16
45.7 15
45.9 19
46.1 16
46.3 7
46.5 16
46.7 11
46.9 14
47.1 20
47.3 9
47.5 8
47.7 14
47.9 14
48.1 11
48.3 11
48.5 8
48.7 8
48.9 13
49.1 17
49.3 9
49.5 2
49.7 10
49.9 7
50.1 5
50.3 3
50.5 5
50.7 9
50.9 7
51.1 8
51.3 9
51.5 7
51.7 8
51.9 7
52.1 4
52.3 1
52.5 2
52.7 1
52.9 2
53.1 3
53.3 3
53.5 5
53.7 6
53.9 3
54.1 3
54.3 3
54.5 1
54.7 2
54.9 5
55.1 4
55.3 4
55.5 3
55.7 0
55.9 0
56.1 3
56.3 2
56.5 2
56.7 2
56.9 3
57.1 1
57.3 0
57.5 3
57.7 0
57.9 1
58.1 0
58.3 1
58.5 2
58.7 1
58.9 3
59.1 2
59.3 0
59.5 0
59.7 0
59.9 0
60.1 0
60.3 2
60.5 0
60.7 0
60.9 0
61.1 0
61.3 1
61.5 0
61.7 0
61.9 0
62.1 1
62.3 1
62.5 0
62.7 0
62.9 1
63.1 0
63.3 0
63.5 0
63.7 0
63.9 2
64.1 0
64.3 0
64.5 0
64.7 0
64.9 0
65.1 0
65.3 0
65.5 0
65.7 0
65.9 0
66.1 0
66.3 0
66.5 0
66.7 0
66.9 0
67.1 0
67.3 0
67.5 0
67.7 0
67.9 0
68.1 0
68.3 0
68.5 0
68.7 0
68.9 0
69.1 0
69.3 0
69.5 0
69.7 0
69.9 0
70.1 0
70.3 0
70.5 0
70.7 0
70.9 0
71.1 0
71.3 0
71.5 0
71.7 0
71.9 0
72.1 0
72.3 0
72.5 0
72.7 0
72.9 0
73.1 0
73.3 0
73.5 0
73.7 0
73.9 0
74.1 0
74.3 0
74.5 0
74.7 0
74.9 0
75.1 0
75.3 0
75.5 0
75.7 0
75.9 0
76.1 0
76.3 0
76.5 0
76.7 0
76.9 0
77.1 0
77.3 0
77.5 0
77.7 0
77.9 0
78.1 0
78.3 0
78.5 0
78.7 0
78.9 0
79.1 0
79.3 0
79.5 0
79.7 0
79.9 0
80.1 0
80.3 0
80.5 0
80.7 0
80.9 0
81.1 0
81.3 0
81.5 0
81.7 0
81.9 0
82.1 0
82.3 0
82.5 0
82.7 0
82.9 0
83.1 0
83.3 0
83.5 0
83.7 0
83.9 0
84.1 0
84.3 0
84.5 0
84.7 0
84.9 0
85.1 0
85.3 0
85.5 0
85.7 0
85.9 0
86.1 0
86.3 0
86.5 0
86.7 0
86.9 0
87.1 0
87.3 0
87.5 0
87.7 0
87.9 0
88.1 0
88.3 0
88.5 0
88.7 0
88.9 0
89.1 0
89.3 0
89.5 0
89.7 0
89.9 0
90.1 0
90.3 0
90.5 0
90.7 0
90.9 0
91.1 0
91.3 0
91.5 0
91.7 0
91.9 0
92.1 0
92.3 0
92.5 0
92.7 0
92.9 0
93.1 0
93.3 0
93.5 0
93.7 0
93.9 0
94.1 0
94.3 0
94.5 0
94.7 0
94.9 0
95.1 0
95.3 0
95.5 0
95.7 0
95.9 0
96.1 0
96.3 0
96.5 0
96.7 0
96.9 0
97.1 0
97.3 0
97.5 0
97.7 0
97.9 0
98.1 0
98.3 0
98.5 0
98.7 0
98.9 0
99.1 0
99.3 0
99.5 0
99.7 0
99.9 0
100.1 0
100.3 0
100.5 0
100.7 0
100.9 0
101.1 0
101.3 0
101.5 0
101.7 0
101.9 0
102.1 0
102.3 0
102.5 0
102.7 0
102.9 0
103.1 0
103.3 0
103.5 0
103.7 0
103.9 0
104.1 0
104.3 0
104.5 0
104.7 0
104.9 0
105.1 0
105.3 0
105.5 0
105.7 0
105.9 0
106.1 0
106.3 0
106.5 0
106.7 0
106.9 0
107.1 0
107.3 0
107.5 0
107.7 0
107.9 0
108.1 0
108.3 0
108.5 0
108.7 0
108.9 0
109.1 0
109.3 0
109.5 0
109.7 0
109.9 0
