-29.9 0
-29.7 0
-29.5 0
-29.3 0
-29.1 0
-28.9 0
-28.7 0
-28.5 0
-28.3 0
-28.1 0
-27.9 0
-27.7 0
-27.5 0
-27.3 0
-27.1 0
-26.9 0
-26.7 0
-26.5 0
-26.3 0
-26.1 0
-25.9 0
-25.7 0
-25.5 0
-25.3 0
-25.1 0
-24.9 0
-24.7 0
-24.5 0
-24.3 0
-24.1 0
-23.9 0
-23.7 0
-23.5 0
-23.3 0
-23.1 0
-22.9 0
-22.7 0
-22.5 0
-22.3 2
-22.1 1
-21.9 0
-21.7 2
-21.5 11
-21.3 13
-21.1 8
-20.9 26
-20.7 25
-20.5 38
-20.3 56
-20.1 64
-19.9 65
-19.7 88
-19.5 100
-19.3 106
-19.1 131
-18.9 108
-18.7 133
-18.5 140
-18.3 122
-18.1 149
-17.9 133
-17.7 145
-17.5 123
-17.3 125
-17.1 112
-16.9 112
-16.7 89
-16.5 117
-16.3 128
-16.1 110
-15.9 98
-15.7 92
-15.5 85
-15.3 95
-15.1 84
-14.9 88
-14.7 77
-14.5 91
-14.3 90
-14.1 74
-13.9 88
-13.7 77
-13.5 71
-13.3 75
-13.1 65
-12.9 84
-12.7 76
-12.5 72
-12.3 79
-12.1 64
-11.9 69
-11.7 63
-11.5 57
-11.3 56
-11.1 61
-10.9 68
-10.7 62
-10.5 83
-10.3 61
-10.1 69
-9.9 75
-9.7 70
-9.5 65
-9.3 56
-9.1 60
-8.9 74
-8.7 78
-8.5 45
-8.3 61
-8.1 72
-7.9 72
-7.7 66
-7.5 59
-7.3 62
-7.1 69
-6.9 51
-6.7 51
-6.5 73
-6.3 63
-6.1 50
-5.9 52
-5.7 40
-5.5 65
-5.3 69
-5.1 68
-4.9 51
-4.7 61
-4.5 60
-4.3 58
-4.1 72
-3.9 52
-3.7 83
-3.5 65
-3.3 67
-3.1 68
-2.9 68
-2.7 68
-2.5 48
-2.3 63
-2.1 68
-1.9 58
-1.7 65
-1.5 47
-1.3 64
-1.1 75
-0.9 74
-0.7 61
-0.5 63
-0.3 56
-0.1 59
0.1 69
0.3 69
0.5 64
0.7 49
0.9 72
1.1 69
1.3 67
1.5 68
1.7 76
1.9 73
2.1 63
2.3 64
2.5 67
2.7 76
2.9 53
3.1 48
3.3 66
3.5 60
3.7 63
3.9 61
4.1 63
4.3 50
4.5 61
4.7 65
4.9 52
5.1 62
5.3 58
5.5 57
5.7 54
5.9 55
6.1 70
6.3 64
6.5 59
6.7 63
6.9 50
7.1 65
7.3 69
7.5 67
7.7 55
7.9 74
8.1 67
8.3 64
8.5 59
8.7 49
8.9 77
9.1 64
9.3 59
9.5 56
9.7 74
9.9 58
10.1 53
10.3 57
10.5 43
10.7 48
10.9 72
11.1 60
11.3 57
11.5 74
11.7 59
11.9 85
12.1 57
12.3 48
12.5 63
12.7 57
12.9 60
13.1 76
13.3 63
13.5 51
13.7 48
13.9 66
14.1 54
14.3 56
14.5 67
14.7 53
14.9 66
15.1 72
15.3 47
15.5 73
15.7 62
15.9 57
16.1 63
16.3 55
16.5 60
16.7 58
16.9 57
17.1 63
17.3 61
17.5 50
17.7 62
17.9 70
18.1 67
18.3 44
18.5 54
18.7 62
18.9 53
19.1 51
19.3 67
19.5 54
19.7 68
19.9 56
20.1 59
20.3 64
20.5 50
20.7 61
20.9 61
21.1 49
21.3 62
21.5 61
21.7 50
21.9 56
22.1 56
22.3 62
22.5 71
22.7 66
22.9 60
23.1 64
23.3 55
23.5 49
23.7 55
23.9 59
24.1 68
24.3 59
24.5 67
24.7 53
24.9 58
25.1 49
25.3 48
25.5 66
25.7 54
25.9 52
26.1 43
26.3 61
26.5 47
26.7 50
26.9 59
27.1 50
27.3 47
27.5 50
27.7 53
27.9 52
28.1 65
28.3 60
28.5 52
28.7 47
28.9 54
29.1 56
29.3 56
29.5 51
29.7 67
29.9 50
30.1 62
30.3 49
30.5 66
30.7 45
30.9 50
31.1 58
31.3 53
31.5 53
31.7 60
31.9 57
32.1 65
32.3 56
32.5 50
32.7 55
32.9 62
33.1 45
33.3 68
33.5 47
33.7 47
33.9 51
34.1 68
34.3 61
34.5 63
34.7 51
34.9 42
35.1 44
35.3 56
35.5 52
35.7 50
35.9 52
36.1 61
36.3 55
36.5 47
36.7 42
36.9 59
37.1 61
37.3 50
37.5 49
37.7 44
37.9 51
38.1 53
38.3 51
38.5 54
38.7 51
38.9 51
39.1 59
39.3 46
39.5 54
39.7 46
39.9 60
40.1 54
40.3 31
40.5 58
40.7 52
40.9 50
41.1 52
41.3 46
41.5 47
41.7 44
41.9 58
42.1 37
42.3 50
42.5 42
42.7 38
42.9 49
43.1 41
43.3 48
43.5 44
43.7 46
43.9 47
44.1 39
44.3 36
44.5 45
44.7 55
44.9 44
45.1 40
45.3 52
45.5 44
45.7 45
45.9 42
46.1 31
46.3 53
46.5 42
46.7 39
46.9 40
47.1 52
47.3 42
47.5 48
47.7 40
47.9 35
48.1 49
48.3 33
48.5 32
48.7 41
48.9 38
49.1 36
49.3 31
49.5 30
49.7 46
49.9 38
50.1 24
50.3 34
50.5 34
50.7 28
50.9 27
51.1 35
51.3 31
51.5 24
51.7 27
51.9 23
52.1 29
52.3 30
52.5 26
52.7 18
52.9 22
53.1 28
53.3 27
53.5 28
53.7 26
53.9 19
54.1 14
54.3 20
54.5 19
54.7 25
54.9 24
55.1 17
55.3 17
55.5 23
55.7 19
55.9 14
56.1 13
56.3 12
56.5 17
56.7 16
56.9 14
57.1 15
57.3 20
57.5 13
57.7 28
57.9 11
58.1 13
58.3 16
58.5 13
58.7 15
58.9 19
59.1 17
59.3 11
59.5 14
59.7 16
59.9 12
60.1 7
60.3 12
60.5 12
60.7 11
60.9 16
61.1 14
61.3 11
61.5 15
61.7 13
61.9 14
62.1 20
62.3 14
62.5 14
62.7 14
62.9 12
63.1 8
63.3 8
63.5 12
63.7 11
63.9 7
64.1 15
64.3 9
64.5 13
64.7 4
64.9 11
65.1 13
65.3 5
65.5 6
65.7 11
65.9 6
66.1 7
66.3 6
66.5 6
66.7 7
66.9 7
67.1 4
67.3 10
67.5 10
67.7 6
67.9 2
68.1 4
68.3 4
68.5 2
68.7 8
68.9 5
69.1 5
69.3 8
69.5 1
69.7 7
69.9 7
70.1 2
70.3 7
70.5 4
70.7 6
70.9 2
71.1 7
71.3 5
71.5 5
71.7 7
71.9 4
72.1 6
72.3 4
72.5 4
72.7 5
72.9 2
73.1 6
73.3 3
73.5 6
73.7 2
73.9 4
74.1 4
74.3 6
74.5 2
74.7 4
74.9 8
75.1 2
75.3 1
75.5 3
75.7 3
75.9 5
76.1 2
76.3 3
76.5 5
76.7 2
76.9 1
77.1 6
77.3 4
77.5 5
77.7 4
77.9 0
78.1 7
78.3 2
78.5 3
78.7 2
78.9 1
79.1 2
79.3 5
79.5 0
79.7 1
79.9 3
80.1 2
80.3 0
80.5 3
80.7 1
80.9 2
81.1 3
81.3 3
81.5 0
81.7 1
81.9 2
82.1 3
82.3 1
82.5 2
82.7 0
82.9 1
83.1 2
83.3 2
83.5 1
83.7 2
83.9 4
84.1 2
84.3 1
84.5 2
84.7 0
84.9 1
85.1 1
85.3 1
85.5 1
85.7 2
85.9 1
86.1 2
86.3 1
86.5 0
86.7 0
86.9 0
87.1 1
87.3 3
87.5 5
87.7 2
87.9 1
88.1 0
88.3 0
88.5 2
88.7 0
88.9 3
89.1 2
89.3 2
89.5 1
89.7 4
89.9 1
90.1 2
90.3 0
90.5 2
90.7 1
90.9 1
91.1 2
91.3 0
91.5 2
91.7 2
91.9 2
92.1 2
92.3 0
92.5 0
92.7 2
92.9 2
93.1 0
93.3 0
93.5 2
93.7 1
93.9 0
94.1 0
94.3 0
94.5 1
94.7 1
94.9 0
95.1 0
95.3 0
95.5 0
95.7 0
95.9 0
96.1 1
96.3 0
96.5 0
96.7 0
96.9 0
97.1 0
97.3 0
97.5 0
97.7 0
97.9 0
98.1 0
98.3 0
98.5 0
98.7 0
98.9 0
99.1 0
99.3 0
99.5 0
99.7 0
99.9 0
