300
0.001 0.00725564
0.002 0.0142616
0.003 0.0214732
0.004 0.0285966
0.005 0.035206
0.006 0.0419769
0.007 0.0489682
0.008 0.0559595
0.009 0.0625688
0.01 0.0693692
0.011 0.0762282
0.012 0.0832048
0.013 0.0900198
0.014 0.0965852
0.015 0.103591
0.016 0.110333
0.017 0.117647
0.018 0.124668
0.019 0.131262
0.02 0.138077
0.021 0.145304
0.022 0.151957
0.023 0.158699
0.024 0.165308
0.025 0.171638
0.026 0.178571
0.027 0.185195
0.028 0.191922
0.029 0.198311
0.03 0.204627
0.031 0.211295
0.032 0.218536
0.033 0.225615
0.034 0.232885
0.035 0.23948
0.036 0.246045
0.037 0.253492
0.038 0.260542
0.039 0.267915
0.04 0.275744
0.041 0.282456
0.042 0.289447
0.043 0.296482
0.044 0.303679
0.045 0.311199
0.046 0.317941
0.047 0.324917
0.048 0.33185
0.049 0.338547
0.05 0.34523
0.051 0.352398
0.052 0.35958
0.053 0.366733
0.054 0.373724
0.055 0.381185
0.056 0.388984
0.057 0.395476
0.058 0.402541
0.059 0.409943
0.06 0.417052
0.061 0.424558
0.062 0.431931
0.063 0.439392
0.064 0.446119
0.065 0.453595
0.066 0.460366
0.067 0.467445
0.068 0.475303
0.069 0.482045
0.07 0.489344
0.071 0.49685
0.072 0.504458
0.073 0.511948
0.074 0.518925
0.075 0.526562
0.076 0.533789
0.077 0.541162
0.078 0.548197
0.079 0.554939
0.08 0.562547
0.081 0.56992
0.082 0.577102
0.083 0.584549
0.084 0.592083
0.085 0.599354
0.086 0.606727
0.087 0.613909
0.088 0.620842
0.089 0.627789
0.09 0.634971
0.091 0.642418
0.092 0.649144
0.093 0.656635
0.094 0.663744
0.095 0.671014
0.096 0.678593
0.097 0.685716
0.098 0.69281
0.099 0.700022
0.1 0.70788
0.101 0.715253
0.102 0.722465
0.103 0.729735
0.104 0.736227
0.105 0.742763
0.106 0.750151
0.107 0.757142
0.108 0.763898
0.109 0.770698
0.11 0.777778
0.111 0.785151
0.112 0.791657
0.113 0.798355
0.114 0.805038
0.115 0.812044
0.116 0.818168
0.117 0.824337
0.118 0.830433
0.119 0.835955
0.12 0.841698
0.121 0.847382
0.122 0.852728
0.123 0.858809
0.124 0.864654
0.125 0.869957
0.126 0.876052
0.127 0.881486
0.128 0.886304
0.129 0.890857
0.13 0.89591
0.131 0.900536
0.132 0.905354
0.133 0.909554
0.134 0.91446
0.135 0.918411
0.136 0.922347
0.137 0.926063
0.138 0.929324
0.139 0.932775
0.14 0.935801
0.141 0.939003
0.142 0.942087
0.143 0.945274
0.144 0.948315
0.145 0.951208
0.146 0.953382
0.147 0.955908
0.148 0.95817
0.149 0.960314
0.15 0.962297
0.151 0.964162
0.152 0.966204
0.153 0.967996
0.154 0.969788
0.155 0.971506
0.156 0.972813
0.157 0.974179
0.158 0.975296
0.159 0.976632
0.16 0.977675
0.161 0.978982
0.162 0.980201
0.163 0.98145
0.164 0.982507
0.165 0.98333
0.166 0.984108
0.167 0.985107
0.168 0.985885
0.169 0.986855
0.17 0.987604
0.171 0.988323
0.172 0.988955
0.173 0.989675
0.174 0.990189
0.175 0.990864
0.176 0.991364
0.177 0.991878
0.178 0.992407
0.179 0.992832
0.18 0.993302
0.181 0.993699
0.182 0.994096
0.183 0.994522
0.184 0.994845
0.185 0.995227
0.186 0.99552
0.187 0.995741
0.188 0.996064
0.189 0.996387
0.19 0.996548
0.191 0.996754
0.192 0.996886
0.193 0.997092
0.194 0.997312
0.195 0.99743
0.196 0.997562
0.197 0.997782
0.198 0.997944
0.199 0.998002
0.2 0.998193
0.201 0.998355
0.202 0.998443
0.203 0.998502
0.204 0.998546
0.205 0.998619
0.206 0.998707
0.207 0.998854
0.208 0.998957
0.209 0.999045
0.21 0.999119
0.211 0.999222
0.212 0.999266
0.213 0.999354
0.214 0.999383
0.215 0.999398
0.216 0.999427
0.217 0.999427
0.218 0.999427
0.219 0.999471
0.22 0.999471
0.221 0.999486
0.222 0.999486
0.223 0.999501
0.224 0.999501
0.225 0.999501
0.226 0.999545
0.227 0.999559
0.228 0.999574
0.229 0.999618
0.23 0.999648
0.231 0.999662
0.232 0.999677
0.233 0.999677
0.234 0.999692
0.235 0.999721
0.236 0.999721
0.237 0.99975
0.238 0.999765
0.239 0.99978
0.24 0.99978
0.241 0.999794
0.242 0.999794
0.243 0.999809
0.244 0.999809
0.245 0.999809
0.246 0.999824
0.247 0.999853
0.248 0.999868
0.249 0.999868
0.25 0.999868
0.251 0.999868
0.252 0.999883
0.253 0.999912
0.254 0.999912
0.255 0.999912
0.256 0.999912
0.257 0.999927
0.258 0.999927
0.259 0.999927
0.26 0.999927
0.261 0.999927
0.262 0.999927
0.263 0.999927
0.264 0.999927
0.265 0.999927
0.266 0.999927
0.267 0.999927
0.268 0.999941
0.269 0.999941
0.27 0.999941
0.271 0.999941
0.272 0.999941
0.273 0.999941
0.274 0.999956
0.275 0.999956
0.276 0.999956
0.277 0.999956
0.278 0.999956
0.279 0.999956
0.28 0.999971
0.281 0.999971
0.282 0.999971
0.283 0.999971
0.284 0.999971
0.285 0.999971
0.286 0.999971
0.287 0.999985
0.288 0.999985
0.289 1
0.29 1
0.291 1
0.292 1
0.293 1
0.294 1
0.295 1
0.296 1
0.297 1
0.298 1
0.299 1
0.3 1
