-1109.9 0
-1109.7 0
-1109.5 0
-1109.3 0
-1109.1 0
-1108.9 0
-1108.7 0
-1108.5 0
-1108.3 0
-1108.1 0
-1107.9 0
-1107.7 0
-1107.5 0
-1107.3 0
-1107.1 0
-1106.9 0
-1106.7 0
-1106.5 0
-1106.3 0
-1106.1 0
-1105.9 0
-1105.7 0
-1105.5 0
-1105.3 0
-1105.1 0
-1104.9 0
-1104.7 0
-1104.5 0
-1104.3 0
-1104.1 0
-1103.9 0
-1103.7 0
-1103.5 0
-1103.3 0
-1103.1 0
-1102.9 0
-1102.7 0
-1102.5 0
-1102.3 0
-1102.1 0
-1101.9 0
-1101.7 0
-1101.5 0
-1101.3 0
-1101.1 0
-1100.9 0
-1100.7 0
-1100.5 0
-1100.3 0
-1100.1 0
-1099.9 0
-1099.7 0
-1099.5 0
-1099.3 0
-1099.1 0
-1098.9 0
-1098.7 0
-1098.5 0
-1098.3 0
-1098.1 0
-1097.9 0
-1097.7 0
-1097.5 0
-1097.3 0
-1097.1 0
-1096.9 0
-1096.7 0
-1096.5 0
-1096.3 0
-1096.1 0
-1095.9 0
-1095.7 0
-1095.5 0
-1095.3 0
-1095.1 0
-1094.9 0
-1094.7 0
-1094.5 0
-1094.3 0
-1094.1 0
-1093.9 0
-1093.7 0
-1093.5 0
-1093.3 0
-1093.1 0
-1092.9 0
-1092.7 0
-1092.5 0
-1092.3 0
-1092.1 0
-1091.9 0
-1091.7 0
-1091.5 0
-1091.3 0
-1091.1 0
-1090.9 0
-1090.7 0
-1090.5 0
-1090.3 0
-1090.1 0
-1089.9 0
-1089.7 0
-1089.5 0
-1089.3 0
-1089.1 0
-1088.9 0
-1088.7 0
-1088.5 0
-1088.3 0
-1088.1 0
-1087.9 0
-1087.7 0
-1087.5 0
-1087.3 0
-1087.1 0
-1086.9 0
-1086.7 0
-1086.5 0
-1086.3 0
-1086.1 0
-1085.9 0
-1085.7 0
-1085.5 1
-1085.3 0
-1085.1 0
-1084.9 1
-1084.7 1
-1084.5 0
-1084.3 0
-1084.1 0
-1083.9 0
-1083.7 0
-1083.5 0
-1083.3 0
-1083.1 0
-1082.9 0
-1082.7 0
-1082.5 0
-1082.3 0
-1082.1 0
-1081.9 0
-1081.7 0
-1081.5 1
-1081.3 0
-1081.1 0
-1080.9 0
-1080.7 0
-1080.5 0
-1080.3 0
-1080.1 0
-1079.9 0
-1079.7 0
-1079.5 0
-1079.3 0
-1079.1 0
-1078.9 0
-1078.7 0
-1078.5 0
-1078.3 0
-1078.1 0
-1077.9 0
-1077.7 0
-1077.5 0
-1077.3 0
-1077.1 0
-1076.9 0
-1076.7 0
-1076.5 0
-1076.3 0
-1076.1 0
-1075.9 0
-1075.7 0
-1075.5 0
-1075.3 0
-1075.1 0
-1074.9 0
-1074.7 0
-1074.5 0
-1074.3 0
-1074.1 0
-1073.9 0
-1073.7 0
-1073.5 0
-1073.3 0
-1073.1 0
-1072.9 0
-1072.7 0
-1072.5 0
-1072.3 0
-1072.1 0
-1071.9 0
-1071.7 0
-1071.5 0
-1071.3 0
-1071.1 0
-1070.9 0
-1070.7 0
-1070.5 0
-1070.3 0
-1070.1 0
-1069.9 0
-1069.7 0
-1069.5 0
-1069.3 0
-1069.1 0
-1068.9 0
-1068.7 0
-1068.5 0
-1068.3 0
-1068.1 0
-1067.9 0
-1067.7 0
-1067.5 0
-1067.3 0
-1067.1 0
-1066.9 0
-1066.7 0
-1066.5 0
-1066.3 0
-1066.1 0
-1065.9 0
-1065.7 0
-1065.5 0
-1065.3 0
-1065.1 0
-1064.9 0
-1064.7 0
-1064.5 0
-1064.3 0
-1064.1 0
-1063.9 0
-1063.7 0
-1063.5 0
-1063.3 0
-1063.1 0
-1062.9 0
-1062.7 0
-1062.5 0
-1062.3 0
-1062.1 0
-1061.9 0
-1061.7 0
-1061.5 0
-1061.3 0
-1061.1 0
-1060.9 0
-1060.7 0
-1060.5 0
-1060.3 0
-1060.1 0
-1059.9 0
-1059.7 0
-1059.5 0
-1059.3 0
-1059.1 0
-1058.9 0
-1058.7 1
-1058.5 0
-1058.3 0
-1058.1 0
-1057.9 0
-1057.7 0
-1057.5 0
-1057.3 0
-1057.1 0
-1056.9 0
-1056.7 0
-1056.5 0
-1056.3 0
-1056.1 0
-1055.9 0
-1055.7 0
-1055.5 0
-1055.3 0
-1055.1 0
-1054.9 0
-1054.7 0
-1054.5 0
-1054.3 0
-1054.1 0
-1053.9 0
-1053.7 0
-1053.5 0
-1053.3 0
-1053.1 0
-1052.9 0
-1052.7 0
-1052.5 0
-1052.3 0
-1052.1 0
-1051.9 0
-1051.7 0
-1051.5 0
-1051.3 0
-1051.1 0
-1050.9 0
-1050.7 0
-1050.5 0
-1050.3 0
-1050.1 0
-1049.9 0
-1049.7 0
-1049.5 0
-1049.3 0
-1049.1 0
-1048.9 0
-1048.7 0
-1048.5 0
-1048.3 0
-1048.1 0
-1047.9 0
-1047.7 0
-1047.5 0
-1047.3 0
-1047.1 0
-1046.9 0
-1046.7 0
-1046.5 0
-1046.3 0
-1046.1 0
-1045.9 0
-1045.7 0
-1045.5 0
-1045.3 0
-1045.1 0
-1044.9 0
-1044.7 0
-1044.5 0
-1044.3 0
-1044.1 0
-1043.9 0
-1043.7 0
-1043.5 0
-1043.3 0
-1043.1 0
-1042.9 0
-1042.7 0
-1042.5 0
-1042.3 0
-1042.1 0
-1041.9 0
-1041.7 0
-1041.5 0
-1041.3 0
-1041.1 0
-1040.9 0
-1040.7 0
-1040.5 0
-1040.3 0
-1040.1 0
-1039.9 0
-1039.7 0
-1039.5 0
-1039.3 0
-1039.1 0
-1038.9 0
-1038.7 0
-1038.5 0
-1038.3 0
-1038.1 0
-1037.9 0
-1037.7 0
-1037.5 0
-1037.3 0
-1037.1 0
-1036.9 0
-1036.7 0
-1036.5 0
-1036.3 0
-1036.1 0
-1035.9 0
-1035.7 0
-1035.5 0
-1035.3 0
-1035.1 0
-1034.9 0
-1034.7 0
-1034.5 0
-1034.3 0
-1034.1 0
-1033.9 0
-1033.7 0
-1033.5 0
-1033.3 0
-1033.1 0
-1032.9 0
-1032.7 0
-1032.5 0
-1032.3 0
-1032.1 0
-1031.9 0
-1031.7 0
-1031.5 0
-1031.3 0
-1031.1 0
-1030.9 0
-1030.7 0
-1030.5 0
-1030.3 0
-1030.1 0
-1029.9 0
-1029.7 0
-1029.5 0
-1029.3 0
-1029.1 0
-1028.9 0
-1028.7 0
-1028.5 0
-1028.3 0
-1028.1 0
-1027.9 0
-1027.7 0
-1027.5 0
-1027.3 0
-1027.1 0
-1026.9 0
-1026.7 0
-1026.5 0
-1026.3 0
-1026.1 0
-1025.9 0
-1025.7 0
-1025.5 0
-1025.3 0
-1025.1 0
-1024.9 0
-1024.7 0
-1024.5 0
-1024.3 0
-1024.1 0
-1023.9 0
-1023.7 0
-1023.5 0
-1023.3 0
-1023.1 0
-1022.9 0
-1022.7 0
-1022.5 0
-1022.3 0
-1022.1 0
-1021.9 0
-1021.7 0
-1021.5 0
-1021.3 0
-1021.1 0
-1020.9 0
-1020.7 0
-1020.5 0
-1020.3 0
-1020.1 0
-1019.9 0
-1019.7 0
-1019.5 0
-1019.3 0
-1019.1 0
-1018.9 0
-1018.7 0
-1018.5 0
-1018.3 0
-1018.1 0
-1017.9 1
-1017.7 0
-1017.5 0
-1017.3 0
-1017.1 0
-1016.9 0
-1016.7 0
-1016.5 0
-1016.3 0
-1016.1 0
-1015.9 0
-1015.7 0
-1015.5 0
-1015.3 0
-1015.1 0
-1014.9 0
-1014.7 0
-1014.5 0
-1014.3 0
-1014.1 0
-1013.9 0
-1013.7 0
-1013.5 0
-1013.3 0
-1013.1 0
-1012.9 0
-1012.7 0
-1012.5 0
-1012.3 0
-1012.1 0
-1011.9 0
-1011.7 0
-1011.5 0
-1011.3 0
-1011.1 0
-1010.9 0
-1010.7 0
-1010.5 0
-1010.3 0
-1010.1 0
-1009.9 0
-1009.7 0
-1009.5 0
-1009.3 0
-1009.1 0
-1008.9 0
-1008.7 0
-1008.5 0
-1008.3 0
-1008.1 0
-1007.9 0
-1007.7 0
-1007.5 0
-1007.3 0
-1007.1 0
-1006.9 0
-1006.7 0
-1006.5 0
-1006.3 0
-1006.1 0
-1005.9 0
-1005.7 0
-1005.5 0
-1005.3 0
-1005.1 0
-1004.9 0
-1004.7 0
-1004.5 0
-1004.3 0
-1004.1 0
-1003.9 0
-1003.7 0
-1003.5 0
-1003.3 0
-1003.1 0
-1002.9 0
-1002.7 0
-1002.5 0
-1002.3 0
-1002.1 0
-1001.9 0
-1001.7 0
-1001.5 0
-1001.3 0
-1001.1 0
-1000.9 0
-1000.7 0
-1000.5 0
-1000.3 0
-1000.1 0
-999.9 0
-999.7 0
-999.5 0
-999.3 0
-999.1 0
-998.9 0
-998.7 0
-998.5 0
-998.3 0
-998.1 0
-997.9 0
-997.7 0
-997.5 0
-997.3 0
-997.1 0
-996.9 1
-996.7 0
-996.5 0
-996.3 0
-996.1 0
-995.9 0
-995.7 0
-995.5 0
-995.3 0
-995.1 0
-994.9 0
-994.7 0
-994.5 0
-994.3 2
-994.1 0
-993.9 0
-993.7 0
-993.5 0
-993.3 0
-993.1 2
-992.9 0
-992.7 0
-992.5 0
-992.3 2
-992.1 3
-991.9 1
-991.7 0
-991.5 2
-991.3 3
-991.1 0
-990.9 2
-990.7 0
-990.5 0
-990.3 0
-990.1 3
-989.9 0
-989.7 1
-989.5 0
-989.3 2
-989.1 1
-988.9 2
-988.7 3
-988.5 2
-988.3 2
-988.1 1
-987.9 2
-987.7 3
-987.5 1
-987.3 4
-987.1 2
-986.9 0
-986.7 4
-986.5 1
-986.3 4
-986.1 5
-985.9 2
-985.7 3
-985.5 2
-985.3 2
-985.1 6
-984.9 2
-984.7 4
-984.5 3
-984.3 3
-984.1 2
-983.9 7
-983.7 4
-983.5 2
-983.3 3
-983.1 5
-982.9 3
-982.7 6
-982.5 3
-982.3 3
-982.1 6
-981.9 4
-981.7 2
-981.5 4
-981.3 7
-981.1 5
-980.9 6
-980.7 3
-980.5 7
-980.3 6
-980.1 7
-979.9 3
-979.7 6
-979.5 3
-979.3 5
-979.1 3
-978.9 4
-978.7 5
-978.5 6
-978.3 3
-978.1 4
-977.9 5
-977.7 5
-977.5 11
-977.3 6
-977.1 7
-976.9 9
-976.7 3
-976.5 10
-976.3 8
-976.1 5
-975.9 4
-975.7 11
-975.5 10
-975.3 7
-975.1 4
-974.9 9
-974.7 19
-974.5 6
-974.3 5
-974.1 6
-973.9 17
-973.7 13
-973.5 6
-973.3 11
-973.1 12
-972.9 10
-972.7 17
-972.5 7
-972.3 10
-972.1 11
-971.9 13
-971.7 13
-971.5 14
-971.3 6
-971.1 18
-970.9 11
-970.7 10
-970.5 16
-970.3 19
-970.1 13
-969.9 12
-969.7 14
-969.5 17
-969.3 8
-969.1 10
-968.9 18
-968.7 16
-968.5 17
-968.3 12
-968.1 14
-967.9 18
-967.7 18
-967.5 17
-967.3 22
-967.1 15
-966.9 21
-966.7 23
-966.5 21
-966.3 13
-966.1 19
-965.9 21
-965.7 21
-965.5 17
-965.3 26
-965.1 22
-964.9 18
-964.7 22
-964.5 22
-964.3 29
-964.1 23
-963.9 20
-963.7 19
-963.5 18
-963.3 32
-963.1 28
-962.9 23
-962.7 27
-962.5 26
-962.3 33
-962.1 24
-961.9 34
-961.7 32
-961.5 30
-961.3 19
-961.1 28
-960.9 28
-960.7 31
-960.5 30
-960.3 35
-960.1 34
-959.9 29
-959.7 42
-959.5 39
-959.3 33
-959.1 44
-958.9 28
-958.7 31
-958.5 28
-958.3 42
-958.1 43
-957.9 34
-957.7 37
-957.5 42
-957.3 40
-957.1 40
-956.9 58
-956.7 47
-956.5 28
-956.3 38
-956.1 39
-955.9 26
-955.7 37
-955.5 42
-955.3 41
-955.1 43
-954.9 29
-954.7 46
-954.5 40
-954.3 45
-954.1 51
-953.9 50
-953.7 43
-953.5 43
-953.3 42
-953.1 48
-952.9 55
-952.7 50
-952.5 48
-952.3 44
-952.1 47
-951.9 38
-951.7 48
-951.5 45
-951.3 56
-951.1 40
-950.9 48
-950.7 53
-950.5 46
-950.3 50
-950.1 49
-949.9 47
-949.7 70
-949.5 53
-949.3 72
-949.1 47
-948.9 65
-948.7 61
-948.5 64
-948.3 55
-948.1 55
-947.9 51
-947.7 60
-947.5 48
-947.3 50
-947.1 58
-946.9 52
-946.7 62
-946.5 49
-946.3 64
-946.1 68
-945.9 64
-945.7 69
-945.5 54
-945.3 80
-945.1 61
-944.9 60
-944.7 56
-944.5 55
-944.3 52
-944.1 71
-943.9 57
-943.7 76
-943.5 60
-943.3 63
-943.1 66
-942.9 46
-942.7 56
-942.5 55
-942.3 58
-942.1 61
-941.9 60
-941.7 53
-941.5 41
-941.3 79
-941.1 63
-940.9 53
-940.7 55
-940.5 37
-940.3 75
-940.1 57
-939.9 63
-939.7 48
-939.5 50
-939.3 46
-939.1 55
-938.9 48
-938.7 70
-938.5 55
-938.3 60
-938.1 59
-937.9 55
-937.7 52
-937.5 64
-937.3 58
-937.1 59
-936.9 58
-936.7 55
-936.5 47
-936.3 58
-936.1 53
-935.9 51
-935.7 57
-935.5 50
-935.3 54
-935.1 52
-934.9 68
-934.7 55
-934.5 52
-934.3 69
-934.1 58
-933.9 58
-933.7 65
-933.5 51
-933.3 56
-933.1 50
-932.9 61
-932.7 53
-932.5 67
-932.3 52
-932.1 50
-931.9 72
-931.7 48
-931.5 70
-931.3 62
-931.1 55
-930.9 59
-930.7 43
-930.5 56
-930.3 57
-930.1 46
-929.9 50
-929.7 43
-929.5 44
-929.3 50
-929.1 59
-928.9 52
-928.7 56
-928.5 51
-928.3 57
-928.1 43
-927.9 53
-927.7 47
-927.5 59
-927.3 37
-927.1 48
-926.9 66
-926.7 48
-926.5 61
-926.3 50
-926.1 48
-925.9 62
-925.7 41
-925.5 59
-925.3 49
-925.1 52
-924.9 58
-924.7 37
-924.5 50
-924.3 39
-924.1 55
-923.9 64
-923.7 65
-923.5 51
-923.3 42
-923.1 47
-922.9 52
-922.7 47
-922.5 57
-922.3 46
-922.1 47
-921.9 48
-921.7 61
-921.5 48
-921.3 46
-921.1 49
-920.9 36
-920.7 48
-920.5 49
-920.3 38
-920.1 53
-919.9 54
-919.7 53
-919.5 46
-919.3 39
-919.1 53
-918.9 47
-918.7 31
-918.5 50
-918.3 31
-918.1 49
-917.9 37
-917.7 40
-917.5 46
-917.3 56
-917.1 61
-916.9 33
-916.7 55
-916.5 43
-916.3 40
-916.1 43
-915.9 40
-915.7 34
-915.5 51
-915.3 39
-915.1 42
-914.9 39
-914.7 40
-914.5 51
-914.3 65
-914.1 44
-913.9 46
-913.7 46
-913.5 38
-913.3 39
-913.1 44
-912.9 45
-912.7 29
-912.5 40
-912.3 27
-912.1 39
-911.9 34
-911.7 44
-911.5 40
-911.3 40
-911.1 44
-910.9 29
-910.7 34
-910.5 45
-910.3 40
-910.1 37
-909.9 35
-909.7 31
-909.5 29
-909.3 33
-909.1 43
-908.9 37
-908.7 35
-908.5 43
-908.3 40
-908.1 46
-907.9 30
-907.7 40
-907.5 39
-907.3 42
-907.1 44
-906.9 36
-906.7 37
-906.5 48
-906.3 38
-906.1 37
-905.9 36
-905.7 28
-905.5 32
-905.3 49
-905.1 44
-904.9 32
-904.7 38
-904.5 29
-904.3 34
-904.1 32
-903.9 40
-903.7 27
-903.5 22
-903.3 35
-903.1 35
-902.9 32
-902.7 38
-902.5 28
-902.3 34
-902.1 31
-901.9 37
-901.7 41
-901.5 40
-901.3 34
-901.1 52
-900.9 31
-900.7 34
-900.5 31
-900.3 23
-900.1 33
-899.9 37
-899.7 33
-899.5 35
-899.3 25
-899.1 36
-898.9 20
-898.7 38
-898.5 26
-898.3 23
-898.1 38
-897.9 32
-897.7 27
-897.5 28
-897.3 21
-897.1 28
-896.9 28
-896.7 34
-896.5 31
-896.3 23
-896.1 34
-895.9 26
-895.7 28
-895.5 32
-895.3 26
-895.1 32
-894.9 24
-894.7 31
-894.5 32
-894.3 31
-894.1 22
-893.9 19
-893.7 27
-893.5 25
-893.3 27
-893.1 29
-892.9 18
-892.7 24
-892.5 23
-892.3 16
-892.1 17
-891.9 26
-891.7 21
-891.5 26
-891.3 30
-891.1 19
-890.9 25
-890.7 28
-890.5 24
-890.3 27
-890.1 35
-889.9 12
-889.7 27
-889.5 31
-889.3 11
-889.1 20
-888.9 27
-888.7 16
-888.5 11
-888.3 25
-888.1 19
-887.9 22
-887.7 27
-887.5 14
-887.3 17
-887.1 22
-886.9 23
-886.7 21
-886.5 28
-886.3 19
-886.1 25
-885.9 16
-885.7 22
-885.5 14
-885.3 26
-885.1 15
-884.9 27
-884.7 27
-884.5 30
-884.3 23
-884.1 20
-883.9 14
-883.7 21
-883.5 26
-883.3 23
-883.1 23
-882.9 21
-882.7 17
-882.5 27
-882.3 18
-882.1 20
-881.9 23
-881.7 17
-881.5 13
-881.3 13
-881.1 20
-880.9 12
-880.7 19
-880.5 13
-880.3 17
-880.1 18
-879.9 23
-879.7 21
-879.5 23
-879.3 17
-879.1 19
-878.9 19
-878.7 19
-878.5 17
-878.3 21
-878.1 16
-877.9 22
-877.7 18
-877.5 26
-877.3 19
-877.1 17
-876.9 16
-876.7 11
-876.5 26
-876.3 14
-876.1 12
-875.9 21
-875.7 16
-875.5 10
-875.3 21
-875.1 17
-874.9 18
-874.7 18
-874.5 15
-874.3 19
-874.1 11
-873.9 22
-873.7 15
-873.5 13
-873.3 15
-873.1 19
-872.9 14
-872.7 14
-872.5 7
-872.3 13
-872.1 14
-871.9 9
-871.7 12
-871.5 16
-871.3 4
-871.1 13
-870.9 12
-870.7 5
-870.5 15
-870.3 17
-870.1 13
-869.9 14
-869.7 12
-869.5 15
-869.3 15
-869.1 14
-868.9 12
-868.7 13
-868.5 18
-868.3 6
-868.1 14
-867.9 8
-867.7 22
-867.5 7
-867.3 5
-867.1 7
-866.9 8
-866.7 10
-866.5 8
-866.3 10
-866.1 13
-865.9 10
-865.7 9
-865.5 6
-865.3 13
-865.1 10
-864.9 10
-864.7 13
-864.5 8
-864.3 12
-864.1 7
-863.9 11
-863.7 11
-863.5 9
-863.3 8
-863.1 10
-862.9 9
-862.7 9
-862.5 5
-862.3 13
-862.1 8
-861.9 8
-861.7 6
-861.5 6
-861.3 14
-861.1 12
-860.9 7
-860.7 4
-860.5 12
-860.3 11
-860.1 7
-859.9 4
-859.7 7
-859.5 12
-859.3 7
-859.1 4
-858.9 4
-858.7 2
-858.5 5
-858.3 6
-858.1 11
-857.9 9
-857.7 5
-857.5 9
-857.3 5
-857.1 9
-856.9 6
-856.7 7
-856.5 5
-856.3 5
-856.1 3
-855.9 9
-855.7 13
-855.5 5
-855.3 8
-855.1 4
-854.9 5
-854.7 3
-854.5 6
-854.3 15
-854.1 7
-853.9 15
-853.7 7
-853.5 4
-853.3 8
-853.1 7
-852.9 8
-852.7 6
-852.5 4
-852.3 2
-852.1 3
-851.9 4
-851.7 4
-851.5 9
-851.3 6
-851.1 7
-850.9 7
-850.7 3
-850.5 2
-850.3 8
-850.1 9
-849.9 4
-849.7 6
-849.5 6
-849.3 4
-849.1 5
-848.9 3
-848.7 5
-848.5 6
-848.3 4
-848.1 3
-847.9 6
-847.7 3
-847.5 1
-847.3 2
-847.1 5
-846.9 2
-846.7 5
-846.5 3
-846.3 3
-846.1 1
-845.9 2
-845.7 6
-845.5 10
-845.3 9
-845.1 6
-844.9 4
-844.7 3
-844.5 2
-844.3 6
-844.1 3
-843.9 0
-843.7 6
-843.5 3
-843.3 3
-843.1 6
-842.9 2
-842.7 3
-842.5 2
-842.3 2
-842.1 4
-841.9 2
-841.7 2
-841.5 5
-841.3 1
-841.1 5
-840.9 2
-840.7 3
-840.5 4
-840.3 1
-840.1 6
-839.9 3
-839.7 4
-839.5 6
-839.3 5
-839.1 0
-838.9 0
-838.7 7
-838.5 3
-838.3 5
-838.1 2
-837.9 6
-837.7 3
-837.5 1
-837.3 4
-837.1 2
-836.9 2
-836.7 6
-836.5 3
-836.3 4
-836.1 4
-835.9 1
-835.7 3
-835.5 7
-835.3 4
-835.1 6
-834.9 1
-834.7 1
-834.5 1
-834.3 3
-834.1 5
-833.9 4
-833.7 1
-833.5 0
-833.3 5
-833.1 5
-832.9 3
-832.7 2
-832.5 0
-832.3 1
-832.1 6
-831.9 2
-831.7 1
-831.5 5
-831.3 4
-831.1 2
-830.9 3
-830.7 2
-830.5 1
-830.3 4
-830.1 5
-829.9 3
-829.7 4
-829.5 3
-829.3 2
-829.1 5
-828.9 3
-828.7 5
-828.5 4
-828.3 3
-828.1 0
-827.9 3
-827.7 3
-827.5 5
-827.3 5
-827.1 1
-826.9 1
-826.7 5
-826.5 4
-826.3 3
-826.1 3
-825.9 4
-825.7 2
-825.5 0
-825.3 4
-825.1 3
-824.9 1
-824.7 5
-824.5 5
-824.3 2
-824.1 1
-823.9 2
-823.7 0
-823.5 1
-823.3 2
-823.1 0
-822.9 1
-822.7 2
-822.5 1
-822.3 4
-822.1 2
-821.9 2
-821.7 0
-821.5 5
-821.3 1
-821.1 1
-820.9 2
-820.7 4
-820.5 2
-820.3 1
-820.1 0
-819.9 1
-819.7 0
-819.5 4
-819.3 4
-819.1 3
-818.9 3
-818.7 0
-818.5 0
-818.3 5
-818.1 1
-817.9 3
-817.7 1
-817.5 0
-817.3 2
-817.1 2
-816.9 1
-816.7 3
-816.5 3
-816.3 2
-816.1 2
-815.9 4
-815.7 1
-815.5 0
-815.3 1
-815.1 0
-814.9 1
-814.7 0
-814.5 4
-814.3 0
-814.1 2
-813.9 1
-813.7 2
-813.5 0
-813.3 2
-813.1 2
-812.9 0
-812.7 1
-812.5 2
-812.3 1
-812.1 6
-811.9 0
-811.7 4
-811.5 3
-811.3 2
-811.1 1
-810.9 2
-810.7 0
-810.5 0
-810.3 1
-810.1 2
-809.9 1
-809.7 1
-809.5 2
-809.3 2
-809.1 0
-808.9 2
-808.7 4
-808.5 1
-808.3 3
-808.1 2
-807.9 1
-807.7 1
-807.5 2
-807.3 2
-807.1 0
-806.9 1
-806.7 1
-806.5 2
-806.3 3
-806.1 1
-805.9 2
-805.7 2
-805.5 1
-805.3 0
-805.1 0
-804.9 0
-804.7 1
-804.5 2
-804.3 3
-804.1 1
-803.9 2
-803.7 1
-803.5 0
-803.3 1
-803.1 1
-802.9 0
-802.7 1
-802.5 0
-802.3 3
-802.1 2
-801.9 0
-801.7 1
-801.5 2
-801.3 0
-801.1 0
-800.9 1
-800.7 3
-800.5 0
-800.3 1
-800.1 1
