250
0.001 0.00512958
0.002 0.010393
0.003 0.0159686
0.004 0.0211651
0.005 0.0268968
0.006 0.0322048
0.007 0.0378474
0.008 0.0428654
0.009 0.0484634
0.01 0.0543066
0.011 0.0602837
0.012 0.0664615
0.013 0.0719925
0.014 0.077635
0.015 0.0828315
0.016 0.0886525
0.017 0.0944288
0.018 0.100361
0.019 0.106584
0.02 0.111914
0.021 0.116731
0.022 0.12282
0.023 0.128351
0.024 0.134328
0.025 0.140216
0.026 0.145881
0.027 0.151657
0.028 0.15701
0.029 0.162451
0.03 0.168629
0.031 0.174316
0.032 0.179691
0.033 0.185178
0.034 0.190597
0.035 0.196396
0.036 0.201927
0.037 0.207034
0.038 0.2129
0.039 0.217717
0.04 0.223159
0.041 0.2284
0.042 0.233864
0.043 0.239551
0.044 0.245283
0.045 0.251238
0.046 0.256457
0.047 0.261943
0.048 0.26763
0.049 0.273206
0.05 0.279495
0.051 0.284981
0.052 0.2902
0.053 0.295776
0.054 0.300972
0.055 0.307016
0.056 0.313239
0.057 0.319082
0.058 0.3241
0.059 0.330233
0.06 0.335898
0.061 0.341964
0.062 0.347585
0.063 0.353227
0.064 0.358959
0.065 0.364601
0.066 0.370445
0.067 0.376689
0.068 0.382198
0.069 0.388933
0.07 0.394487
0.071 0.400285
0.072 0.405727
0.073 0.411236
0.074 0.416232
0.075 0.421718
0.076 0.427048
0.077 0.432401
0.078 0.437977
0.079 0.443976
0.08 0.449663
0.081 0.455774
0.082 0.461573
0.083 0.467215
0.084 0.473237
0.085 0.478924
0.086 0.48479
0.087 0.491101
0.088 0.49777
0.089 0.503791
0.09 0.509746
0.091 0.515656
0.092 0.521567
0.093 0.527789
0.094 0.533521
0.095 0.538962
0.096 0.544739
0.097 0.551162
0.098 0.557697
0.099 0.563718
0.1 0.568982
0.101 0.574825
0.102 0.58078
0.103 0.586957
0.104 0.592845
0.105 0.598711
0.106 0.604889
0.107 0.611312
0.108 0.61662
0.109 0.623088
0.11 0.629265
0.111 0.635488
0.112 0.641041
0.113 0.647197
0.114 0.653151
0.115 0.659396
0.116 0.665373
0.117 0.671172
0.118 0.676904
0.119 0.682568
0.12 0.688902
0.121 0.694902
0.122 0.700856
0.123 0.707168
0.124 0.713078
0.125 0.719613
0.126 0.725122
0.127 0.73092
0.128 0.737477
0.129 0.743253
0.13 0.749855
0.131 0.755587
0.132 0.762144
0.133 0.768455
0.134 0.774187
0.135 0.78012
0.136 0.785651
0.137 0.791851
0.138 0.798028
0.139 0.804385
0.14 0.810674
0.141 0.816584
0.142 0.823163
0.143 0.82914
0.144 0.835519
0.145 0.841719
0.146 0.848008
0.147 0.854142
0.148 0.860565
0.149 0.86643
0.15 0.871627
0.151 0.877559
0.152 0.883581
0.153 0.889446
0.154 0.894888
0.155 0.900241
0.156 0.905393
0.157 0.910857
0.158 0.915763
0.159 0.920246
0.16 0.925398
0.161 0.929859
0.162 0.934921
0.163 0.939716
0.164 0.944534
0.165 0.94915
0.166 0.953588
0.167 0.957714
0.168 0.960971
0.169 0.964227
0.17 0.967371
0.171 0.970226
0.172 0.973215
0.173 0.975623
0.174 0.978188
0.175 0.980351
0.176 0.982381
0.177 0.984366
0.178 0.985838
0.179 0.987756
0.18 0.98925
0.181 0.990566
0.182 0.991703
0.183 0.992841
0.184 0.993644
0.185 0.994781
0.186 0.995406
0.187 0.996119
0.188 0.996922
0.189 0.997368
0.19 0.997859
0.191 0.998082
0.192 0.998394
0.193 0.998528
0.194 0.998729
0.195 0.998885
0.196 0.998996
0.197 0.999041
0.198 0.999153
0.199 0.999219
0.2 0.999376
0.201 0.999442
0.202 0.999487
0.203 0.999509
0.204 0.999532
0.205 0.999532
0.206 0.999554
0.207 0.999599
0.208 0.999599
0.209 0.999599
0.21 0.999599
0.211 0.999643
0.212 0.999665
0.213 0.999665
0.214 0.99971
0.215 0.99971
0.216 0.99971
0.217 0.999732
0.218 0.999777
0.219 0.999799
0.22 0.999799
0.221 0.999844
0.222 0.999844
0.223 0.999844
0.224 0.999844
0.225 0.999844
0.226 0.999844
0.227 0.999844
0.228 0.999844
0.229 0.999844
0.23 0.999844
0.231 0.999844
0.232 0.999866
0.233 0.999888
0.234 0.999911
0.235 0.999911
0.236 0.999933
0.237 0.999933
0.238 0.999933
0.239 0.999933
0.24 0.999933
0.241 0.999933
0.242 0.999933
0.243 0.999933
0.244 0.999933
0.245 0.999933
0.246 0.999955
0.247 0.999978
0.248 0.999978
0.249 0.999978
0.25 1
