507
-527.9 3.27514e-05
-527.7 3.27514e-05
-527.5 3.27514e-05
-527.3 3.27514e-05
-527.1 3.27514e-05
-526.9 3.27514e-05
-526.7 6.55029e-05
-526.5 6.55029e-05
-526.3 6.55029e-05
-526.1 6.55029e-05
-525.9 6.55029e-05
-525.7 6.55029e-05
-525.5 6.55029e-05
-525.3 6.55029e-05
-525.1 6.55029e-05
-524.9 6.55029e-05
-524.7 6.55029e-05
-524.5 6.55029e-05
-524.3 9.82543e-05
-524.1 9.82543e-05
-523.9 0.000131006
-523.7 0.000131006
-523.5 0.000131006
-523.3 0.000163757
-523.1 0.000163757
-522.9 0.000196509
-522.7 0.000196509
-522.5 0.000262012
-522.3 0.000294763
-522.1 0.000327514
-521.9 0.000327514
-521.7 0.000393017
-521.5 0.000425769
-521.3 0.000425769
-521.1 0.000425769
-520.9 0.00045852
-520.7 0.000524023
-520.5 0.000622278
-520.3 0.00068778
-520.1 0.000720532
-519.9 0.000753283
-519.7 0.000786035
-519.5 0.000851538
-519.3 0.000917041
-519.1 0.000949792
-518.9 0.0010808
-518.7 0.0011463
-518.5 0.00117905
-518.3 0.00127731
-518.1 0.00150657
-517.9 0.00163757
-517.7 0.00193234
-517.5 0.0021616
-517.3 0.00252186
-517.1 0.00294763
-516.9 0.00320964
-516.7 0.00379917
-516.5 0.00412668
-516.3 0.00468346
-516.1 0.00537124
-515.9 0.00602627
-515.7 0.00697606
-515.5 0.00805686
-515.3 0.00969443
-515.1 0.0108407
-514.9 0.0126748
-514.7 0.0146399
-514.5 0.0168997
-514.3 0.0190286
-514.1 0.021747
-513.9 0.0245308
-513.7 0.0278715
-513.5 0.0313104
-513.3 0.0353388
-513.1 0.0387777
-512.9 0.0425441
-512.7 0.0467036
-512.5 0.0508958
-512.3 0.055743
-512.1 0.0610487
-511.9 0.067206
-511.7 0.0733305
-511.5 0.0796188
-511.3 0.085514
-511.1 0.0913438
-510.9 0.0980906
-510.7 0.10392
-510.5 0.109685
-510.3 0.115482
-510.1 0.12141
-509.9 0.127272
-509.7 0.133429
-509.5 0.139456
-509.3 0.145285
-509.1 0.152065
-508.9 0.158255
-508.7 0.164543
-508.5 0.170177
-508.3 0.176792
-508.1 0.18295
-507.9 0.188648
-507.7 0.194413
-507.5 0.19998
-507.3 0.20617
-507.1 0.211607
-506.9 0.217568
-506.7 0.222841
-506.5 0.228278
-506.3 0.233289
-506.1 0.238431
-505.9 0.243114
-505.7 0.248518
-505.5 0.253201
-505.3 0.2589
-505.1 0.263584
-504.9 0.268922
-504.7 0.274654
-504.5 0.279894
-504.3 0.284938
-504.1 0.289785
-503.9 0.29473
-503.7 0.30056
-503.5 0.305538
-503.3 0.310025
-503.1 0.315495
-502.9 0.320473
-502.7 0.325975
-502.5 0.330298
-502.3 0.334654
-502.1 0.340091
-501.9 0.345135
-501.7 0.349753
-501.5 0.354927
-501.3 0.359938
-501.1 0.364949
-500.9 0.370059
-500.7 0.375757
-500.5 0.380867
-500.3 0.38483
-500.1 0.38948
-499.9 0.394982
-499.7 0.399993
-499.5 0.405004
-499.3 0.410277
-499.1 0.414764
-498.9 0.418891
-498.7 0.42269
-498.5 0.42721
-498.3 0.432254
-498.1 0.437101
-497.9 0.441097
-497.7 0.44578
-497.5 0.450529
-497.3 0.454754
-497.1 0.459863
-496.9 0.464809
-496.7 0.469165
-496.5 0.473455
-496.3 0.478531
-496.1 0.482724
-495.9 0.487702
-495.7 0.492615
-495.5 0.497527
-495.3 0.502178
-495.1 0.506337
-494.9 0.510792
-494.7 0.515475
-494.5 0.520159
-494.3 0.524252
-494.1 0.529231
-493.9 0.533521
-493.7 0.538892
-493.5 0.543412
-493.3 0.547637
-493.1 0.552451
-492.9 0.556807
-492.7 0.561524
-492.5 0.566142
-492.3 0.57076
-492.1 0.575705
-491.9 0.580749
-491.7 0.585629
-491.5 0.589755
-491.3 0.594275
-491.1 0.599188
-490.9 0.603347
-490.7 0.608063
-490.5 0.612387
-490.3 0.616612
-490.1 0.621131
-489.9 0.625749
-489.7 0.630465
-489.5 0.634821
-489.3 0.639276
-489.1 0.643762
-488.9 0.648151
-488.7 0.652769
-488.5 0.658042
-488.3 0.662955
-488.1 0.667245
-487.9 0.671994
-487.7 0.676547
-487.5 0.681328
-487.3 0.685815
-487.1 0.690663
-486.9 0.694986
-486.7 0.699276
-486.5 0.704385
-486.3 0.709462
-486.1 0.715259
-485.9 0.720597
-485.7 0.724495
-485.5 0.729244
-485.3 0.734156
-485.1 0.738349
-484.9 0.742999
-484.7 0.747847
-484.5 0.752235
-484.3 0.757279
-484.1 0.761144
-483.9 0.765958
-483.7 0.770805
-483.5 0.774212
-483.3 0.778404
-483.1 0.781744
-482.9 0.7861
-482.7 0.79098
-482.5 0.796057
-482.3 0.80074
-482.1 0.804932
-481.9 0.810304
-481.7 0.814463
-481.5 0.819081
-481.3 0.824387
-481.1 0.829267
-480.9 0.834278
-480.7 0.838961
-480.5 0.84276
-480.3 0.846297
-480.1 0.850162
-479.9 0.854584
-479.7 0.858317
-479.5 0.86192
-479.3 0.866407
-479.1 0.87073
-478.9 0.874758
-478.7 0.878328
-478.5 0.882095
-478.3 0.886221
-478.1 0.890676
-477.9 0.895228
-477.7 0.899027
-477.5 0.90335
-477.3 0.906953
-477.1 0.910065
-476.9 0.913798
-476.7 0.917204
-476.5 0.919988
-476.3 0.923525
-476.1 0.92703
-475.9 0.930436
-475.7 0.93358
-475.5 0.936888
-475.3 0.94036
-475.1 0.942488
-474.9 0.945665
-474.7 0.948875
-474.5 0.952019
-474.3 0.954443
-474.1 0.957161
-473.9 0.959257
-473.7 0.962041
-473.5 0.963941
-473.3 0.965971
-473.1 0.967936
-472.9 0.969967
-472.7 0.97203
-472.5 0.974225
-472.3 0.975928
-472.1 0.977631
-471.9 0.978875
-471.7 0.980546
-471.5 0.981954
-471.3 0.983166
-471.1 0.984574
-470.9 0.985688
-470.7 0.986932
-470.5 0.988111
-470.3 0.98893
-470.1 0.989847
-469.9 0.990764
-469.7 0.991583
-469.5 0.992467
-469.3 0.993286
-469.1 0.993941
-468.9 0.994563
-468.7 0.99512
-468.5 0.99571
-468.3 0.996004
-468.1 0.996365
-467.9 0.996627
-467.7 0.996758
-467.5 0.99702
-467.3 0.997511
-467.1 0.997871
-466.9 0.9981
-466.7 0.99833
-466.5 0.998493
-466.3 0.998592
-466.1 0.998755
-465.9 0.998854
-465.7 0.998952
-465.5 0.999083
-465.3 0.999279
-465.1 0.999345
-464.9 0.999443
-464.7 0.999443
-464.5 0.999443
-464.3 0.999443
-464.1 0.999476
-463.9 0.999509
-463.7 0.999509
-463.5 0.999541
-463.3 0.999607
-463.1 0.999607
-462.9 0.99964
-462.7 0.99964
-462.5 0.99964
-462.3 0.99964
-462.1 0.99964
-461.9 0.999672
-461.7 0.999672
-461.5 0.999672
-461.3 0.999705
-461.1 0.999705
-460.9 0.999738
-460.7 0.999738
-460.5 0.999738
-460.3 0.999738
-460.1 0.999771
-459.9 0.999771
-459.7 0.999771
-459.5 0.999771
-459.3 0.999771
-459.1 0.999771
-458.9 0.999771
-458.7 0.999771
-458.5 0.999771
-458.3 0.999771
-458.1 0.999771
-457.9 0.999771
-457.7 0.999803
-457.5 0.999803
-457.3 0.999803
-457.1 0.999803
-456.9 0.999803
-456.7 0.999803
-456.5 0.999803
-456.3 0.999803
-456.1 0.999836
-455.9 0.999836
-455.7 0.999836
-455.5 0.999836
-455.3 0.999836
-455.1 0.999836
-454.9 0.999836
-454.7 0.999836
-454.5 0.999836
-454.3 0.999836
-454.1 0.999836
-453.9 0.999836
-453.7 0.999836
-453.5 0.999836
-453.3 0.999836
-453.1 0.999836
-452.9 0.999836
-452.7 0.999836
-452.5 0.999836
-452.3 0.999836
-452.1 0.999836
-451.9 0.999836
-451.7 0.999836
-451.5 0.999836
-451.3 0.999836
-451.1 0.999836
-450.9 0.999869
-450.7 0.999869
-450.5 0.999869
-450.3 0.999869
-450.1 0.999869
-449.9 0.999869
-449.7 0.999869
-449.5 0.999869
-449.3 0.999902
-449.1 0.999902
-448.9 0.999902
-448.7 0.999902
-448.5 0.999902
-448.3 0.999902
-448.1 0.999902
-447.9 0.999902
-447.7 0.999902
-447.5 0.999902
-447.3 0.999902
-447.1 0.999902
-446.9 0.999902
-446.7 0.999902
-446.5 0.999902
-446.3 0.999902
-446.1 0.999902
-445.9 0.999902
-445.7 0.999902
-445.5 0.999902
-445.3 0.999902
-445.1 0.999902
-444.9 0.999902
-444.7 0.999902
-444.5 0.999902
-444.3 0.999902
-444.1 0.999902
-443.9 0.999902
-443.7 0.999902
-443.5 0.999902
-443.3 0.999902
-443.1 0.999902
-442.9 0.999902
-442.7 0.999902
-442.5 0.999902
-442.3 0.999902
-442.1 0.999902
-441.9 0.999902
-441.7 0.999902
-441.5 0.999902
-441.3 0.999902
-441.1 0.999902
-440.9 0.999902
-440.7 0.999902
-440.5 0.999902
-440.3 0.999902
-440.1 0.999902
-439.9 0.999902
-439.7 0.999902
-439.5 0.999902
-439.3 0.999902
-439.1 0.999902
-438.9 0.999902
-438.7 0.999934
-438.5 0.999934
-438.3 0.999934
-438.1 0.999934
-437.9 0.999934
-437.7 0.999934
-437.5 0.999934
-437.3 0.999934
-437.1 0.999934
-436.9 0.999934
-436.7 0.999934
-436.5 0.999934
-436.3 0.999934
-436.1 0.999934
-435.9 0.999934
-435.7 0.999934
-435.5 0.999934
-435.3 0.999934
-435.1 0.999934
-434.9 0.999934
-434.7 0.999934
-434.5 0.999934
-434.3 0.999934
-434.1 0.999934
-433.9 0.999934
-433.7 0.999934
-433.5 0.999967
-433.3 0.999967
-433.1 0.999967
-432.9 0.999967
-432.7 0.999967
-432.5 0.999967
-432.3 0.999967
-432.1 0.999967
-431.9 0.999967
-431.7 0.999967
-431.5 0.999967
-431.3 0.999967
-431.1 0.999967
-430.9 0.999967
-430.7 0.999967
-430.5 0.999967
-430.3 0.999967
-430.1 0.999967
-429.9 0.999967
-429.7 0.999967
-429.5 0.999967
-429.3 0.999967
-429.1 0.999967
-428.9 0.999967
-428.7 0.999967
-428.5 0.999967
-428.3 0.999967
-428.1 0.999967
-427.9 0.999967
-427.7 0.999967
-427.5 0.999967
-427.3 0.999967
-427.1 0.999967
-426.9 0.999967
-426.7 1
