-19.9 0
-19.7 0
-19.5 0
-19.3 0
-19.1 0
-18.9 0
-18.7 0
-18.5 0
-18.3 0
-18.1 0
-17.9 0
-17.7 0
-17.5 0
-17.3 0
-17.1 0
-16.9 0
-16.7 0
-16.5 0
-16.3 0
-16.1 0
-15.9 0
-15.7 0
-15.5 0
-15.3 0
-15.1 0
-14.9 0
-14.7 0
-14.5 0
-14.3 0
-14.1 0
-13.9 0
-13.7 0
-13.5 0
-13.3 0
-13.1 0
-12.9 0
-12.7 0
-12.5 0
-12.3 0
-12.1 0
-11.9 0
-11.7 0
-11.5 0
-11.3 0
-11.1 0
-10.9 0
-10.7 0
-10.5 0
-10.3 0
-10.1 0
-9.9 1
-9.7 2
-9.5 0
-9.3 0
-9.1 4
-8.9 9
-8.7 22
-8.5 44
-8.3 65
-8.1 117
-7.9 196
-7.7 276
-7.5 348
-7.3 423
-7.1 462
-6.9 495
-6.7 473
-6.5 488
-6.3 478
-6.1 428
-5.9 389
-5.7 349
-5.5 329
-5.3 271
-5.1 300
-4.9 259
-4.7 232
-4.5 230
-4.3 236
-4.1 209
-3.9 233
-3.7 223
-3.5 220
-3.3 226
-3.1 218
-2.9 245
-2.7 219
-2.5 221
-2.3 200
-2.1 171
-1.9 218
-1.7 212
-1.5 193
-1.3 178
-1.1 198
-0.9 209
-0.7 197
-0.5 179
-0.3 202
-0.1 199
0.1 179
0.3 188
0.5 181
0.7 187
0.9 200
1.1 214
1.3 178
1.5 162
1.7 172
1.9 173
2.1 177
2.3 195
2.5 198
2.7 194
2.9 185
3.1 190
3.3 179
3.5 172
3.7 179
3.9 183
4.1 190
4.3 167
4.5 150
4.7 190
4.9 173
5.1 194
5.3 189
5.5 201
5.7 193
5.9 169
6.1 162
6.3 196
6.5 181
6.7 171
6.9 199
7.1 190
7.3 160
7.5 170
7.7 165
7.9 181
8.1 182
8.3 163
8.5 198
8.7 182
8.9 200
9.1 174
9.3 162
9.5 174
9.7 178
9.9 169
10.1 193
10.3 187
10.5 195
10.7 180
10.9 191
11.1 203
11.3 182
11.5 183
11.7 176
11.9 187
12.1 185
12.3 177
12.5 219
12.7 170
12.9 183
13.1 173
13.3 185
13.5 169
13.7 185
13.9 176
14.1 165
14.3 184
14.5 156
14.7 191
14.9 178
15.1 166
15.3 172
15.5 189
15.7 190
15.9 186
16.1 199
16.3 170
16.5 177
16.7 173
16.9 162
17.1 175
17.3 193
17.5 172
17.7 181
17.9 149
18.1 184
18.3 179
18.5 170
18.7 182
18.9 204
19.1 172
19.3 172
19.5 196
19.7 178
19.9 184
20.1 194
20.3 180
20.5 188
20.7 162
20.9 176
21.1 205
21.3 177
21.5 146
21.7 191
21.9 175
22.1 195
22.3 169
22.5 173
22.7 207
22.9 191
23.1 185
23.3 160
23.5 172
23.7 161
23.9 168
24.1 146
24.3 174
24.5 213
24.7 180
24.9 189
25.1 169
25.3 157
25.5 149
25.7 187
25.9 200
26.1 183
26.3 206
26.5 190
26.7 165
26.9 182
27.1 177
27.3 182
27.5 167
27.7 205
27.9 171
28.1 169
28.3 183
28.5 166
28.7 168
28.9 152
29.1 184
29.3 201
29.5 180
29.7 162
29.9 177
30.1 180
30.3 181
30.5 184
30.7 171
30.9 160
31.1 177
31.3 184
31.5 177
31.7 170
31.9 182
32.1 176
32.3 192
32.5 171
32.7 180
32.9 154
33.1 180
33.3 210
33.5 169
33.7 166
33.9 172
34.1 178
34.3 167
34.5 173
34.7 170
34.9 190
35.1 152
35.3 179
35.5 173
35.7 191
35.9 167
36.1 172
36.3 174
36.5 165
36.7 177
36.9 182
37.1 153
37.3 189
37.5 165
37.7 171
37.9 165
38.1 172
38.3 159
38.5 152
38.7 165
38.9 163
39.1 167
39.3 171
39.5 172
39.7 169
39.9 171
40.1 146
40.3 187
40.5 154
40.7 169
40.9 185
41.1 147
41.3 168
41.5 153
41.7 190
41.9 161
42.1 156
42.3 178
42.5 169
42.7 183
42.9 165
43.1 183
43.3 184
43.5 173
43.7 184
43.9 162
44.1 193
44.3 162
44.5 152
44.7 178
44.9 165
45.1 156
45.3 156
45.5 171
45.7 167
45.9 164
46.1 160
46.3 141
46.5 179
46.7 158
46.9 167
47.1 166
47.3 174
47.5 162
47.7 168
47.9 150
48.1 164
48.3 158
48.5 165
48.7 144
48.9 164
49.1 151
49.3 161
49.5 148
49.7 167
49.9 187
50.1 155
50.3 150
50.5 184
50.7 150
50.9 141
51.1 167
51.3 162
51.5 153
51.7 158
51.9 144
52.1 163
52.3 153
52.5 160
52.7 148
52.9 150
53.1 133
53.3 175
53.5 158
53.7 162
53.9 148
54.1 143
54.3 175
54.5 134
54.7 166
54.9 156
55.1 136
55.3 171
55.5 146
55.7 147
55.9 150
56.1 160
56.3 151
56.5 132
56.7 154
56.9 139
57.1 161
57.3 120
57.5 160
57.7 136
57.9 174
58.1 132
58.3 134
58.5 143
58.7 143
58.9 122
59.1 129
59.3 123
59.5 125
59.7 135
59.9 129
60.1 124
60.3 126
60.5 126
60.7 124
60.9 109
61.1 123
61.3 113
61.5 113
61.7 123
61.9 127
62.1 138
62.3 127
62.5 122
62.7 108
62.9 108
63.1 110
63.3 105
63.5 99
63.7 115
63.9 109
64.1 96
64.3 104
64.5 118
64.7 94
64.9 102
65.1 83
65.3 89
65.5 97
65.7 99
65.9 98
66.1 81
66.3 73
66.5 85
66.7 70
66.9 82
67.1 84
67.3 70
67.5 72
67.7 73
67.9 69
68.1 68
68.3 75
68.5 85
68.7 69
68.9 64
69.1 67
69.3 76
69.5 67
69.7 68
69.9 61
70.1 61
70.3 60
70.5 52
70.7 43
70.9 52
71.1 38
71.3 47
71.5 44
71.7 49
71.9 41
72.1 43
72.3 48
72.5 47
72.7 38
72.9 45
73.1 42
73.3 36
73.5 36
73.7 41
73.9 43
74.1 40
74.3 44
74.5 39
74.7 30
74.9 41
75.1 33
75.3 33
75.5 27
75.7 28
75.9 28
76.1 27
76.3 26
76.5 31
76.7 28
76.9 27
77.1 35
77.3 36
77.5 36
77.7 21
77.9 20
78.1 21
78.3 18
78.5 20
78.7 28
78.9 22
79.1 34
79.3 23
79.5 20
79.7 22
79.9 23
80.1 25
80.3 23
80.5 18
80.7 19
80.9 22
81.1 19
81.3 12
81.5 22
81.7 14
81.9 15
82.1 13
82.3 15
82.5 13
82.7 12
82.9 8
83.1 12
83.3 10
83.5 5
83.7 8
83.9 10
84.1 11
84.3 15
84.5 12
84.7 7
84.9 12
85.1 6
85.3 10
85.5 7
85.7 8
85.9 6
86.1 6
86.3 7
86.5 2
86.7 1
86.9 1
87.1 1
87.3 4
87.5 1
87.7 3
87.9 3
88.1 4
88.3 9
88.5 8
88.7 3
88.9 6
89.1 7
89.3 5
89.5 4
89.7 6
89.9 2
