1422
-1284.1 1.25942e-06
-1283.9 1.25942e-06
-1283.7 3.77825e-06
-1283.5 3.77825e-06
-1283.3 3.77825e-06
-1283.1 3.77825e-06
-1282.9 3.77825e-06
-1282.7 3.77825e-06
-1282.5 3.77825e-06
-1282.3 3.77825e-06
-1282.1 3.77825e-06
-1281.9 5.03766e-06
-1281.7 6.29708e-06
-1281.5 7.55649e-06
-1281.3 1.13347e-05
-1281.1 1.13347e-05
-1280.9 1.13347e-05
-1280.7 1.13347e-05
-1280.5 1.25942e-05
-1280.3 1.38536e-05
-1280.1 1.38536e-05
-1279.9 1.76318e-05
-1279.7 1.76318e-05
-1279.5 1.76318e-05
-1279.3 2.01507e-05
-1279.1 2.64477e-05
-1278.9 2.77071e-05
-1278.7 2.77071e-05
-1278.5 2.77071e-05
-1278.3 2.77071e-05
-1278.1 2.89666e-05
-1277.9 2.89666e-05
-1277.7 2.89666e-05
-1277.5 3.0226e-05
-1277.3 3.0226e-05
-1277.1 3.14854e-05
-1276.9 3.40042e-05
-1276.7 3.52636e-05
-1276.5 3.77825e-05
-1276.3 3.90419e-05
-1276.1 4.40795e-05
-1275.9 4.40795e-05
-1275.7 4.65984e-05
-1275.5 4.91172e-05
-1275.3 5.03766e-05
-1275.1 5.1636e-05
-1274.9 5.1636e-05
-1274.7 5.28955e-05
-1274.5 5.54143e-05
-1274.3 5.79331e-05
-1274.1 5.79331e-05
-1273.9 6.17114e-05
-1273.7 6.17114e-05
-1273.5 6.17114e-05
-1273.3 6.17114e-05
-1273.1 6.29708e-05
-1272.9 6.42302e-05
-1272.7 6.6749e-05
-1272.5 6.92679e-05
-1272.3 6.92679e-05
-1272.1 6.92679e-05
-1271.9 7.30461e-05
-1271.7 7.43055e-05
-1271.5 7.43055e-05
-1271.3 7.43055e-05
-1271.1 7.55649e-05
-1270.9 7.68244e-05
-1270.7 7.68244e-05
-1270.5 7.80838e-05
-1270.3 7.80838e-05
-1270.1 7.80838e-05
-1269.9 7.80838e-05
-1269.7 7.80838e-05
-1269.5 7.80838e-05
-1269.3 8.06026e-05
-1269.1 8.06026e-05
-1268.9 8.31214e-05
-1268.7 8.31214e-05
-1268.5 8.31214e-05
-1268.3 8.31214e-05
-1268.1 8.31214e-05
-1267.9 8.43809e-05
-1267.7 8.43809e-05
-1267.5 8.43809e-05
-1267.3 8.43809e-05
-1267.1 8.56403e-05
-1266.9 8.68997e-05
-1266.7 8.68997e-05
-1266.5 8.81591e-05
-1266.3 8.81591e-05
-1266.1 8.81591e-05
-1265.9 9.06779e-05
-1265.7 9.06779e-05
-1265.5 9.06779e-05
-1265.3 9.06779e-05
-1265.1 9.06779e-05
-1264.9 9.06779e-05
-1264.7 9.06779e-05
-1264.5 9.19373e-05
-1264.3 9.19373e-05
-1264.1 9.19373e-05
-1263.9 9.19373e-05
-1263.7 9.44562e-05
-1263.5 9.44562e-05
-1263.3 9.57156e-05
-1263.1 9.6975e-05
-1262.9 9.6975e-05
-1262.7 0.000100753
-1262.5 0.000102013
-1262.3 0.000102013
-1262.1 0.000102013
-1261.9 0.000102013
-1261.7 0.000103272
-1261.5 0.000103272
-1261.3 0.000103272
-1261.1 0.000104532
-1260.9 0.000105791
-1260.7 0.00010831
-1260.5 0.00010831
-1260.3 0.00010831
-1260.1 0.00010831
-1259.9 0.00010831
-1259.7 0.00010831
-1259.5 0.00010831
-1259.3 0.00010831
-1259.1 0.00010831
-1258.9 0.00010831
-1258.7 0.00010831
-1258.5 0.00010831
-1258.3 0.00010831
-1258.1 0.00010831
-1257.9 0.00010831
-1257.7 0.00010831
-1257.5 0.00010831
-1257.3 0.000109569
-1257.1 0.000109569
-1256.9 0.000109569
-1256.7 0.000109569
-1256.5 0.000109569
-1256.3 0.000109569
-1256.1 0.000110829
-1255.9 0.000110829
-1255.7 0.000110829
-1255.5 0.000110829
-1255.3 0.000110829
-1255.1 0.000110829
-1254.9 0.000110829
-1254.7 0.000110829
-1254.5 0.000110829
-1254.3 0.000110829
-1254.1 0.000110829
-1253.9 0.000110829
-1253.7 0.000110829
-1253.5 0.000110829
-1253.3 0.000110829
-1253.1 0.000110829
-1252.9 0.000110829
-1252.7 0.000110829
-1252.5 0.000110829
-1252.3 0.000110829
-1252.1 0.000110829
-1251.9 0.000110829
-1251.7 0.000110829
-1251.5 0.000110829
-1251.3 0.000110829
-1251.1 0.000110829
-1250.9 0.000110829
-1250.7 0.000110829
-1250.5 0.000110829
-1250.3 0.000110829
-1250.1 0.000110829
-1249.9 0.000112088
-1249.7 0.000112088
-1249.5 0.000112088
-1249.3 0.000112088
-1249.1 0.000112088
-1248.9 0.000112088
-1248.7 0.000112088
-1248.5 0.000112088
-1248.3 0.000112088
-1248.1 0.000112088
-1247.9 0.000112088
-1247.7 0.000112088
-1247.5 0.000112088
-1247.3 0.000112088
-1247.1 0.000112088
-1246.9 0.000112088
-1246.7 0.000112088
-1246.5 0.000112088
-1246.3 0.000112088
-1246.1 0.000112088
-1245.9 0.000112088
-1245.7 0.000112088
-1245.5 0.000112088
-1245.3 0.000112088
-1245.1 0.000112088
-1244.9 0.000112088
-1244.7 0.000112088
-1244.5 0.000112088
-1244.3 0.000112088
-1244.1 0.000112088
-1243.9 0.000112088
-1243.7 0.000112088
-1243.5 0.000112088
-1243.3 0.000112088
-1243.1 0.000112088
-1242.9 0.000112088
-1242.7 0.000112088
-1242.5 0.000112088
-1242.3 0.000112088
-1242.1 0.000112088
-1241.9 0.000112088
-1241.7 0.000112088
-1241.5 0.000112088
-1241.3 0.000112088
-1241.1 0.000112088
-1240.9 0.000112088
-1240.7 0.000112088
-1240.5 0.000112088
-1240.3 0.000112088
-1240.1 0.000112088
-1239.9 0.000112088
-1239.7 0.000112088
-1239.5 0.000112088
-1239.3 0.000113347
-1239.1 0.000113347
-1238.9 0.000113347
-1238.7 0.000113347
-1238.5 0.000113347
-1238.3 0.000113347
-1238.1 0.000113347
-1237.9 0.000113347
-1237.7 0.000113347
-1237.5 0.000113347
-1237.3 0.000113347
-1237.1 0.000113347
-1236.9 0.000113347
-1236.7 0.000113347
-1236.5 0.000113347
-1236.3 0.000113347
-1236.1 0.000113347
-1235.9 0.000113347
-1235.7 0.000113347
-1235.5 0.000113347
-1235.3 0.000113347
-1235.1 0.000113347
-1234.9 0.000113347
-1234.7 0.000113347
-1234.5 0.000113347
-1234.3 0.000113347
-1234.1 0.000113347
-1233.9 0.000113347
-1233.7 0.000113347
-1233.5 0.000113347
-1233.3 0.000113347
-1233.1 0.000113347
-1232.9 0.000113347
-1232.7 0.000113347
-1232.5 0.000113347
-1232.3 0.000113347
-1232.1 0.000113347
-1231.9 0.000113347
-1231.7 0.000113347
-1231.5 0.000113347
-1231.3 0.000114607
-1231.1 0.000114607
-1230.9 0.000115866
-1230.7 0.000115866
-1230.5 0.000117126
-1230.3 0.000117126
-1230.1 0.000117126
-1229.9 0.000120904
-1229.7 0.000124682
-1229.5 0.00012972
-1229.3 0.000137276
-1229.1 0.000147352
-1228.9 0.000176318
-1228.7 0.000217879
-1228.5 0.000274553
-1228.3 0.000379084
-1228.1 0.000561699
-1227.9 0.000851365
-1227.7 0.00132113
-1227.5 0.0021133
-1227.3 0.00333871
-1227.1 0.00518753
-1226.9 0.0079658
-1226.7 0.0119456
-1226.5 0.017084
-1226.3 0.0237589
-1226.1 0.0322108
-1225.9 0.0428567
-1225.7 0.0545088
-1225.5 0.0673775
-1225.3 0.0817008
-1225.1 0.0966438
-1224.9 0.111966
-1224.7 0.127196
-1224.5 0.142623
-1224.3 0.157895
-1224.1 0.172275
-1223.9 0.186377
-1223.7 0.199659
-1223.5 0.212456
-1223.3 0.224627
-1223.1 0.236365
-1222.9 0.247789
-1222.7 0.258499
-1222.5 0.269104
-1222.3 0.279423
-1222.1 0.289467
-1221.9 0.299434
-1221.7 0.30887
-1221.5 0.318228
-1221.3 0.327566
-1221.1 0.336808
-1220.9 0.34609
-1220.7 0.355122
-1220.5 0.363961
-1220.3 0.372831
-1220.1 0.381605
-1219.9 0.390177
-1219.7 0.398964
-1219.5 0.407644
-1219.3 0.416237
-1219.1 0.424837
-1218.9 0.433258
-1218.7 0.441685
-1218.5 0.450189
-1218.3 0.458682
-1218.1 0.466894
-1217.9 0.47518
-1217.7 0.483553
-1217.5 0.491623
-1217.3 0.499865
-1217.1 0.508106
-1216.9 0.51627
-1216.7 0.524293
-1216.5 0.532504
-1216.3 0.540689
-1216.1 0.548785
-1215.9 0.556774
-1215.7 0.564858
-1215.5 0.573156
-1215.3 0.581232
-1215.1 0.589423
-1214.9 0.597496
-1214.7 0.60564
-1214.5 0.613819
-1214.3 0.621854
-1214.1 0.629892
-1213.9 0.637784
-1213.7 0.645909
-1213.5 0.65397
-1213.3 0.662002
-1213.1 0.670325
-1212.9 0.678493
-1212.7 0.686788
-1212.5 0.695027
-1212.3 0.703055
-1212.1 0.71115
-1211.9 0.719315
-1211.7 0.727407
-1211.5 0.735205
-1211.3 0.743369
-1211.1 0.751401
-1210.9 0.759497
-1210.7 0.767527
-1210.5 0.775445
-1210.3 0.783341
-1210.1 0.791176
-1209.9 0.799097
-1209.7 0.806843
-1209.5 0.814308
-1209.3 0.821985
-1209.1 0.829493
-1208.9 0.836844
-1208.7 0.844322
-1208.5 0.85167
-1208.3 0.85885
-1208.1 0.865911
-1207.9 0.872832
-1207.7 0.87963
-1207.5 0.886344
-1207.3 0.892911
-1207.1 0.899191
-1206.9 0.90532
-1206.7 0.911414
-1206.5 0.917303
-1206.3 0.922928
-1206.1 0.928325
-1205.9 0.93345
-1205.7 0.938469
-1205.5 0.943233
-1205.3 0.947645
-1205.1 0.951894
-1204.9 0.955839
-1204.7 0.959661
-1204.5 0.963175
-1204.3 0.966459
-1204.1 0.96952
-1203.9 0.972474
-1203.7 0.975169
-1203.5 0.977601
-1203.3 0.979796
-1203.1 0.981756
-1202.9 0.983487
-1202.7 0.985209
-1202.5 0.986682
-1202.3 0.987968
-1202.1 0.989158
-1201.9 0.990248
-1201.7 0.991281
-1201.5 0.992141
-1201.3 0.99299
-1201.1 0.993658
-1200.9 0.99428
-1200.7 0.994823
-1200.5 0.99531
-1200.3 0.995714
-1200.1 0.996034
-1199.9 0.996353
-1199.7 0.996627
-1199.5 0.996848
-1199.3 0.997035
-1199.1 0.997208
-1198.9 0.997345
-1198.7 0.997482
-1198.5 0.997572
-1198.3 0.99765
-1198.1 0.997725
-1197.9 0.997787
-1197.7 0.997851
-1197.5 0.997903
-1197.3 0.997951
-1197.1 0.997992
-1196.9 0.998015
-1196.7 0.99805
-1196.5 0.998076
-1196.3 0.998105
-1196.1 0.998132
-1195.9 0.998154
-1195.7 0.998166
-1195.5 0.998198
-1195.3 0.998213
-1195.1 0.998236
-1194.9 0.998257
-1194.7 0.998273
-1194.5 0.998283
-1194.3 0.998307
-1194.1 0.998329
-1193.9 0.998346
-1193.7 0.998367
-1193.5 0.998383
-1193.3 0.998397
-1193.1 0.998407
-1192.9 0.998423
-1192.7 0.99845
-1192.5 0.998461
-1192.3 0.998479
-1192.1 0.998491
-1191.9 0.998505
-1191.7 0.998513
-1191.5 0.998528
-1191.3 0.998535
-1191.1 0.998548
-1190.9 0.998563
-1190.7 0.998574
-1190.5 0.998586
-1190.3 0.998596
-1190.1 0.998605
-1189.9 0.998618
-1189.7 0.99863
-1189.5 0.998637
-1189.3 0.998646
-1189.1 0.998649
-1188.9 0.998655
-1188.7 0.998659
-1188.5 0.998665
-1188.3 0.998665
-1188.1 0.998669
-1187.9 0.998674
-1187.7 0.998675
-1187.5 0.998683
-1187.3 0.998686
-1187.1 0.998689
-1186.9 0.998691
-1186.7 0.998694
-1186.5 0.998699
-1186.3 0.998699
-1186.1 0.998699
-1185.9 0.998699
-1185.7 0.998699
-1185.5 0.9987
-1185.3 0.9987
-1185.1 0.998702
-1184.9 0.998702
-1184.7 0.998702
-1184.5 0.998702
-1184.3 0.998703
-1184.1 0.998703
-1183.9 0.998704
-1183.7 0.998705
-1183.5 0.998705
-1183.3 0.998708
-1183.1 0.998708
-1182.9 0.998708
-1182.7 0.998708
-1182.5 0.998708
-1182.3 0.998708
-1182.1 0.998708
-1181.9 0.998708
-1181.7 0.998708
-1181.5 0.998708
-1181.3 0.998708
-1181.1 0.99871
-1180.9 0.99871
-1180.7 0.998712
-1180.5 0.998713
-1180.3 0.998714
-1180.1 0.998714
-1179.9 0.998714
-1179.7 0.998714
-1179.5 0.998715
-1179.3 0.998715
-1179.1 0.998718
-1178.9 0.998719
-1178.7 0.998719
-1178.5 0.998719
-1178.3 0.99872
-1178.1 0.99872
-1177.9 0.99872
-1177.7 0.99872
-1177.5 0.99872
-1177.3 0.998723
-1177.1 0.998724
-1176.9 0.998725
-1176.7 0.998725
-1176.5 0.998727
-1176.3 0.998727
-1176.1 0.998728
-1175.9 0.998731
-1175.7 0.998731
-1175.5 0.998733
-1175.3 0.998736
-1175.1 0.998739
-1174.9 0.998741
-1174.7 0.998744
-1174.5 0.998747
-1174.3 0.998749
-1174.1 0.998749
-1173.9 0.998752
-1173.7 0.998756
-1173.5 0.998759
-1173.3 0.998759
-1173.1 0.998761
-1172.9 0.998765
-1172.7 0.998768
-1172.5 0.998771
-1172.3 0.998775
-1172.1 0.998776
-1171.9 0.998777
-1171.7 0.998782
-1171.5 0.998788
-1171.3 0.998793
-1171.1 0.998797
-1170.9 0.998799
-1170.7 0.99881
-1170.5 0.998811
-1170.3 0.998816
-1170.1 0.998821
-1169.9 0.998824
-1169.7 0.998827
-1169.5 0.998841
-1169.3 0.998848
-1169.1 0.998855
-1168.9 0.998859
-1168.7 0.998859
-1168.5 0.998863
-1168.3 0.998869
-1168.1 0.998875
-1167.9 0.998882
-1167.7 0.998885
-1167.5 0.998894
-1167.3 0.998897
-1167.1 0.998899
-1166.9 0.998904
-1166.7 0.998911
-1166.5 0.998914
-1166.3 0.998918
-1166.1 0.998921
-1165.9 0.998923
-1165.7 0.998926
-1165.5 0.998929
-1165.3 0.998938
-1165.1 0.998941
-1164.9 0.998942
-1164.7 0.998946
-1164.5 0.998952
-1164.3 0.998955
-1164.1 0.99896
-1163.9 0.998965
-1163.7 0.998965
-1163.5 0.998967
-1163.3 0.99897
-1163.1 0.998976
-1162.9 0.99898
-1162.7 0.998981
-1162.5 0.998987
-1162.3 0.998989
-1162.1 0.998991
-1161.9 0.998996
-1161.7 0.998999
-1161.5 0.999001
-1161.3 0.999004
-1161.1 0.999009
-1160.9 0.999009
-1160.7 0.999013
-1160.5 0.999014
-1160.3 0.999016
-1160.1 0.99902
-1159.9 0.999025
-1159.7 0.999026
-1159.5 0.99903
-1159.3 0.999034
-1159.1 0.999037
-1158.9 0.999039
-1158.7 0.999043
-1158.5 0.999048
-1158.3 0.99905
-1158.1 0.999052
-1157.9 0.999053
-1157.7 0.999054
-1157.5 0.999057
-1157.3 0.99906
-1157.1 0.99906
-1156.9 0.999064
-1156.7 0.999067
-1156.5 0.999073
-1156.3 0.999074
-1156.1 0.999076
-1155.9 0.999077
-1155.7 0.999081
-1155.5 0.999081
-1155.3 0.999086
-1155.1 0.999091
-1154.9 0.999093
-1154.7 0.999096
-1154.5 0.999096
-1154.3 0.999098
-1154.1 0.999102
-1153.9 0.999105
-1153.7 0.999107
-1153.5 0.999107
-1153.3 0.99911
-1153.1 0.999113
-1152.9 0.999113
-1152.7 0.999118
-1152.5 0.99912
-1152.3 0.99912
-1152.1 0.999121
-1151.9 0.999125
-1151.7 0.999125
-1151.5 0.999125
-1151.3 0.999125
-1151.1 0.999126
-1150.9 0.999126
-1150.7 0.999127
-1150.5 0.999127
-1150.3 0.999127
-1150.1 0.999127
-1149.9 0.999127
-1149.7 0.99913
-1149.5 0.999132
-1149.3 0.999132
-1149.1 0.999132
-1148.9 0.999132
-1148.7 0.999132
-1148.5 0.999132
-1148.3 0.999132
-1148.1 0.999132
-1147.9 0.999132
-1147.7 0.999132
-1147.5 0.999132
-1147.3 0.999132
-1147.1 0.999132
-1146.9 0.999132
-1146.7 0.999132
-1146.5 0.999132
-1146.3 0.999132
-1146.1 0.999132
-1145.9 0.999132
-1145.7 0.999134
-1145.5 0.999134
-1145.3 0.999134
-1145.1 0.999134
-1144.9 0.999134
-1144.7 0.999134
-1144.5 0.999134
-1144.3 0.999134
-1144.1 0.999134
-1143.9 0.999135
-1143.7 0.999135
-1143.5 0.999135
-1143.3 0.999135
-1143.1 0.999135
-1142.9 0.999135
-1142.7 0.999135
-1142.5 0.999135
-1142.3 0.999135
-1142.1 0.999135
-1141.9 0.999135
-1141.7 0.999135
-1141.5 0.999135
-1141.3 0.999135
-1141.1 0.999135
-1140.9 0.999135
-1140.7 0.999135
-1140.5 0.999135
-1140.3 0.999135
-1140.1 0.999135
-1139.9 0.999135
-1139.7 0.999135
-1139.5 0.999135
-1139.3 0.999135
-1139.1 0.999135
-1138.9 0.999135
-1138.7 0.999135
-1138.5 0.999135
-1138.3 0.999135
-1138.1 0.999135
-1137.9 0.999135
-1137.7 0.999135
-1137.5 0.999135
-1137.3 0.999135
-1137.1 0.999135
-1136.9 0.999135
-1136.7 0.999135
-1136.5 0.999135
-1136.3 0.999135
-1136.1 0.999135
-1135.9 0.999135
-1135.7 0.999135
-1135.5 0.999135
-1135.3 0.999135
-1135.1 0.999135
-1134.9 0.999135
-1134.7 0.999135
-1134.5 0.999135
-1134.3 0.999135
-1134.1 0.999135
-1133.9 0.999135
-1133.7 0.999135
-1133.5 0.999135
-1133.3 0.999135
-1133.1 0.999135
-1132.9 0.999135
-1132.7 0.999135
-1132.5 0.999135
-1132.3 0.999135
-1132.1 0.999135
-1131.9 0.999135
-1131.7 0.999135
-1131.5 0.999135
-1131.3 0.999135
-1131.1 0.999135
-1130.9 0.999135
-1130.7 0.999135
-1130.5 0.999135
-1130.3 0.999135
-1130.1 0.999135
-1129.9 0.999135
-1129.7 0.999135
-1129.5 0.999135
-1129.3 0.999135
-1129.1 0.999136
-1128.9 0.999136
-1128.7 0.999136
-1128.5 0.999136
-1128.3 0.999136
-1128.1 0.999136
-1127.9 0.999136
-1127.7 0.999136
-1127.5 0.999136
-1127.3 0.999136
-1127.1 0.999136
-1126.9 0.999136
-1126.7 0.999136
-1126.5 0.999136
-1126.3 0.999136
-1126.1 0.999136
-1125.9 0.999136
-1125.7 0.999136
-1125.5 0.999136
-1125.3 0.999136
-1125.1 0.999136
-1124.9 0.999136
-1124.7 0.999137
-1124.5 0.999137
-1124.3 0.999137
-1124.1 0.999137
-1123.9 0.999137
-1123.7 0.999137
-1123.5 0.999139
-1123.3 0.999139
-1123.1 0.99914
-1122.9 0.999141
-1122.7 0.999144
-1122.5 0.999144
-1122.3 0.999144
-1122.1 0.999144
-1121.9 0.999144
-1121.7 0.999144
-1121.5 0.999144
-1121.3 0.999144
-1121.1 0.999144
-1120.9 0.999144
-1120.7 0.999145
-1120.5 0.999145
-1120.3 0.999145
-1120.1 0.999145
-1119.9 0.999146
-1119.7 0.999147
-1119.5 0.999151
-1119.3 0.999151
-1119.1 0.999151
-1118.9 0.999151
-1118.7 0.999156
-1118.5 0.999156
-1118.3 0.999156
-1118.1 0.999157
-1117.9 0.99916
-1117.7 0.999164
-1117.5 0.999169
-1117.3 0.99917
-1117.1 0.999175
-1116.9 0.999175
-1116.7 0.999178
-1116.5 0.999179
-1116.3 0.99918
-1116.1 0.999185
-1115.9 0.99919
-1115.7 0.999196
-1115.5 0.999202
-1115.3 0.999207
-1115.1 0.999213
-1114.9 0.999213
-1114.7 0.999215
-1114.5 0.999218
-1114.3 0.999223
-1114.1 0.999225
-1113.9 0.999228
-1113.7 0.99923
-1113.5 0.999238
-1113.3 0.999241
-1113.1 0.999247
-1112.9 0.999249
-1112.7 0.999254
-1112.5 0.999257
-1112.3 0.999263
-1112.1 0.999265
-1111.9 0.999272
-1111.7 0.999277
-1111.5 0.999283
-1111.3 0.999287
-1111.1 0.999292
-1110.9 0.999296
-1110.7 0.999296
-1110.5 0.999301
-1110.3 0.999302
-1110.1 0.999305
-1109.9 0.999311
-1109.7 0.999315
-1109.5 0.999317
-1109.3 0.99932
-1109.1 0.999325
-1108.9 0.999327
-1108.7 0.999334
-1108.5 0.999334
-1108.3 0.999335
-1108.1 0.999339
-1107.9 0.999343
-1107.7 0.999346
-1107.5 0.99935
-1107.3 0.999353
-1107.1 0.99936
-1106.9 0.999363
-1106.7 0.999368
-1106.5 0.99937
-1106.3 0.99937
-1106.1 0.99937
-1105.9 0.999373
-1105.7 0.999375
-1105.5 0.999377
-1105.3 0.999379
-1105.1 0.999379
-1104.9 0.999382
-1104.7 0.999385
-1104.5 0.999385
-1104.3 0.999387
-1104.1 0.999389
-1103.9 0.999393
-1103.7 0.999402
-1103.5 0.999403
-1103.3 0.999406
-1103.1 0.999407
-1102.9 0.999411
-1102.7 0.999411
-1102.5 0.999411
-1102.3 0.999414
-1102.1 0.999416
-1101.9 0.999421
-1101.7 0.999427
-1101.5 0.999428
-1101.3 0.999431
-1101.1 0.999431
-1100.9 0.999435
-1100.7 0.999435
-1100.5 0.999435
-1100.3 0.999435
-1100.1 0.999437
-1099.9 0.999437
-1099.7 0.999437
-1099.5 0.999442
-1099.3 0.999443
-1099.1 0.999443
-1098.9 0.999446
-1098.7 0.999448
-1098.5 0.99945
-1098.3 0.999452
-1098.1 0.999456
-1097.9 0.999456
-1097.7 0.999458
-1097.5 0.999461
-1097.3 0.999463
-1097.1 0.999466
-1096.9 0.999469
-1096.7 0.999469
-1096.5 0.999472
-1096.3 0.999472
-1096.1 0.999472
-1095.9 0.999472
-1095.7 0.999472
-1095.5 0.999474
-1095.3 0.999474
-1095.1 0.999474
-1094.9 0.999475
-1094.7 0.999475
-1094.5 0.999475
-1094.3 0.999476
-1094.1 0.999476
-1093.9 0.999476
-1093.7 0.999476
-1093.5 0.999477
-1093.3 0.999477
-1093.1 0.999477
-1092.9 0.999477
-1092.7 0.999479
-1092.5 0.999479
-1092.3 0.999479
-1092.1 0.999479
-1091.9 0.99948
-1091.7 0.99948
-1091.5 0.99948
-1091.3 0.99948
-1091.1 0.99948
-1090.9 0.999482
-1090.7 0.999482
-1090.5 0.999484
-1090.3 0.999485
-1090.1 0.999486
-1089.9 0.999486
-1089.7 0.999486
-1089.5 0.999487
-1089.3 0.999487
-1089.1 0.999489
-1088.9 0.999489
-1088.7 0.999489
-1088.5 0.999489
-1088.3 0.999489
-1088.1 0.999489
-1087.9 0.999489
-1087.7 0.999489
-1087.5 0.999489
-1087.3 0.999489
-1087.1 0.999489
-1086.9 0.999489
-1086.7 0.999489
-1086.5 0.999489
-1086.3 0.999489
-1086.1 0.999489
-1085.9 0.999489
-1085.7 0.999489
-1085.5 0.999489
-1085.3 0.999489
-1085.1 0.999489
-1084.9 0.999489
-1084.7 0.999489
-1084.5 0.999489
-1084.3 0.999489
-1084.1 0.999489
-1083.9 0.999489
-1083.7 0.999489
-1083.5 0.999489
-1083.3 0.999489
-1083.1 0.999489
-1082.9 0.999489
-1082.7 0.999489
-1082.5 0.999489
-1082.3 0.999489
-1082.1 0.999489
-1081.9 0.999489
-1081.7 0.999489
-1081.5 0.999489
-1081.3 0.999489
-1081.1 0.999489
-1080.9 0.999489
-1080.7 0.999489
-1080.5 0.999489
-1080.3 0.999489
-1080.1 0.999489
-1079.9 0.999489
-1079.7 0.999489
-1079.5 0.999489
-1079.3 0.999489
-1079.1 0.999489
-1078.9 0.999489
-1078.7 0.999489
-1078.5 0.999489
-1078.3 0.999489
-1078.1 0.999489
-1077.9 0.999489
-1077.7 0.999489
-1077.5 0.999489
-1077.3 0.999489
-1077.1 0.999489
-1076.9 0.999489
-1076.7 0.999489
-1076.5 0.999489
-1076.3 0.999489
-1076.1 0.999489
-1075.9 0.999489
-1075.7 0.999489
-1075.5 0.999489
-1075.3 0.999489
-1075.1 0.999489
-1074.9 0.99949
-1074.7 0.99949
-1074.5 0.99949
-1074.3 0.99949
-1074.1 0.99949
-1073.9 0.99949
-1073.7 0.999491
-1073.5 0.999491
-1073.3 0.999491
-1073.1 0.999491
-1072.9 0.999491
-1072.7 0.999491
-1072.5 0.999491
-1072.3 0.999491
-1072.1 0.999491
-1071.9 0.999491
-1071.7 0.999491
-1071.5 0.999491
-1071.3 0.999491
-1071.1 0.999491
-1070.9 0.999491
-1070.7 0.999491
-1070.5 0.999491
-1070.3 0.999491
-1070.1 0.999491
-1069.9 0.999491
-1069.7 0.999491
-1069.5 0.999491
-1069.3 0.999491
-1069.1 0.999491
-1068.9 0.999491
-1068.7 0.999492
-1068.5 0.999492
-1068.3 0.999494
-1068.1 0.999494
-1067.9 0.999495
-1067.7 0.999495
-1067.5 0.999495
-1067.3 0.999495
-1067.1 0.999495
-1066.9 0.999495
-1066.7 0.999495
-1066.5 0.999495
-1066.3 0.999495
-1066.1 0.999495
-1065.9 0.999495
-1065.7 0.999496
-1065.5 0.999499
-1065.3 0.9995
-1065.1 0.9995
-1064.9 0.9995
-1064.7 0.999501
-1064.5 0.999503
-1064.3 0.999504
-1064.1 0.999506
-1063.9 0.999506
-1063.7 0.999508
-1063.5 0.999511
-1063.3 0.999514
-1063.1 0.999516
-1062.9 0.999521
-1062.7 0.999524
-1062.5 0.999528
-1062.3 0.999531
-1062.1 0.999531
-1061.9 0.999535
-1061.7 0.999542
-1061.5 0.999544
-1061.3 0.999548
-1061.1 0.999549
-1060.9 0.999555
-1060.7 0.999557
-1060.5 0.99956
-1060.3 0.999563
-1060.1 0.999571
-1059.9 0.999571
-1059.7 0.999572
-1059.5 0.999574
-1059.3 0.999577
-1059.1 0.999582
-1058.9 0.999584
-1058.7 0.999587
-1058.5 0.999588
-1058.3 0.999592
-1058.1 0.999602
-1057.9 0.999603
-1057.7 0.999605
-1057.5 0.999608
-1057.3 0.99961
-1057.1 0.999611
-1056.9 0.99962
-1056.7 0.999623
-1056.5 0.999631
-1056.3 0.999632
-1056.1 0.999635
-1055.9 0.999639
-1055.7 0.999641
-1055.5 0.999645
-1055.3 0.999647
-1055.1 0.999649
-1054.9 0.999651
-1054.7 0.999655
-1054.5 0.99966
-1054.3 0.999665
-1054.1 0.999668
-1053.9 0.999673
-1053.7 0.999678
-1053.5 0.99968
-1053.3 0.999681
-1053.1 0.999684
-1052.9 0.999689
-1052.7 0.999691
-1052.5 0.999694
-1052.3 0.999696
-1052.1 0.999698
-1051.9 0.999698
-1051.7 0.9997
-1051.5 0.999702
-1051.3 0.999702
-1051.1 0.999703
-1050.9 0.999705
-1050.7 0.999708
-1050.5 0.999709
-1050.3 0.99971
-1050.1 0.999712
-1049.9 0.999713
-1049.7 0.999717
-1049.5 0.999719
-1049.3 0.99972
-1049.1 0.99972
-1048.9 0.999727
-1048.7 0.999728
-1048.5 0.999729
-1048.3 0.999729
-1048.1 0.999733
-1047.9 0.999733
-1047.7 0.999736
-1047.5 0.999738
-1047.3 0.999738
-1047.1 0.999738
-1046.9 0.999738
-1046.7 0.999739
-1046.5 0.999739
-1046.3 0.999742
-1046.1 0.999742
-1045.9 0.999744
-1045.7 0.999744
-1045.5 0.999746
-1045.3 0.999746
-1045.1 0.999747
-1044.9 0.999752
-1044.7 0.999753
-1044.5 0.999753
-1044.3 0.999754
-1044.1 0.999757
-1043.9 0.999758
-1043.7 0.999761
-1043.5 0.999764
-1043.3 0.999767
-1043.1 0.999767
-1042.9 0.999768
-1042.7 0.999768
-1042.5 0.999771
-1042.3 0.999771
-1042.1 0.999771
-1041.9 0.999771
-1041.7 0.999772
-1041.5 0.999772
-1041.3 0.999773
-1041.1 0.999773
-1040.9 0.999773
-1040.7 0.999773
-1040.5 0.999775
-1040.3 0.999775
-1040.1 0.999775
-1039.9 0.999775
-1039.7 0.999775
-1039.5 0.999775
-1039.3 0.999775
-1039.1 0.999775
-1038.9 0.999775
-1038.7 0.999775
-1038.5 0.999775
-1038.3 0.999775
-1038.1 0.999775
-1037.9 0.999775
-1037.7 0.999775
-1037.5 0.999775
-1037.3 0.999775
-1037.1 0.999775
-1036.9 0.999775
-1036.7 0.999775
-1036.5 0.999775
-1036.3 0.999775
-1036.1 0.999775
-1035.9 0.999776
-1035.7 0.999776
-1035.5 0.999776
-1035.3 0.999776
-1035.1 0.999776
-1034.9 0.999776
-1034.7 0.999776
-1034.5 0.999776
-1034.3 0.999776
-1034.1 0.999776
-1033.9 0.999776
-1033.7 0.999776
-1033.5 0.999777
-1033.3 0.999777
-1033.1 0.999777
-1032.9 0.999777
-1032.7 0.999777
-1032.5 0.999777
-1032.3 0.999777
-1032.1 0.999777
-1031.9 0.999777
-1031.7 0.999777
-1031.5 0.999777
-1031.3 0.999777
-1031.1 0.999777
-1030.9 0.999777
-1030.7 0.999777
-1030.5 0.999777
-1030.3 0.999777
-1030.1 0.999777
-1029.9 0.999777
-1029.7 0.999777
-1029.5 0.999777
-1029.3 0.999777
-1029.1 0.999777
-1028.9 0.99978
-1028.7 0.99978
-1028.5 0.99978
-1028.3 0.99978
-1028.1 0.99978
-1027.9 0.99978
-1027.7 0.99978
-1027.5 0.99978
-1027.3 0.99978
-1027.1 0.99978
-1026.9 0.99978
-1026.7 0.99978
-1026.5 0.99978
-1026.3 0.99978
-1026.1 0.99978
-1025.9 0.99978
-1025.7 0.99978
-1025.5 0.99978
-1025.3 0.99978
-1025.1 0.99978
-1024.9 0.99978
-1024.7 0.99978
-1024.5 0.99978
-1024.3 0.99978
-1024.1 0.99978
-1023.9 0.99978
-1023.7 0.99978
-1023.5 0.99978
-1023.3 0.99978
-1023.1 0.99978
-1022.9 0.99978
-1022.7 0.99978
-1022.5 0.99978
-1022.3 0.99978
-1022.1 0.99978
-1021.9 0.99978
-1021.7 0.99978
-1021.5 0.99978
-1021.3 0.99978
-1021.1 0.99978
-1020.9 0.99978
-1020.7 0.99978
-1020.5 0.99978
-1020.3 0.99978
-1020.1 0.99978
-1019.9 0.99978
-1019.7 0.99978
-1019.5 0.99978
-1019.3 0.99978
-1019.1 0.99978
-1018.9 0.99978
-1018.7 0.99978
-1018.5 0.99978
-1018.3 0.99978
-1018.1 0.99978
-1017.9 0.99978
-1017.7 0.99978
-1017.5 0.99978
-1017.3 0.99978
-1017.1 0.99978
-1016.9 0.99978
-1016.7 0.99978
-1016.5 0.99978
-1016.3 0.99978
-1016.1 0.99978
-1015.9 0.99978
-1015.7 0.99978
-1015.5 0.99978
-1015.3 0.99978
-1015.1 0.999781
-1014.9 0.999781
-1014.7 0.999781
-1014.5 0.999782
-1014.3 0.999783
-1014.1 0.999783
-1013.9 0.999783
-1013.7 0.999783
-1013.5 0.999783
-1013.3 0.999783
-1013.1 0.999783
-1012.9 0.999783
-1012.7 0.999783
-1012.5 0.999783
-1012.3 0.999783
-1012.1 0.999783
-1011.9 0.999783
-1011.7 0.999783
-1011.5 0.999785
-1011.3 0.999786
-1011.1 0.999787
-1010.9 0.999788
-1010.7 0.99979
-1010.5 0.999791
-1010.3 0.999791
-1010.1 0.999791
-1009.9 0.999792
-1009.7 0.999793
-1009.5 0.999796
-1009.3 0.999797
-1009.1 0.999798
-1008.9 0.999801
-1008.7 0.999802
-1008.5 0.999802
-1008.3 0.999809
-1008.1 0.999811
-1007.9 0.999814
-1007.7 0.999817
-1007.5 0.99982
-1007.3 0.999825
-1007.1 0.999827
-1006.9 0.999829
-1006.7 0.999834
-1006.5 0.999839
-1006.3 0.999845
-1006.1 0.999848
-1005.9 0.99985
-1005.7 0.999854
-1005.5 0.999863
-1005.3 0.999863
-1005.1 0.999868
-1004.9 0.999873
-1004.7 0.999878
-1004.5 0.999879
-1004.3 0.999884
-1004.1 0.999887
-1003.9 0.999893
-1003.7 0.999894
-1003.5 0.999899
-1003.3 0.999903
-1003.1 0.999913
-1002.9 0.999923
-1002.7 0.999929
-1002.5 0.999935
-1002.3 0.99994
-1002.1 0.999943
-1001.9 0.999955
-1001.7 0.999962
-1001.5 0.999971
-1001.3 0.999977
-1001.1 0.999981
-1000.9 0.999987
-1000.7 0.999989
-1000.5 0.999994
-1000.3 0.999997
-1000.1 0.999999
-999.9 1
