-19.9 0
-19.7 0
-19.5 0
-19.3 0
-19.1 0
-18.9 0
-18.7 0
-18.5 0
-18.3 0
-18.1 0
-17.9 0
-17.7 0
-17.5 0
-17.3 0
-17.1 0
-16.9 0
-16.7 0
-16.5 0
-16.3 0
-16.1 0
-15.9 0
-15.7 0
-15.5 0
-15.3 0
-15.1 0
-14.9 0
-14.7 0
-14.5 1
-14.3 0
-14.1 0
-13.9 0
-13.7 0
-13.5 0
-13.3 0
-13.1 1
-12.9 0
-12.7 0
-12.5 0
-12.3 0
-12.1 0
-11.9 0
-11.7 0
-11.5 0
-11.3 0
-11.1 0
-10.9 0
-10.7 0
-10.5 0
-10.3 0
-10.1 0
-9.9 0
-9.7 0
-9.5 0
-9.3 0
-9.1 0
-8.9 0
-8.7 0
-8.5 0
-8.3 0
-8.1 0
-7.9 0
-7.7 0
-7.5 0
-7.3 0
-7.1 0
-6.9 0
-6.7 0
-6.5 0
-6.3 1
-6.1 0
-5.9 1
-5.7 0
-5.5 0
-5.3 0
-5.1 0
-4.9 0
-4.7 0
-4.5 2
-4.3 0
-4.1 0
-3.9 3
-3.7 2
-3.5 3
-3.3 2
-3.1 2
-2.9 2
-2.7 4
-2.5 5
-2.3 4
-2.1 5
-1.9 6
-1.7 5
-1.5 4
-1.3 5
-1.1 13
-0.9 6
-0.7 7
-0.5 12
-0.3 9
-0.1 14
0.1 12
0.3 15
0.5 13
0.7 14
0.9 16
1.1 23
1.3 30
1.5 22
1.7 35
1.9 56
2.1 69
2.3 73
2.5 94
2.7 120
2.9 149
3.1 159
3.3 209
3.5 265
3.7 332
3.9 397
4.1 447
4.3 643
4.5 702
4.7 809
4.9 1010
5.1 1274
5.3 1421
5.5 1692
5.7 1948
5.9 2352
6.1 2683
6.3 3083
6.5 3561
6.7 4017
6.9 4376
7.1 5018
7.3 5520
7.5 6103
7.7 6887
7.9 7370
8.1 8051
8.3 8824
8.5 9245
8.7 10004
8.9 10741
9.1 11364
9.3 11910
9.5 12482
9.7 12977
9.9 13516
10.1 13834
10.3 14591
10.5 14795
10.7 15139
10.9 15679
11.1 15972
11.3 16008
11.5 16408
11.7 16442
11.9 16574
12.1 16537
12.3 16654
12.5 16419
12.7 16325
12.9 16525
13.1 16596
13.3 16477
13.5 16154
13.7 16174
13.9 16063
14.1 15756
14.3 15457
14.5 15167
14.7 15146
14.9 15179
15.1 14838
15.3 14715
15.5 14440
15.7 14203
15.9 14193
16.1 13838
16.3 13597
16.5 13406
16.7 13199
16.9 12930
17.1 12679
17.3 12648
17.5 12372
17.7 12134
17.9 12116
18.1 11940
18.3 11927
18.5 11779
18.7 11554
18.9 11151
19.1 11049
19.3 10978
19.5 10627
19.7 10837
19.9 10630
20.1 10542
20.3 10220
20.5 10392
20.7 10176
20.9 10010
21.1 10011
21.3 9914
21.5 9863
21.7 9483
21.9 9491
22.1 9548
22.3 9521
22.5 9379
22.7 9281
22.9 9392
23.1 9068
23.3 9025
23.5 8999
23.7 9084
23.9 8818
24.1 8770
24.3 8867
24.5 8916
24.7 8730
24.9 8750
25.1 8595
25.3 8633
25.5 8560
25.7 8488
25.9 8488
26.1 8403
26.3 8380
26.5 8232
26.7 8383
26.9 8184
27.1 8294
27.3 8205
27.5 8099
27.7 8233
27.9 8045
28.1 8006
28.3 7893
28.5 8104
28.7 7898
28.9 7963
29.1 8038
29.3 7859
29.5 7795
29.7 7912
29.9 7795
30.1 7837
30.3 7771
30.5 7723
30.7 7764
30.9 7794
31.1 7675
31.3 7585
31.5 7540
31.7 7405
31.9 7561
32.1 7499
32.3 7292
32.5 7175
32.7 7272
32.9 7299
33.1 7051
33.3 7325
33.5 6926
33.7 7172
33.9 7151
34.1 7122
34.3 7087
34.5 6872
34.7 6862
34.9 7002
35.1 6897
35.3 6880
35.5 6852
35.7 6842
35.9 6887
36.1 6730
36.3 6866
36.5 6726
36.7 6899
36.9 6724
37.1 6988
37.3 6629
37.5 6670
37.7 6744
37.9 6817
38.1 6828
38.3 6700
38.5 6751
38.7 6674
38.9 6688
39.1 6515
39.3 6710
39.5 6622
39.7 6778
39.9 6736
40.1 6602
40.3 6663
40.5 6703
40.7 6552
40.9 6689
41.1 6647
41.3 6597
41.5 6453
41.7 6419
41.9 6351
42.1 6355
42.3 6457
42.5 6384
42.7 6380
42.9 6433
43.1 6445
43.3 6226
43.5 6115
43.7 6240
43.9 6321
44.1 6215
44.3 6085
44.5 6011
44.7 6031
44.9 6204
45.1 5946
45.3 6098
45.5 5990
45.7 6011
45.9 5910
46.1 5943
46.3 5882
46.5 5736
46.7 5944
46.9 5855
47.1 5878
47.3 5805
47.5 5687
47.7 5727
47.9 5716
48.1 5745
48.3 5632
48.5 5601
48.7 5603
48.9 5588
49.1 5631
49.3 5684
49.5 5621
49.7 5560
49.9 5526
50.1 5534
50.3 5501
50.5 5538
50.7 5426
50.9 5593
51.1 5397
51.3 5544
51.5 5422
51.7 5536
51.9 5515
52.1 5548
52.3 5348
52.5 5499
52.7 5533
52.9 5561
53.1 5438
53.3 5527
53.5 5468
53.7 5440
53.9 5368
54.1 5480
54.3 5379
54.5 5208
54.7 5353
54.9 5227
55.1 5273
55.3 5195
55.5 5197
55.7 5297
55.9 5182
56.1 5137
56.3 5090
56.5 5137
56.7 4930
56.9 5009
57.1 5033
57.3 5165
57.5 4848
57.7 5043
57.9 5001
58.1 5003
58.3 4798
58.5 4982
58.7 4840
58.9 4953
59.1 4761
59.3 4742
59.5 4890
59.7 4775
59.9 4866
60.1 4774
60.3 4732
60.5 4654
60.7 4745
60.9 4695
61.1 4752
61.3 4583
61.5 4789
61.7 4621
61.9 4647
62.1 4661
62.3 4566
62.5 4600
62.7 4611
62.9 4638
63.1 4612
63.3 4543
63.5 4562
63.7 4510
63.9 4385
64.1 4491
64.3 4374
64.5 4312
64.7 4483
64.9 4428
65.1 4322
65.3 4264
65.5 4310
65.7 4241
65.9 4269
66.1 4172
66.3 4246
66.5 4245
66.7 4126
66.9 4193
67.1 4031
67.3 4138
67.5 4033
67.7 3975
67.9 3981
68.1 3969
68.3 3932
68.5 3892
68.7 3808
68.9 3871
69.1 3829
69.3 3839
69.5 3682
69.7 3728
69.9 3678
70.1 3665
70.3 3682
70.5 3559
70.7 3601
70.9 3522
71.1 3470
71.3 3348
71.5 3378
71.7 3346
71.9 3352
72.1 3274
72.3 3150
72.5 3258
72.7 3244
72.9 3124
73.1 3168
73.3 3060
73.5 2968
73.7 2894
73.9 2921
74.1 2851
74.3 2779
74.5 2798
74.7 2769
74.9 2696
75.1 2565
75.3 2607
75.5 2483
75.7 2493
75.9 2416
76.1 2413
76.3 2376
76.5 2311
76.7 2299
76.9 2246
77.1 2160
77.3 2121
77.5 1949
77.7 1979
77.9 1985
78.1 1971
78.3 1907
78.5 1964
78.7 1897
78.9 1773
79.1 1791
79.3 1768
79.5 1652
79.7 1673
79.9 1606
80.1 1660
80.3 1625
80.5 1535
80.7 1455
80.9 1350
81.1 1479
81.3 1365
81.5 1262
81.7 1265
81.9 1198
82.1 1208
82.3 1112
82.5 1165
82.7 1031
82.9 985
83.1 956
83.3 886
83.5 849
83.7 780
83.9 748
84.1 757
84.3 636
84.5 649
84.7 535
84.9 515
85.1 479
85.3 418
85.5 419
85.7 398
85.9 333
86.1 323
86.3 276
86.5 271
86.7 234
86.9 185
87.1 205
87.3 188
87.5 154
87.7 148
87.9 113
88.1 119
88.3 96
88.5 103
88.7 74
88.9 65
89.1 64
89.3 41
89.5 34
89.7 38
89.9 27
