-29.9 0
-29.7 0
-29.5 0
-29.3 0
-29.1 0
-28.9 0
-28.7 0
-28.5 0
-28.3 0
-28.1 0
-27.9 0
-27.7 0
-27.5 0
-27.3 0
-27.1 0
-26.9 0
-26.7 0
-26.5 0
-26.3 0
-26.1 0
-25.9 0
-25.7 0
-25.5 0
-25.3 0
-25.1 0
-24.9 0
-24.7 0
-24.5 0
-24.3 0
-24.1 0
-23.9 0
-23.7 0
-23.5 0
-23.3 1
-23.1 0
-22.9 0
-22.7 0
-22.5 2
-22.3 2
-22.1 1
-21.9 2
-21.7 3
-21.5 9
-21.3 8
-21.1 22
-20.9 22
-20.7 43
-20.5 69
-20.3 74
-20.1 109
-19.9 128
-19.7 149
-19.5 195
-19.3 225
-19.1 284
-18.9 346
-18.7 335
-18.5 362
-18.3 381
-18.1 428
-17.9 406
-17.7 405
-17.5 391
-17.3 371
-17.1 414
-16.9 359
-16.7 434
-16.5 404
-16.3 367
-16.1 341
-15.9 320
-15.7 336
-15.5 331
-15.3 286
-15.1 327
-14.9 284
-14.7 248
-14.5 236
-14.3 262
-14.1 251
-13.9 223
-13.7 240
-13.5 227
-13.3 209
-13.1 218
-12.9 217
-12.7 216
-12.5 247
-12.3 240
-12.1 231
-11.9 202
-11.7 227
-11.5 176
-11.3 202
-11.1 187
-10.9 204
-10.7 197
-10.5 172
-10.3 186
-10.1 203
-9.9 202
-9.7 198
-9.5 217
-9.3 205
-9.1 207
-8.9 184
-8.7 195
-8.5 179
-8.3 197
-8.1 204
-7.9 176
-7.7 193
-7.5 186
-7.3 189
-7.1 187
-6.9 215
-6.7 200
-6.5 217
-6.3 189
-6.1 198
-5.9 208
-5.7 179
-5.5 188
-5.3 210
-5.1 197
-4.9 173
-4.7 191
-4.5 204
-4.3 206
-4.1 189
-3.9 190
-3.7 180
-3.5 166
-3.3 178
-3.1 189
-2.9 165
-2.7 192
-2.5 203
-2.3 203
-2.1 208
-1.9 202
-1.7 183
-1.5 197
-1.3 166
-1.1 169
-0.9 193
-0.7 173
-0.5 184
-0.3 197
-0.1 181
0.1 203
0.3 191
0.5 167
0.7 187
0.9 168
1.1 184
1.3 168
1.5 192
1.7 189
1.9 186
2.1 224
2.3 189
2.5 178
2.7 201
2.9 175
3.1 193
3.3 176
3.5 201
3.7 176
3.9 186
4.1 177
4.3 193
4.5 197
4.7 180
4.9 206
5.1 201
5.3 178
5.5 191
5.7 186
5.9 182
6.1 185
6.3 191
6.5 164
6.7 156
6.9 173
7.1 180
7.3 193
7.5 200
7.7 175
7.9 166
8.1 182
8.3 163
8.5 185
8.7 188
8.9 193
9.1 162
9.3 187
9.5 195
9.7 180
9.9 177
10.1 181
10.3 188
10.5 181
10.7 186
10.9 177
11.1 182
11.3 188
11.5 193
11.7 185
11.9 155
12.1 182
12.3 165
12.5 150
12.7 190
12.9 195
13.1 169
13.3 190
13.5 184
13.7 193
13.9 200
14.1 185
14.3 175
14.5 181
14.7 156
14.9 190
15.1 177
15.3 156
15.5 182
15.7 186
15.9 171
16.1 174
16.3 176
16.5 162
16.7 163
16.9 160
17.1 185
17.3 173
17.5 197
17.7 175
17.9 155
18.1 197
18.3 161
18.5 162
18.7 150
18.9 132
19.1 167
19.3 168
19.5 180
19.7 153
19.9 185
20.1 164
20.3 154
20.5 160
20.7 161
20.9 161
21.1 152
21.3 145
21.5 156
21.7 181
21.9 197
22.1 168
22.3 144
22.5 171
22.7 182
22.9 176
23.1 145
23.3 184
23.5 177
23.7 167
23.9 136
24.1 147
24.3 167
24.5 165
24.7 169
24.9 171
25.1 165
25.3 175
25.5 154
25.7 190
25.9 166
26.1 162
26.3 172
26.5 188
26.7 155
26.9 167
27.1 161
27.3 151
27.5 155
27.7 170
27.9 175
28.1 165
28.3 168
28.5 159
28.7 163
28.9 156
29.1 165
29.3 163
29.5 179
29.7 156
29.9 150
30.1 156
30.3 158
30.5 167
30.7 150
30.9 157
31.1 182
31.3 143
31.5 159
31.7 125
31.9 158
32.1 165
32.3 161
32.5 185
32.7 155
32.9 131
33.1 160
33.3 149
33.5 141
33.7 185
33.9 154
34.1 168
34.3 163
34.5 161
34.7 144
34.9 140
35.1 155
35.3 160
35.5 138
35.7 142
35.9 138
36.1 151
36.3 166
36.5 126
36.7 150
36.9 152
37.1 147
37.3 165
37.5 131
37.7 163
37.9 149
38.1 169
38.3 150
38.5 162
38.7 155
38.9 158
39.1 143
39.3 157
39.5 156
39.7 154
39.9 125
40.1 155
40.3 160
40.5 162
40.7 155
40.9 164
41.1 148
41.3 152
41.5 148
41.7 149
41.9 142
42.1 140
42.3 153
42.5 159
42.7 133
42.9 153
43.1 174
43.3 142
43.5 130
43.7 144
43.9 141
44.1 121
44.3 125
44.5 147
44.7 127
44.9 128
45.1 144
45.3 112
45.5 130
45.7 119
45.9 129
46.1 138
46.3 125
46.5 107
46.7 136
46.9 108
47.1 118
47.3 120
47.5 95
47.7 114
47.9 113
48.1 128
48.3 107
48.5 113
48.7 103
48.9 85
49.1 97
49.3 104
49.5 110
49.7 85
49.9 85
50.1 97
50.3 81
50.5 88
50.7 75
50.9 88
51.1 76
51.3 78
51.5 79
51.7 103
51.9 79
52.1 78
52.3 89
52.5 68
52.7 85
52.9 64
53.1 78
53.3 64
53.5 73
53.7 81
53.9 76
54.1 79
54.3 90
54.5 95
54.7 60
54.9 65
55.1 69
55.3 69
55.5 64
55.7 66
55.9 68
56.1 68
56.3 62
56.5 45
56.7 66
56.9 55
57.1 59
57.3 51
57.5 48
57.7 74
57.9 56
58.1 57
58.3 44
58.5 65
58.7 45
58.9 49
59.1 39
59.3 50
59.5 40
59.7 33
59.9 32
60.1 39
60.3 55
60.5 35
60.7 27
60.9 40
61.1 30
61.3 21
61.5 31
61.7 23
61.9 26
62.1 26
62.3 20
62.5 30
62.7 26
62.9 26
63.1 25
63.3 15
63.5 33
63.7 23
63.9 27
64.1 21
64.3 27
64.5 26
64.7 26
64.9 19
65.1 14
65.3 27
65.5 14
65.7 21
65.9 29
66.1 19
66.3 9
66.5 25
66.7 22
66.9 25
67.1 17
67.3 12
67.5 25
67.7 20
67.9 14
68.1 16
68.3 30
68.5 21
68.7 19
68.9 18
69.1 25
69.3 11
69.5 19
69.7 18
69.9 20
70.1 18
70.3 23
70.5 22
70.7 24
70.9 25
71.1 22
71.3 19
71.5 21
71.7 11
71.9 15
72.1 14
72.3 19
72.5 11
72.7 16
72.9 9
73.1 21
73.3 20
73.5 24
73.7 8
73.9 18
74.1 17
74.3 14
74.5 12
74.7 11
74.9 11
75.1 8
75.3 7
75.5 5
75.7 8
75.9 10
76.1 5
76.3 9
76.5 6
76.7 5
76.9 6
77.1 5
77.3 11
77.5 5
77.7 6
77.9 3
78.1 5
78.3 5
78.5 3
78.7 7
78.9 4
79.1 6
79.3 8
79.5 7
79.7 3
79.9 6
80.1 6
80.3 5
80.5 7
80.7 8
80.9 1
81.1 10
81.3 9
81.5 5
81.7 13
81.9 4
82.1 5
82.3 5
82.5 7
82.7 14
82.9 8
83.1 6
83.3 8
83.5 9
83.7 7
83.9 12
84.1 10
84.3 12
84.5 10
84.7 9
84.9 7
85.1 5
85.3 5
85.5 4
85.7 4
85.9 6
86.1 5
86.3 6
86.5 11
86.7 7
86.9 3
87.1 5
87.3 5
87.5 2
87.7 4
87.9 8
88.1 7
88.3 1
88.5 2
88.7 4
88.9 4
89.1 3
89.3 5
89.5 2
89.7 4
89.9 1
90.1 4
90.3 4
90.5 1
90.7 3
90.9 2
91.1 1
91.3 4
91.5 0
91.7 3
91.9 4
92.1 3
92.3 5
92.5 0
92.7 1
92.9 0
93.1 2
93.3 1
93.5 4
93.7 0
93.9 5
94.1 2
94.3 3
94.5 3
94.7 3
94.9 1
95.1 2
95.3 3
95.5 0
95.7 1
95.9 2
96.1 3
96.3 1
96.5 3
96.7 3
96.9 2
97.1 1
97.3 0
97.5 1
97.7 3
97.9 3
98.1 3
98.3 0
98.5 5
98.7 5
98.9 5
99.1 2
99.3 2
99.5 2
99.7 2
99.9 1
