803
236.1 6.55639e-06
236.3 6.55639e-06
236.5 6.55639e-06
236.7 1.96692e-05
236.9 3.27819e-05
237.1 3.27819e-05
237.3 3.27819e-05
237.5 6.55639e-05
237.7 9.83458e-05
237.9 0.000150797
238.1 0.000190135
238.3 0.000203248
238.5 0.000301594
238.7 0.000347489
238.9 0.000406496
239.1 0.000478616
239.3 0.000563849
239.5 0.00063597
239.7 0.00078021
239.9 0.000957233
240.1 0.00111459
240.3 0.00132439
240.5 0.00158009
240.7 0.00187513
240.9 0.00229474
241.1 0.00270123
241.3 0.00336998
241.5 0.00413052
241.7 0.00495007
241.9 0.00582207
242.1 0.00690388
242.3 0.00799224
242.5 0.00922484
242.7 0.0105951
242.9 0.0121162
243.1 0.0136766
243.3 0.0156304
243.5 0.0180235
243.7 0.0205805
243.9 0.0231965
244.1 0.0265337
244.3 0.0300742
244.5 0.0337916
244.7 0.0376533
244.9 0.0417707
245.1 0.0460521
245.3 0.0504514
245.5 0.054759
245.7 0.0589747
245.9 0.0633282
246.1 0.0677734
246.3 0.0720482
246.5 0.0763623
246.7 0.0804272
246.9 0.0846299
247.1 0.0883211
247.3 0.0919468
247.5 0.0953102
247.7 0.0984245
247.9 0.101572
248.1 0.104778
248.3 0.107957
248.5 0.111078
248.7 0.114002
248.9 0.117117
249.1 0.120034
249.3 0.123103
249.5 0.126178
249.7 0.129108
249.9 0.132026
250.1 0.134812
250.3 0.137625
250.5 0.140549
250.7 0.143218
250.9 0.146148
251.1 0.148738
251.3 0.151374
251.5 0.154285
251.7 0.156921
251.9 0.159556
252.1 0.162172
252.3 0.164926
252.5 0.16747
252.7 0.169961
252.9 0.172636
253.1 0.175134
253.3 0.177731
253.5 0.180274
253.7 0.182799
253.9 0.185579
254.1 0.188254
254.3 0.190817
254.5 0.193525
254.7 0.196213
254.9 0.199019
255.1 0.201596
255.3 0.204448
255.5 0.207129
255.7 0.209601
255.9 0.212047
256.1 0.21465
256.3 0.217062
256.5 0.219705
256.7 0.222412
256.9 0.225173
257.1 0.227756
257.3 0.230273
257.5 0.232883
257.7 0.235564
257.9 0.238056
258.1 0.240377
258.3 0.242973
258.5 0.245399
258.7 0.248028
258.9 0.250651
259.1 0.253437
259.3 0.256112
259.5 0.258689
259.7 0.261128
259.9 0.263645
260.1 0.266025
260.3 0.268517
260.5 0.270995
260.7 0.273696
260.9 0.276142
261.1 0.278712
261.3 0.28144
261.5 0.283964
261.7 0.286731
261.9 0.289563
262.1 0.292244
262.3 0.294867
262.5 0.297352
262.7 0.299915
262.9 0.302348
263.1 0.304656
263.3 0.30737
263.5 0.309914
263.7 0.312386
263.9 0.31512
264.1 0.317657
264.3 0.320417
264.5 0.322948
264.7 0.325308
264.9 0.327859
265.1 0.330291
265.3 0.332599
265.5 0.335261
265.7 0.337726
265.9 0.340218
266.1 0.34265
266.3 0.345266
266.5 0.347902
266.7 0.350826
266.9 0.353501
267.1 0.356058
267.3 0.358772
267.5 0.361388
267.7 0.363932
267.9 0.366397
268.1 0.368849
268.3 0.37159
268.5 0.374134
268.7 0.376691
268.9 0.379346
269.1 0.381765
269.3 0.384696
269.5 0.387247
269.7 0.389804
269.9 0.392754
270.1 0.395154
270.3 0.397894
270.5 0.400576
270.7 0.403231
270.9 0.406063
271.1 0.408771
271.3 0.411328
271.5 0.413944
271.7 0.41656
271.9 0.419189
272.1 0.421641
272.3 0.424054
272.5 0.426578
272.7 0.429024
272.9 0.431633
273.1 0.434295
273.3 0.436859
273.5 0.439553
273.7 0.442117
273.9 0.444595
274.1 0.447205
274.3 0.449703
274.5 0.452181
274.7 0.454712
274.9 0.457341
275.1 0.459898
275.3 0.462422
275.5 0.465091
275.7 0.467798
275.9 0.470486
276.1 0.473306
276.3 0.475699
276.5 0.478118
276.7 0.480688
276.9 0.483481
277.1 0.486137
277.3 0.488739
277.5 0.491283
277.7 0.49388
277.9 0.496391
278.1 0.49879
278.3 0.5014
278.5 0.504042
278.7 0.506651
278.9 0.509248
279.1 0.511641
279.3 0.514296
279.5 0.516761
279.7 0.51924
279.9 0.521757
280.1 0.52436
280.3 0.526957
280.5 0.529422
280.7 0.531953
280.9 0.534483
281.1 0.537093
281.3 0.539591
281.5 0.542154
281.7 0.544764
281.9 0.547301
282.1 0.549976
282.3 0.552376
282.5 0.555018
282.7 0.557339
282.9 0.559804
283.1 0.562328
283.3 0.565108
283.5 0.567672
283.7 0.570104
283.9 0.572517
284.1 0.575172
284.3 0.577703
284.5 0.580326
284.7 0.583079
284.9 0.58561
285.1 0.588115
285.3 0.590737
285.5 0.593078
285.7 0.59572
285.9 0.598192
286.1 0.600709
286.3 0.603365
286.5 0.605987
286.7 0.608544
286.9 0.611075
287.1 0.613448
287.3 0.616019
287.5 0.618471
287.7 0.620851
287.9 0.623316
288.1 0.625794
288.3 0.628469
288.5 0.63117
288.7 0.633616
288.9 0.636075
289.1 0.638625
289.3 0.641064
289.5 0.643647
289.7 0.646289
289.9 0.648709
290.1 0.651331
290.3 0.653678
290.5 0.65617
290.7 0.658635
290.9 0.661133
291.1 0.663736
291.3 0.666024
291.5 0.668647
291.7 0.670981
291.9 0.673387
292.1 0.676108
292.3 0.678606
292.5 0.681078
292.7 0.683595
292.9 0.686178
293.1 0.688808
293.3 0.691437
293.5 0.693777
293.7 0.696472
293.9 0.699101
294.1 0.70156
294.3 0.704005
294.5 0.706556
294.7 0.708982
294.9 0.711401
295.1 0.713984
295.3 0.716325
295.5 0.718836
295.7 0.721301
295.9 0.723753
296.1 0.726389
296.3 0.728703
296.5 0.7313
296.7 0.733863
296.9 0.736309
297.1 0.73878
297.3 0.741357
297.5 0.743822
297.7 0.746196
297.9 0.74874
298.1 0.7511
298.3 0.753513
298.5 0.756168
298.7 0.758659
298.9 0.761184
299.1 0.763373
299.3 0.765839
299.5 0.768042
299.7 0.770258
299.9 0.772533
300.1 0.774965
300.3 0.777634
300.5 0.780073
300.7 0.782354
300.9 0.784747
301.1 0.787199
301.3 0.789455
301.5 0.79194
301.7 0.794359
301.9 0.79668
302.1 0.798883
302.3 0.801204
302.5 0.803689
302.7 0.806029
302.9 0.808527
303.1 0.810966
303.3 0.813379
303.5 0.815857
303.7 0.818316
303.9 0.820794
304.1 0.8232
304.3 0.825502
304.5 0.827665
304.7 0.829895
304.9 0.832412
305.1 0.834733
305.3 0.83748
305.5 0.839709
305.7 0.841984
305.9 0.844417
306.1 0.846777
306.3 0.849105
306.5 0.851583
306.7 0.853819
306.9 0.855838
307.1 0.858166
307.3 0.860421
307.5 0.862775
307.7 0.864952
307.9 0.867109
308.1 0.869285
308.3 0.871508
308.5 0.873645
308.7 0.87575
308.9 0.877913
309.1 0.880215
309.3 0.882483
309.5 0.884535
309.7 0.886666
309.9 0.888712
310.1 0.890967
310.3 0.893059
310.5 0.894993
310.7 0.896861
310.9 0.898868
311.1 0.900992
311.3 0.902985
311.5 0.90505
311.7 0.907221
311.9 0.909069
312.1 0.910958
312.3 0.912748
312.5 0.914675
312.7 0.916688
312.9 0.918668
313.1 0.920478
313.3 0.922267
313.5 0.924169
313.7 0.925946
313.9 0.927735
314.1 0.929663
314.3 0.93161
314.5 0.933282
314.7 0.934934
314.9 0.936692
315.1 0.938357
315.3 0.940009
315.5 0.941733
315.7 0.943405
315.9 0.945103
316.1 0.946683
316.3 0.948205
316.5 0.949739
316.7 0.951437
316.9 0.95265
317.1 0.954073
317.3 0.95539
317.5 0.956787
317.7 0.958321
317.9 0.959947
318.1 0.961108
318.3 0.962511
318.5 0.963697
318.7 0.964936
318.9 0.966215
319.1 0.967402
319.3 0.968562
319.5 0.96967
319.7 0.97068
319.9 0.971775
320.1 0.972699
320.3 0.973696
320.5 0.974784
320.7 0.975781
320.9 0.976699
321.1 0.977525
321.3 0.978377
321.5 0.979197
321.7 0.980036
321.9 0.980829
322.1 0.981616
322.3 0.982357
322.5 0.983307
322.7 0.984002
322.9 0.984815
323.1 0.98555
323.3 0.986258
323.5 0.986972
323.7 0.987654
323.9 0.988303
324.1 0.988952
324.3 0.989503
324.5 0.990139
324.7 0.990572
324.9 0.991024
325.1 0.991595
325.3 0.991995
325.5 0.992375
325.7 0.992847
325.9 0.993142
326.1 0.99345
326.3 0.993785
326.5 0.994152
326.7 0.994552
326.9 0.994919
327.1 0.995194
327.3 0.995522
327.5 0.995797
327.7 0.99606
327.9 0.996263
328.1 0.99646
328.3 0.996702
328.5 0.996918
328.7 0.997115
328.9 0.997266
329.1 0.99741
329.3 0.997515
329.5 0.997672
329.7 0.99781
329.9 0.997948
330.1 0.998072
330.3 0.998171
330.5 0.998335
330.7 0.99844
330.9 0.998531
331.1 0.99859
331.3 0.998636
331.5 0.998708
331.7 0.9988
331.9 0.998899
332.1 0.998951
332.3 0.999023
332.5 0.999102
332.7 0.999161
332.9 0.999213
333.1 0.999233
333.3 0.999266
333.5 0.999312
333.7 0.999357
333.9 0.99939
334.1 0.999443
334.3 0.999475
334.5 0.999495
334.7 0.999515
334.9 0.999528
335.1 0.999587
335.3 0.999594
335.5 0.999613
335.7 0.99962
335.9 0.999626
336.1 0.999633
336.3 0.999646
336.5 0.999653
336.7 0.999666
336.9 0.999672
337.1 0.999698
337.3 0.999705
337.5 0.999712
337.7 0.999718
337.9 0.999725
338.1 0.999731
338.3 0.999744
338.5 0.999751
338.7 0.999751
338.9 0.999751
339.1 0.999751
339.3 0.999751
339.5 0.999751
339.7 0.999751
339.9 0.999757
340.1 0.999757
340.3 0.999777
340.5 0.999777
340.7 0.999777
340.9 0.999777
341.1 0.999777
341.3 0.999777
341.5 0.999777
341.7 0.999784
341.9 0.999784
342.1 0.999784
342.3 0.999784
342.5 0.999784
342.7 0.99979
342.9 0.99979
343.1 0.99979
343.3 0.99979
343.5 0.99979
343.7 0.999797
343.9 0.999797
344.1 0.999797
344.3 0.999797
344.5 0.999797
344.7 0.999797
344.9 0.999797
345.1 0.999803
345.3 0.99981
345.5 0.99981
345.7 0.99981
345.9 0.99981
346.1 0.99981
346.3 0.99981
346.5 0.999816
346.7 0.999816
346.9 0.999816
347.1 0.999823
347.3 0.999823
347.5 0.999823
347.7 0.999823
347.9 0.999823
348.1 0.999823
348.3 0.999823
348.5 0.99983
348.7 0.99983
348.9 0.99983
349.1 0.99983
349.3 0.99983
349.5 0.99983
349.7 0.99983
349.9 0.99983
350.1 0.99983
350.3 0.99983
350.5 0.99983
350.7 0.99983
350.9 0.99983
351.1 0.99983
351.3 0.99983
351.5 0.999836
351.7 0.999836
351.9 0.999836
352.1 0.999836
352.3 0.999836
352.5 0.999836
352.7 0.999836
352.9 0.999836
353.1 0.999843
353.3 0.999856
353.5 0.999856
353.7 0.999856
353.9 0.999856
354.1 0.999856
354.3 0.999856
354.5 0.999856
354.7 0.999862
354.9 0.999862
355.1 0.999869
355.3 0.999875
355.5 0.999875
355.7 0.999875
355.9 0.999875
356.1 0.999875
356.3 0.999875
356.5 0.999882
356.7 0.999882
356.9 0.999882
357.1 0.999882
357.3 0.999882
357.5 0.999882
357.7 0.999882
357.9 0.999882
358.1 0.999882
358.3 0.999882
358.5 0.999882
358.7 0.999882
358.9 0.999882
359.1 0.999882
359.3 0.999882
359.5 0.999882
359.7 0.999882
359.9 0.999882
360.1 0.999882
360.3 0.999882
360.5 0.999882
360.7 0.999889
360.9 0.999889
361.1 0.999889
361.3 0.999889
361.5 0.999889
361.7 0.999889
361.9 0.999889
362.1 0.999889
362.3 0.999889
362.5 0.999889
362.7 0.999889
362.9 0.999889
363.1 0.999889
363.3 0.999889
363.5 0.999889
363.7 0.999889
363.9 0.999889
364.1 0.999895
364.3 0.999895
364.5 0.999895
364.7 0.999895
364.9 0.999902
365.1 0.999902
365.3 0.999902
365.5 0.999902
365.7 0.999902
365.9 0.999902
366.1 0.999902
366.3 0.999902
366.5 0.999902
366.7 0.999902
366.9 0.999902
367.1 0.999902
367.3 0.999902
367.5 0.999902
367.7 0.999902
367.9 0.999902
368.1 0.999902
368.3 0.999908
368.5 0.999908
368.7 0.999908
368.9 0.999908
369.1 0.999908
369.3 0.999908
369.5 0.999908
369.7 0.999908
369.9 0.999915
370.1 0.999915
370.3 0.999915
370.5 0.999915
370.7 0.999921
370.9 0.999921
371.1 0.999921
371.3 0.999921
371.5 0.999921
371.7 0.999921
371.9 0.999921
372.1 0.999921
372.3 0.999921
372.5 0.999921
372.7 0.999921
372.9 0.999921
373.1 0.999921
373.3 0.999921
373.5 0.999921
373.7 0.999921
373.9 0.999921
374.1 0.999921
374.3 0.999921
374.5 0.999928
374.7 0.999934
374.9 0.999934
375.1 0.999934
375.3 0.999934
375.5 0.999934
375.7 0.999934
375.9 0.999934
376.1 0.999934
376.3 0.999934
376.5 0.999934
376.7 0.999934
376.9 0.999934
377.1 0.999934
377.3 0.999934
377.5 0.999934
377.7 0.999934
377.9 0.999934
378.1 0.999934
378.3 0.999934
378.5 0.999934
378.7 0.999934
378.9 0.999934
379.1 0.999934
379.3 0.999934
379.5 0.999934
379.7 0.999934
379.9 0.999941
380.1 0.999941
380.3 0.999941
380.5 0.999941
380.7 0.999948
380.9 0.999948
381.1 0.999948
381.3 0.999948
381.5 0.999948
381.7 0.999948
381.9 0.999948
382.1 0.999948
382.3 0.999948
382.5 0.999948
382.7 0.999948
382.9 0.999954
383.1 0.999961
383.3 0.999961
383.5 0.999967
383.7 0.999967
383.9 0.999967
384.1 0.999967
384.3 0.999967
384.5 0.999967
384.7 0.999967
384.9 0.999967
385.1 0.999967
385.3 0.999967
385.5 0.999967
385.7 0.999967
385.9 0.999967
386.1 0.999967
386.3 0.999967
386.5 0.999967
386.7 0.999967
386.9 0.999974
387.1 0.999974
387.3 0.99998
387.5 0.99998
387.7 0.99998
387.9 0.99998
388.1 0.99998
388.3 0.99998
388.5 0.99998
388.7 0.99998
388.9 0.99998
389.1 0.999987
389.3 0.999987
389.5 0.999987
389.7 0.999987
389.9 0.999987
390.1 0.999987
390.3 0.999987
390.5 0.999987
390.7 0.999987
390.9 0.999987
391.1 0.999987
391.3 0.999987
391.5 0.999987
391.7 0.999987
391.9 0.999993
392.1 0.999993
392.3 0.999993
392.5 0.999993
392.7 0.999993
392.9 0.999993
393.1 0.999993
393.3 0.999993
393.5 0.999993
393.7 0.999993
393.9 0.999993
394.1 0.999993
394.3 0.999993
394.5 0.999993
394.7 0.999993
394.9 0.999993
395.1 0.999993
395.3 0.999993
395.5 0.999993
395.7 0.999993
395.9 0.999993
396.1 0.999993
396.3 0.999993
396.5 1
