500
0.001 0.00695658
0.002 0.0139982
0.003 0.0211092
0.004 0.028247
0.005 0.0355929
0.006 0.0425584
0.007 0.049562
0.008 0.0565589
0.009 0.0635803
0.01 0.0703803
0.011 0.0775159
0.012 0.0844254
0.013 0.091655
0.014 0.098578
0.015 0.105506
0.016 0.112634
0.017 0.119777
0.018 0.126765
0.019 0.13369
0.02 0.140693
0.021 0.147831
0.022 0.155061
0.023 0.162331
0.024 0.169408
0.025 0.176246
0.026 0.183379
0.027 0.190372
0.028 0.197337
0.029 0.204482
0.03 0.211597
0.031 0.218473
0.032 0.225595
0.033 0.232749
0.034 0.239717
0.035 0.246991
0.036 0.254095
0.037 0.261499
0.038 0.268391
0.039 0.275471
0.04 0.282756
0.041 0.289816
0.042 0.296938
0.043 0.304082
0.044 0.311182
0.045 0.318325
0.046 0.325373
0.047 0.332401
0.048 0.339443
0.049 0.346618
0.05 0.353931
0.051 0.361033
0.052 0.36826
0.053 0.375521
0.054 0.382786
0.055 0.390083
0.056 0.397481
0.057 0.404723
0.058 0.411966
0.059 0.419205
0.06 0.426549
0.061 0.433841
0.062 0.441182
0.063 0.448584
0.064 0.455744
0.065 0.463028
0.066 0.470306
0.067 0.477556
0.068 0.484998
0.069 0.492311
0.07 0.49954
0.071 0.507293
0.072 0.514586
0.073 0.522171
0.074 0.529389
0.075 0.536509
0.076 0.543942
0.077 0.551266
0.078 0.558657
0.079 0.566
0.08 0.573581
0.081 0.581003
0.082 0.588459
0.083 0.59597
0.084 0.60352
0.085 0.610845
0.086 0.618153
0.087 0.625761
0.088 0.632946
0.089 0.640386
0.09 0.647736
0.091 0.655277
0.092 0.662694
0.093 0.669707
0.094 0.677015
0.095 0.684455
0.096 0.691673
0.097 0.699142
0.098 0.70645
0.099 0.713713
0.1 0.720772
0.101 0.727597
0.102 0.734576
0.103 0.741647
0.104 0.748919
0.105 0.755618
0.106 0.762458
0.107 0.769211
0.108 0.775944
0.109 0.782603
0.11 0.789289
0.111 0.796095
0.112 0.802683
0.113 0.809308
0.114 0.815674
0.115 0.822029
0.116 0.828014
0.117 0.833968
0.118 0.840151
0.119 0.846221
0.12 0.851938
0.121 0.857532
0.122 0.862817
0.123 0.868201
0.124 0.873309
0.125 0.878362
0.126 0.883403
0.127 0.888182
0.128 0.892919
0.129 0.8976
0.13 0.902062
0.131 0.90632
0.132 0.910502
0.133 0.914514
0.134 0.918488
0.135 0.922263
0.136 0.925943
0.137 0.929456
0.138 0.932746
0.139 0.935934
0.14 0.939031
0.141 0.941971
0.142 0.944806
0.143 0.947587
0.144 0.950152
0.145 0.952662
0.146 0.954913
0.147 0.957184
0.148 0.959317
0.149 0.961382
0.15 0.963295
0.151 0.965072
0.152 0.966844
0.153 0.968538
0.154 0.970187
0.155 0.971731
0.156 0.973223
0.157 0.974617
0.158 0.975971
0.159 0.977233
0.16 0.978497
0.161 0.979623
0.162 0.980755
0.163 0.981663
0.164 0.982565
0.165 0.983489
0.166 0.984362
0.167 0.985178
0.168 0.985953
0.169 0.986684
0.17 0.987474
0.171 0.988098
0.172 0.988703
0.173 0.989347
0.174 0.989958
0.175 0.990524
0.176 0.99107
0.177 0.991591
0.178 0.992081
0.179 0.99248
0.18 0.9929
0.181 0.993292
0.182 0.99369
0.183 0.994055
0.184 0.994368
0.185 0.994684
0.186 0.994986
0.187 0.995303
0.188 0.995563
0.189 0.995798
0.19 0.996017
0.191 0.996245
0.192 0.996447
0.193 0.996635
0.194 0.996782
0.195 0.996975
0.196 0.997127
0.197 0.997279
0.198 0.997404
0.199 0.997507
0.2 0.997628
0.201 0.997736
0.202 0.997868
0.203 0.997982
0.204 0.99808
0.205 0.998161
0.206 0.99825
0.207 0.998335
0.208 0.998411
0.209 0.998492
0.21 0.998579
0.211 0.998644
0.212 0.998704
0.213 0.998776
0.214 0.998814
0.215 0.998892
0.216 0.998928
0.217 0.998975
0.218 0.999011
0.219 0.999047
0.22 0.999107
0.221 0.999145
0.222 0.999172
0.223 0.999206
0.224 0.999241
0.225 0.999262
0.226 0.999304
0.227 0.999333
0.228 0.999371
0.229 0.999407
0.23 0.999429
0.231 0.999441
0.232 0.99945
0.233 0.999474
0.234 0.999499
0.235 0.99951
0.236 0.999526
0.237 0.999548
0.238 0.99957
0.239 0.999597
0.24 0.999617
0.241 0.999622
0.242 0.999635
0.243 0.999642
0.244 0.999651
0.245 0.999669
0.246 0.999682
0.247 0.999696
0.248 0.999711
0.249 0.999723
0.25 0.999736
0.251 0.999749
0.252 0.999756
0.253 0.99977
0.254 0.999776
0.255 0.999785
0.256 0.999792
0.257 0.999796
0.258 0.999808
0.259 0.999819
0.26 0.999821
0.261 0.999825
0.262 0.999834
0.263 0.999839
0.264 0.999861
0.265 0.99987
0.266 0.999877
0.267 0.999884
0.268 0.999895
0.269 0.999902
0.27 0.999904
0.271 0.999908
0.272 0.999913
0.273 0.999917
0.274 0.999917
0.275 0.999922
0.276 0.999924
0.277 0.999928
0.278 0.999931
0.279 0.999935
0.28 0.999937
0.281 0.999942
0.282 0.999949
0.283 0.999951
0.284 0.999951
0.285 0.999951
0.286 0.999951
0.287 0.999953
0.288 0.999955
0.289 0.999957
0.29 0.999957
0.291 0.99996
0.292 0.99996
0.293 0.999962
0.294 0.999962
0.295 0.999962
0.296 0.999962
0.297 0.999962
0.298 0.999962
0.299 0.999966
0.3 0.999969
0.301 0.999973
0.302 0.999973
0.303 0.999973
0.304 0.999973
0.305 0.999973
0.306 0.999973
0.307 0.999973
0.308 0.999975
0.309 0.999975
0.31 0.999975
0.311 0.999975
0.312 0.99998
0.313 0.99998
0.314 0.99998
0.315 0.99998
0.316 0.99998
0.317 0.99998
0.318 0.99998
0.319 0.999982
0.32 0.999982
0.321 0.999984
0.322 0.999984
0.323 0.999987
0.324 0.999987
0.325 0.999987
0.326 0.999987
0.327 0.999987
0.328 0.999987
0.329 0.999987
0.33 0.999987
0.331 0.999989
0.332 0.999989
0.333 0.999989
0.334 0.999989
0.335 0.999989
0.336 0.999989
0.337 0.999989
0.338 0.999989
0.339 0.999991
0.34 0.999991
0.341 0.999991
0.342 0.999991
0.343 0.999991
0.344 0.999991
0.345 0.999991
0.346 0.999991
0.347 0.999991
0.348 0.999993
0.349 0.999993
0.35 0.999993
0.351 0.999993
0.352 0.999993
0.353 0.999993
0.354 0.999993
0.355 0.999993
0.356 0.999993
0.357 0.999993
0.358 0.999993
0.359 0.999993
0.36 0.999993
0.361 0.999993
0.362 0.999996
0.363 0.999996
0.364 0.999996
0.365 0.999996
0.366 0.999996
0.367 0.999996
0.368 0.999996
0.369 0.999996
0.37 0.999996
0.371 0.999996
0.372 0.999996
0.373 0.999996
0.374 0.999996
0.375 0.999996
0.376 0.999996
0.377 0.999996
0.378 0.999996
0.379 0.999996
0.38 0.999996
0.381 0.999996
0.382 0.999996
0.383 0.999996
0.384 0.999996
0.385 0.999996
0.386 0.999996
0.387 0.999996
0.388 0.999996
0.389 0.999996
0.39 0.999996
0.391 0.999996
0.392 0.999996
0.393 0.999996
0.394 0.999996
0.395 0.999996
0.396 0.999996
0.397 0.999996
0.398 0.999996
0.399 0.999996
0.4 0.999996
0.401 0.999996
0.402 0.999996
0.403 0.999996
0.404 0.999996
0.405 0.999996
0.406 0.999996
0.407 0.999996
0.408 0.999998
0.409 0.999998
0.41 0.999998
0.411 0.999998
0.412 0.999998
0.413 0.999998
0.414 0.999998
0.415 0.999998
0.416 0.999998
0.417 0.999998
0.418 0.999998
0.419 0.999998
0.42 0.999998
0.421 0.999998
0.422 0.999998
0.423 0.999998
0.424 0.999998
0.425 0.999998
0.426 0.999998
0.427 0.999998
0.428 0.999998
0.429 0.999998
0.43 0.999998
0.431 0.999998
0.432 0.999998
0.433 0.999998
0.434 0.999998
0.435 0.999998
0.436 0.999998
0.437 0.999998
0.438 0.999998
0.439 0.999998
0.44 0.999998
0.441 0.999998
0.442 0.999998
0.443 0.999998
0.444 0.999998
0.445 0.999998
0.446 0.999998
0.447 0.999998
0.448 0.999998
0.449 0.999998
0.45 0.999998
0.451 1
0.452 1
0.453 1
0.454 1
0.455 1
0.456 1
0.457 1
0.458 1
0.459 1
0.46 1
0.461 1
0.462 1
0.463 1
0.464 1
0.465 1
0.466 1
0.467 1
0.468 1
0.469 1
0.47 1
0.471 1
0.472 1
0.473 1
0.474 1
0.475 1
0.476 1
0.477 1
0.478 1
0.479 1
0.48 1
0.481 1
0.482 1
0.483 1
0.484 1
0.485 1
0.486 1
0.487 1
0.488 1
0.489 1
0.49 1
0.491 1
0.492 1
0.493 1
0.494 1
0.495 1
0.496 1
0.497 1
0.498 1
0.499 1
0.5 1
