965
-93.7 0.000202963
-93.5 0.000202963
-93.3 0.000202963
-93.1 0.000202963
-92.9 0.000202963
-92.7 0.000202963
-92.5 0.000202963
-92.3 0.000202963
-92.1 0.000202963
-91.9 0.000202963
-91.7 0.000202963
-91.5 0.000202963
-91.3 0.000202963
-91.1 0.000202963
-90.9 0.000202963
-90.7 0.000202963
-90.5 0.000202963
-90.3 0.000202963
-90.1 0.000202963
-89.9 0.000202963
-89.7 0.000202963
-89.5 0.000202963
-89.3 0.000202963
-89.1 0.000202963
-88.9 0.000202963
-88.7 0.000202963
-88.5 0.000202963
-88.3 0.000202963
-88.1 0.000202963
-87.9 0.000202963
-87.7 0.000202963
-87.5 0.000202963
-87.3 0.000202963
-87.1 0.000202963
-86.9 0.000202963
-86.7 0.000405927
-86.5 0.000405927
-86.3 0.000405927
-86.1 0.000405927
-85.9 0.000405927
-85.7 0.000405927
-85.5 0.000405927
-85.3 0.000405927
-85.1 0.000405927
-84.9 0.000405927
-84.7 0.000405927
-84.5 0.000405927
-84.3 0.000405927
-84.1 0.000405927
-83.9 0.000405927
-83.7 0.000405927
-83.5 0.000405927
-83.3 0.000405927
-83.1 0.000405927
-82.9 0.000405927
-82.7 0.000405927
-82.5 0.000405927
-82.3 0.000405927
-82.1 0.000405927
-81.9 0.000405927
-81.7 0.000405927
-81.5 0.000405927
-81.3 0.000405927
-81.1 0.000405927
-80.9 0.000405927
-80.7 0.000405927
-80.5 0.000405927
-80.3 0.000405927
-80.1 0.000405927
-79.9 0.000405927
-79.7 0.000405927
-79.5 0.000405927
-79.3 0.000405927
-79.1 0.000405927
-78.9 0.000405927
-78.7 0.000405927
-78.5 0.000405927
-78.3 0.000405927
-78.1 0.000405927
-77.9 0.000405927
-77.7 0.000405927
-77.5 0.000405927
-77.3 0.000405927
-77.1 0.000405927
-76.9 0.000405927
-76.7 0.000405927
-76.5 0.000405927
-76.3 0.000405927
-76.1 0.000405927
-75.9 0.000405927
-75.7 0.000405927
-75.5 0.000405927
-75.3 0.000405927
-75.1 0.000405927
-74.9 0.000405927
-74.7 0.000405927
-74.5 0.000405927
-74.3 0.000405927
-74.1 0.000405927
-73.9 0.000405927
-73.7 0.000405927
-73.5 0.000405927
-73.3 0.000405927
-73.1 0.000405927
-72.9 0.000405927
-72.7 0.000405927
-72.5 0.000405927
-72.3 0.000405927
-72.1 0.000405927
-71.9 0.000405927
-71.7 0.00060889
-71.5 0.00060889
-71.3 0.00060889
-71.1 0.00060889
-70.9 0.00060889
-70.7 0.00060889
-70.5 0.00060889
-70.3 0.00060889
-70.1 0.00060889
-69.9 0.00060889
-69.7 0.00060889
-69.5 0.00060889
-69.3 0.00060889
-69.1 0.00060889
-68.9 0.00060889
-68.7 0.00060889
-68.5 0.00060889
-68.3 0.00060889
-68.1 0.00060889
-67.9 0.00060889
-67.7 0.00060889
-67.5 0.00060889
-67.3 0.00060889
-67.1 0.00060889
-66.9 0.00060889
-66.7 0.00060889
-66.5 0.00060889
-66.3 0.00060889
-66.1 0.00060889
-65.9 0.00060889
-65.7 0.00060889
-65.5 0.00060889
-65.3 0.00060889
-65.1 0.00060889
-64.9 0.00060889
-64.7 0.00060889
-64.5 0.00060889
-64.3 0.00060889
-64.1 0.00060889
-63.9 0.00060889
-63.7 0.00060889
-63.5 0.00060889
-63.3 0.00060889
-63.1 0.00060889
-62.9 0.00060889
-62.7 0.00060889
-62.5 0.00060889
-62.3 0.00060889
-62.1 0.00060889
-61.9 0.00060889
-61.7 0.00060889
-61.5 0.00060889
-61.3 0.00060889
-61.1 0.00060889
-60.9 0.00060889
-60.7 0.00060889
-60.5 0.00060889
-60.3 0.00060889
-60.1 0.00060889
-59.9 0.00060889
-59.7 0.00060889
-59.5 0.00060889
-59.3 0.00060889
-59.1 0.00060889
-58.9 0.00060889
-58.7 0.00060889
-58.5 0.00060889
-58.3 0.00060889
-58.1 0.00060889
-57.9 0.00060889
-57.7 0.00060889
-57.5 0.00060889
-57.3 0.00060889
-57.1 0.00060889
-56.9 0.00060889
-56.7 0.00060889
-56.5 0.00060889
-56.3 0.00060889
-56.1 0.00060889
-55.9 0.00060889
-55.7 0.00060889
-55.5 0.00060889
-55.3 0.00060889
-55.1 0.00060889
-54.9 0.00060889
-54.7 0.00060889
-54.5 0.00060889
-54.3 0.00060889
-54.1 0.00060889
-53.9 0.00060889
-53.7 0.00060889
-53.5 0.00060889
-53.3 0.00060889
-53.1 0.00060889
-52.9 0.00060889
-52.7 0.00060889
-52.5 0.00060889
-52.3 0.00060889
-52.1 0.00060889
-51.9 0.00060889
-51.7 0.00060889
-51.5 0.00060889
-51.3 0.00060889
-51.1 0.00060889
-50.9 0.00060889
-50.7 0.00060889
-50.5 0.00060889
-50.3 0.00060889
-50.1 0.00060889
-49.9 0.00060889
-49.7 0.00060889
-49.5 0.00060889
-49.3 0.00060889
-49.1 0.00060889
-48.9 0.00060889
-48.7 0.00060889
-48.5 0.00060889
-48.3 0.00060889
-48.1 0.00060889
-47.9 0.00060889
-47.7 0.00060889
-47.5 0.00060889
-47.3 0.00060889
-47.1 0.00060889
-46.9 0.00060889
-46.7 0.00060889
-46.5 0.00060889
-46.3 0.00060889
-46.1 0.00060889
-45.9 0.00060889
-45.7 0.00060889
-45.5 0.00060889
-45.3 0.00060889
-45.1 0.00060889
-44.9 0.00060889
-44.7 0.00060889
-44.5 0.00060889
-44.3 0.00060889
-44.1 0.00060889
-43.9 0.00060889
-43.7 0.00060889
-43.5 0.00060889
-43.3 0.00060889
-43.1 0.00060889
-42.9 0.00060889
-42.7 0.00060889
-42.5 0.00060889
-42.3 0.00060889
-42.1 0.00060889
-41.9 0.00060889
-41.7 0.00060889
-41.5 0.00060889
-41.3 0.00060889
-41.1 0.00060889
-40.9 0.00060889
-40.7 0.00060889
-40.5 0.00060889
-40.3 0.00060889
-40.1 0.00060889
-39.9 0.00060889
-39.7 0.00060889
-39.5 0.00060889
-39.3 0.000811853
-39.1 0.000811853
-38.9 0.000811853
-38.7 0.000811853
-38.5 0.000811853
-38.3 0.000811853
-38.1 0.000811853
-37.9 0.000811853
-37.7 0.000811853
-37.5 0.000811853
-37.3 0.000811853
-37.1 0.000811853
-36.9 0.000811853
-36.7 0.000811853
-36.5 0.000811853
-36.3 0.000811853
-36.1 0.000811853
-35.9 0.000811853
-35.7 0.000811853
-35.5 0.000811853
-35.3 0.000811853
-35.1 0.000811853
-34.9 0.000811853
-34.7 0.000811853
-34.5 0.00101482
-34.3 0.00101482
-34.1 0.00101482
-33.9 0.00101482
-33.7 0.00101482
-33.5 0.00101482
-33.3 0.00101482
-33.1 0.00101482
-32.9 0.00101482
-32.7 0.00101482
-32.5 0.00162371
-32.3 0.00162371
-32.1 0.00162371
-31.9 0.00162371
-31.7 0.00162371
-31.5 0.00182667
-31.3 0.00182667
-31.1 0.00284149
-30.9 0.00304445
-30.7 0.00304445
-30.5 0.00304445
-30.3 0.00324741
-30.1 0.00345038
-29.9 0.00365334
-29.7 0.00365334
-29.5 0.00365334
-29.3 0.00426223
-29.1 0.00426223
-28.9 0.00487112
-28.7 0.00548001
-28.5 0.00548001
-28.3 0.00588593
-28.1 0.00649482
-27.9 0.00710371
-27.7 0.00852446
-27.5 0.00913335
-27.3 0.0101482
-27.1 0.0107571
-26.9 0.0107571
-26.7 0.0119748
-26.5 0.0133956
-26.3 0.0144104
-26.1 0.0154252
-25.9 0.0162371
-25.7 0.016643
-25.5 0.0172519
-25.3 0.0178608
-25.1 0.0192815
-24.9 0.0211082
-24.7 0.0217171
-24.5 0.0243556
-24.3 0.0257763
-24.1 0.0280089
-23.9 0.0304445
-23.7 0.0320682
-23.5 0.033286
-23.3 0.0349097
-23.1 0.0359245
-22.9 0.0377512
-22.7 0.0397808
-22.5 0.0422164
-22.3 0.0454638
-22.1 0.0474934
-21.9 0.0501319
-21.7 0.0515527
-21.5 0.0537853
-21.3 0.0568297
-21.1 0.0600771
-20.9 0.0614979
-20.7 0.0643394
-20.5 0.0669779
-20.3 0.0702253
-20.1 0.0736757
-19.9 0.077126
-19.7 0.0801705
-19.5 0.0844327
-19.3 0.0864624
-19.1 0.0878831
-18.9 0.0909275
-18.7 0.0927542
-18.5 0.0949868
-18.3 0.0974224
-18.1 0.0990461
-17.9 0.101685
-17.7 0.10412
-17.5 0.107571
-17.3 0.110818
-17.1 0.114471
-16.9 0.117719
-16.7 0.119951
-16.5 0.123808
-16.3 0.126649
-16.1 0.128679
-15.9 0.130911
-15.7 0.134159
-15.5 0.138421
-15.3 0.141262
-15.1 0.143901
-14.9 0.148569
-14.7 0.151208
-14.5 0.154049
-14.3 0.156891
-14.1 0.160341
-13.9 0.164197
-13.7 0.166227
-13.5 0.16846
-13.3 0.172113
-13.1 0.174548
-12.9 0.176578
-12.7 0.17942
-12.5 0.181449
-12.3 0.184697
-12.1 0.187132
-11.9 0.189568
-11.7 0.19383
-11.5 0.196468
-11.3 0.200325
-11.1 0.203166
-10.9 0.206617
-10.7 0.207834
-10.5 0.21027
-10.3 0.212908
-10.1 0.215141
-9.9 0.217374
-9.7 0.221839
-9.5 0.22326
-9.3 0.225289
-9.1 0.227319
-8.9 0.23016
-8.7 0.233814
-8.5 0.235437
-8.3 0.239497
-8.1 0.241932
-7.9 0.244165
-7.7 0.24863
-7.5 0.252486
-7.3 0.256749
-7.1 0.259184
-6.9 0.261823
-6.7 0.26507
-6.5 0.266288
-6.3 0.26852
-6.1 0.272783
-5.9 0.275827
-5.7 0.278466
-5.5 0.282322
-5.3 0.284149
-5.1 0.286584
-4.9 0.288614
-4.7 0.291049
-4.5 0.293891
-4.3 0.295717
-4.1 0.298762
-3.9 0.301806
-3.7 0.30343
-3.5 0.305257
-3.3 0.307895
-3.1 0.310534
-2.9 0.313172
-2.7 0.315405
-2.5 0.318652
-2.3 0.320682
-2.1 0.323523
-1.9 0.325959
-1.7 0.328395
-1.5 0.331033
-1.3 0.334686
-1.1 0.336513
-0.900002 0.338949
-0.700002 0.341993
-0.500002 0.345038
-0.300002 0.348488
-0.100002 0.350923
0.0999985 0.352344
0.299998 0.354577
0.499998 0.358027
0.699998 0.361072
0.899998 0.364319
1.1 0.366552
1.3 0.36919
1.5 0.372235
1.7 0.375076
1.9 0.377309
2.1 0.378526
2.3 0.380962
2.5 0.383804
2.7 0.386036
2.9 0.388472
3.1 0.390501
3.3 0.391922
3.5 0.394967
3.7 0.398011
3.9 0.401461
4.1 0.403085
4.3 0.406129
4.5 0.409174
4.7 0.411609
4.9 0.414451
5.1 0.416075
5.3 0.418713
5.5 0.421555
5.7 0.424802
5.9 0.428455
6.1 0.430688
6.3 0.432312
6.5 0.43495
6.7 0.436574
6.9 0.438807
7.1 0.441039
7.3 0.442663
7.5 0.44591
7.7 0.448549
7.9 0.451187
8.1 0.453217
8.3 0.456261
8.5 0.4589
8.7 0.46235
8.9 0.464177
9.1 0.466207
9.3 0.468845
9.5 0.471484
9.7 0.473919
9.9 0.477573
10.1 0.48082
10.3 0.484473
10.5 0.487721
10.7 0.490562
10.9 0.491374
11.1 0.492998
11.3 0.494824
11.5 0.49726
11.7 0.499493
11.9 0.50071
12.1 0.502334
12.3 0.504567
12.5 0.506596
12.7 0.509844
12.9 0.511467
13.1 0.5137
13.3 0.516136
13.5 0.518774
13.7 0.522427
13.9 0.524254
14.1 0.526893
14.3 0.528922
14.5 0.530343
14.7 0.532779
14.9 0.534605
15.1 0.536635
15.3 0.538665
15.5 0.540694
15.7 0.542318
15.9 0.544956
16.1 0.547392
16.3 0.549016
16.5 0.552263
16.7 0.553684
16.9 0.555713
17.1 0.558352
17.3 0.560585
17.5 0.562817
17.7 0.565659
17.9 0.567079
18.1 0.5685
18.3 0.57195
18.5 0.575604
18.7 0.577228
18.9 0.580069
19.1 0.582505
19.3 0.585549
19.5 0.586767
19.7 0.587782
19.9 0.589811
20.1 0.591232
20.3 0.593262
20.5 0.594682
20.7 0.597524
20.9 0.599756
21.1 0.600974
21.3 0.602395
21.5 0.605236
21.7 0.606454
21.9 0.608281
22.1 0.610311
22.3 0.612543
22.5 0.614776
22.7 0.617008
22.9 0.618835
23.1 0.620256
23.3 0.622894
23.5 0.62533
23.7 0.627156
23.9 0.629186
24.1 0.630607
24.3 0.633651
24.5 0.63629
24.7 0.637914
24.9 0.639334
25.1 0.642582
25.3 0.645423
25.5 0.646641
25.7 0.648265
25.9 0.650294
26.1 0.651715
26.3 0.653339
26.5 0.654962
26.7 0.65821
26.9 0.659428
27.1 0.661254
27.3 0.664502
27.5 0.667343
27.7 0.669982
27.9 0.671402
28.1 0.672823
28.3 0.674853
28.5 0.676477
28.7 0.678506
28.9 0.680942
29.1 0.682768
29.3 0.685813
29.5 0.687437
29.7 0.689466
29.9 0.691293
30.1 0.694134
30.3 0.697179
30.5 0.698803
30.7 0.70002
30.9 0.70205
31.1 0.703471
31.3 0.7055
31.5 0.707124
31.7 0.708545
31.9 0.710777
32.1 0.712198
32.3 0.713619
32.5 0.716054
32.7 0.716663
32.9 0.717475
33.1 0.719099
33.3 0.721737
33.5 0.723361
33.7 0.724173
33.9 0.725594
34.1 0.726811
34.3 0.728029
34.5 0.729044
34.7 0.73148
34.9 0.732697
35.1 0.734321
35.3 0.736351
35.5 0.737974
35.7 0.740004
35.9 0.741628
36.1 0.743049
36.3 0.744469
36.5 0.746093
36.7 0.748123
36.9 0.749949
37.1 0.752182
37.3 0.755023
37.5 0.755632
37.7 0.758474
37.9 0.759894
38.1 0.761518
38.3 0.762736
38.5 0.763548
38.7 0.765577
38.9 0.767404
39.1 0.769231
39.3 0.770246
39.5 0.771463
39.7 0.772884
39.9 0.774711
40.1 0.776132
40.3 0.777958
40.5 0.779785
40.7 0.781206
40.9 0.782829
41.1 0.783844
41.3 0.785062
41.5 0.786889
41.7 0.788715
41.9 0.790339
42.1 0.792572
42.3 0.793789
42.5 0.796022
42.7 0.797037
42.9 0.800284
43.1 0.801705
43.3 0.802923
43.5 0.803937
43.7 0.804749
43.9 0.805358
44.1 0.806373
44.3 0.807388
44.5 0.808809
44.7 0.810229
44.9 0.81165
45.1 0.814086
45.3 0.815912
45.5 0.81713
45.7 0.818551
45.9 0.819566
46.1 0.821189
46.3 0.822407
46.5 0.823625
46.7 0.824437
46.9 0.825655
47.1 0.827075
47.3 0.828496
47.5 0.830526
47.7 0.831946
47.9 0.833164
48.1 0.834382
48.3 0.836209
48.5 0.837223
48.7 0.838441
48.9 0.840065
49.1 0.841689
49.3 0.843312
49.5 0.84453
49.7 0.845951
49.9 0.847778
50.1 0.849198
50.3 0.85001
50.5 0.850822
50.7 0.853663
50.9 0.854475
51.1 0.856505
51.3 0.85752
51.5 0.858941
51.7 0.860361
51.9 0.861579
52.1 0.862797
52.3 0.864421
52.5 0.865638
52.7 0.86645
52.9 0.867059
53.1 0.868277
53.3 0.869901
53.5 0.870915
53.7 0.871727
53.9 0.872742
54.1 0.873554
54.3 0.874975
54.5 0.875989
54.7 0.877004
54.9 0.878019
55.1 0.879237
55.3 0.880455
55.5 0.881672
55.7 0.883702
55.9 0.884717
56.1 0.885123
56.3 0.887355
56.5 0.888573
56.7 0.8904
56.9 0.891212
57.1 0.892227
57.3 0.893241
57.5 0.894256
57.7 0.895677
57.9 0.896489
58.1 0.898924
58.3 0.900142
58.5 0.901766
58.7 0.903795
58.9 0.905216
59.1 0.906637
59.3 0.907043
59.5 0.908058
59.7 0.909275
59.9 0.91029
60.1 0.911305
60.3 0.911711
60.5 0.912523
60.7 0.913944
60.9 0.915161
61.1 0.915567
61.3 0.916785
61.5 0.917191
61.7 0.918612
61.9 0.919627
62.1 0.920235
62.3 0.921453
62.5 0.922062
62.7 0.922874
62.9 0.923889
63.1 0.924701
63.3 0.926121
63.5 0.927136
63.7 0.927542
63.9 0.928963
64.1 0.93079
64.3 0.93221
64.5 0.933022
64.7 0.933428
64.9 0.934646
65.1 0.935052
65.3 0.937081
65.5 0.93769
65.7 0.938299
65.9 0.939517
66.1 0.939923
66.3 0.940532
66.5 0.941344
66.7 0.942561
66.9 0.942967
67.1 0.943373
67.3 0.946012
67.5 0.946418
67.7 0.947433
67.9 0.947635
68.1 0.947635
68.3 0.947635
68.5 0.948041
68.7 0.948447
68.9 0.948853
69.1 0.949868
69.3 0.95068
69.5 0.951695
69.7 0.952101
69.9 0.95271
70.1 0.953318
70.3 0.954536
70.5 0.955145
70.7 0.955957
70.9 0.956769
71.1 0.957378
71.3 0.957784
71.5 0.957987
71.7 0.958595
71.9 0.959001
72.1 0.95961
72.3 0.960219
72.5 0.960828
72.7 0.96164
72.9 0.962249
73.1 0.962858
73.3 0.963264
73.5 0.963467
73.7 0.964076
73.9 0.964481
74.1 0.964887
74.3 0.965293
74.5 0.965902
74.7 0.966308
74.9 0.967323
75.1 0.968338
75.3 0.968947
75.5 0.969556
75.7 0.969961
75.9 0.97057
76.1 0.970976
76.3 0.971179
76.5 0.971788
76.7 0.972194
76.9 0.972194
77.1 0.972803
77.3 0.973209
77.5 0.974021
77.7 0.974427
77.9 0.975238
78.1 0.976253
78.3 0.976862
78.5 0.977268
78.7 0.977674
78.9 0.977877
79.1 0.978486
79.3 0.978892
79.5 0.979501
79.7 0.979704
79.9 0.980718
80.1 0.980921
80.3 0.981327
80.5 0.981733
80.7 0.982545
80.9 0.982951
81.1 0.983154
81.3 0.983763
81.5 0.983763
81.7 0.983966
81.9 0.984575
82.1 0.984575
82.3 0.984981
82.5 0.985184
82.7 0.985387
82.9 0.98559
83.1 0.985793
83.3 0.986198
83.5 0.986401
83.7 0.986401
83.9 0.986604
84.1 0.98701
84.3 0.987213
84.5 0.987213
84.7 0.987619
84.9 0.988431
85.1 0.988634
85.3 0.988837
85.5 0.989243
85.7 0.989446
85.9 0.989649
86.1 0.989649
86.3 0.989649
86.5 0.989649
86.7 0.989649
86.9 0.989852
87.1 0.989852
87.3 0.990055
87.5 0.990258
87.7 0.990258
87.9 0.990258
88.1 0.990258
88.3 0.990258
88.5 0.990664
88.7 0.990867
88.9 0.99107
89.1 0.99107
89.3 0.99107
89.5 0.991679
89.7 0.992084
89.9 0.992287
90.1 0.992896
90.3 0.993099
90.5 0.993099
90.7 0.993911
90.9 0.993911
91.1 0.994317
91.3 0.99452
91.5 0.994723
91.7 0.994723
91.9 0.995129
92.1 0.995332
92.3 0.995535
92.5 0.995941
92.7 0.995941
92.9 0.995941
93.1 0.996144
93.3 0.996144
93.5 0.996347
93.7 0.996347
93.9 0.996347
94.1 0.996347
94.3 0.996347
94.5 0.996347
94.7 0.996956
94.9 0.997159
95.1 0.997361
95.3 0.997361
95.5 0.997361
95.7 0.997361
95.9 0.997767
96.1 0.99797
96.3 0.998376
96.5 0.998579
96.7 0.998579
96.9 0.998579
97.1 0.998579
97.3 0.998985
97.5 0.999188
97.7 0.999188
97.9 0.999188
98.1 0.999188
98.3 0.999188
98.5 0.999188
98.7 0.999188
98.9 0.999797
99.1 1
