227
-631.5 0.000238039
-631.3 0.000476077
-631.1 0.000952154
-630.9 0.00190431
-630.7 0.00476077
-630.5 0.012616
-630.3 0.0228517
-630.1 0.0395144
-629.9 0.0587955
-629.7 0.0728398
-629.5 0.0873602
-629.3 0.0949774
-629.1 0.104737
-628.9 0.111164
-628.7 0.119495
-628.5 0.124494
-628.3 0.131873
-628.1 0.137586
-627.9 0.144251
-627.7 0.148298
-627.5 0.153297
-627.3 0.157343
-627.1 0.162104
-626.9 0.166627
-626.7 0.170436
-626.5 0.177339
-626.3 0.181623
-626.1 0.185908
-625.9 0.189955
-625.7 0.195192
-625.5 0.202095
-625.3 0.206856
-625.1 0.210664
-624.9 0.215663
-624.7 0.221614
-624.5 0.226851
-624.3 0.231612
-624.1 0.237324
-623.9 0.242561
-623.7 0.246132
-623.5 0.250655
-623.3 0.254939
-623.1 0.259462
-622.9 0.265413
-622.7 0.270412
-622.5 0.275173
-622.3 0.280647
-622.1 0.286598
-621.9 0.291121
-621.7 0.29612
-621.5 0.299929
-621.3 0.305642
-621.1 0.308022
-620.9 0.314211
-620.7 0.319686
-620.5 0.323256
-620.3 0.329921
-620.1 0.335158
-619.9 0.340871
-619.7 0.34349
-619.5 0.348726
-619.3 0.354677
-619.1 0.362057
-618.9 0.365389
-618.7 0.36896
-618.5 0.374435
-618.3 0.377053
-618.1 0.38229
-617.9 0.386337
-617.7 0.391097
-617.5 0.396334
-617.3 0.400143
-617.1 0.403237
-616.9 0.407998
-616.7 0.414425
-616.5 0.41871
-616.3 0.422042
-616.1 0.426327
-615.9 0.430136
-615.7 0.436087
-615.5 0.440371
-615.3 0.44656
-615.1 0.449893
-614.9 0.454178
-614.7 0.459176
-614.5 0.465365
-614.3 0.471316
-614.1 0.474887
-613.9 0.479172
-613.7 0.484647
-613.5 0.488217
-613.3 0.492264
-613.1 0.49631
-612.9 0.501547
-612.7 0.503928
-612.5 0.509403
-612.3 0.512973
-612.1 0.516544
-611.9 0.52059
-611.7 0.525351
-611.5 0.52916
-611.3 0.532968
-611.1 0.537967
-610.9 0.542252
-610.7 0.545822
-610.5 0.549869
-610.3 0.553916
-610.1 0.558438
-609.9 0.565104
-609.7 0.571055
-609.5 0.575339
-609.3 0.57891
-609.1 0.583909
-608.9 0.588431
-608.7 0.592002
-608.5 0.597715
-608.3 0.602238
-608.1 0.607474
-607.9 0.613425
-607.7 0.616996
-607.5 0.621043
-607.3 0.625327
-607.1 0.630326
-606.9 0.634849
-606.7 0.638657
-606.5 0.643418
-606.3 0.648179
-606.1 0.652226
-605.9 0.660081
-605.7 0.665318
-605.5 0.670793
-605.3 0.676268
-605.1 0.68079
-604.9 0.686979
-604.7 0.691978
-604.5 0.696977
-604.3 0.7015
-604.1 0.705784
-603.9 0.712211
-603.7 0.716496
-603.5 0.722209
-603.3 0.725542
-603.1 0.727922
-602.9 0.733159
-602.7 0.737443
-602.5 0.74149
-602.3 0.746489
-602.1 0.75244
-601.9 0.755296
-601.7 0.760057
-601.5 0.762676
-601.3 0.767912
-601.1 0.773863
-600.9 0.780052
-600.7 0.785051
-600.5 0.79005
-600.3 0.794097
-600.1 0.800048
-599.9 0.805761
-599.7 0.810045
-599.5 0.814092
-599.3 0.818139
-599.1 0.822661
-598.9 0.829088
-598.7 0.833373
-598.5 0.83742
-598.3 0.843847
-598.1 0.84956
-597.9 0.854082
-597.7 0.859319
-597.5 0.86408
-597.3 0.866936
-597.1 0.873125
-596.9 0.877648
-596.7 0.883123
-596.5 0.887408
-596.3 0.890502
-596.1 0.894549
-595.9 0.89931
-595.7 0.904547
-595.5 0.906927
-595.3 0.911688
-595.1 0.91621
-594.9 0.919781
-594.7 0.924304
-594.5 0.927874
-594.3 0.930731
-594.1 0.933111
-593.9 0.936206
-593.7 0.940014
-593.5 0.942633
-593.3 0.945489
-593.1 0.94906
-592.9 0.952392
-592.7 0.955725
-592.5 0.958343
-592.3 0.961676
-592.1 0.964532
-591.9 0.966913
-591.7 0.969055
-591.5 0.972864
-591.3 0.97453
-591.1 0.976434
-590.9 0.978577
-590.7 0.980719
-590.5 0.982861
-590.3 0.98548
-590.1 0.988812
-589.9 0.991193
-589.7 0.992859
-589.5 0.993811
-589.3 0.994763
-589.1 0.995239
-588.9 0.996191
-588.7 0.996905
-588.5 0.997382
-588.3 0.99762
-588.1 0.998334
-587.9 0.99881
-587.7 0.99881
-587.5 0.999286
-587.3 0.999762
-587.1 0.999762
-586.9 0.999762
-586.7 0.999762
-586.5 0.999762
-586.3 1
