233
-631.1 0.00119019
-630.9 0.00666508
-630.7 0.0119019
-630.5 0.0173768
-630.3 0.0216615
-630.1 0.0268984
-629.9 0.0314211
-629.7 0.0392764
-629.5 0.0466556
-629.3 0.06189
-629.1 0.0778386
-628.9 0.0933111
-628.7 0.107117
-628.5 0.119257
-628.3 0.128779
-628.1 0.136396
-627.9 0.140443
-627.7 0.146632
-627.5 0.152821
-627.3 0.15901
-627.1 0.165913
-626.9 0.170198
-626.7 0.177577
-626.5 0.181861
-626.3 0.189479
-626.1 0.195906
-625.9 0.202095
-625.7 0.20995
-625.5 0.214711
-625.3 0.2209
-625.1 0.226137
-624.9 0.231612
-624.7 0.238039
-624.5 0.244942
-624.3 0.249702
-624.1 0.254701
-623.9 0.259938
-623.7 0.264937
-623.5 0.270888
-623.3 0.276839
-623.1 0.281362
-622.9 0.286122
-622.7 0.292787
-622.5 0.297786
-622.3 0.302309
-622.1 0.308498
-621.9 0.312069
-621.7 0.316115
-621.5 0.320638
-621.3 0.324923
-621.1 0.330636
-620.9 0.335158
-620.7 0.339443
-620.5 0.34468
-620.3 0.350393
-620.1 0.354439
-619.9 0.359676
-619.7 0.363723
-619.5 0.372054
-619.3 0.378481
-619.1 0.384908
-618.9 0.389907
-618.7 0.393478
-618.5 0.399191
-618.3 0.404666
-618.1 0.41014
-617.9 0.416091
-617.7 0.422995
-617.5 0.427041
-617.3 0.432516
-617.1 0.436801
-616.9 0.441085
-616.7 0.444418
-616.5 0.449893
-616.3 0.45513
-616.1 0.460605
-615.9 0.466794
-615.7 0.46965
-615.5 0.475363
-615.3 0.480124
-615.1 0.484885
-614.9 0.489169
-614.7 0.493454
-614.5 0.498453
-614.3 0.503452
-614.1 0.50726
-613.9 0.512021
-613.7 0.516068
-613.5 0.522971
-613.3 0.527017
-613.1 0.531064
-612.9 0.536777
-612.7 0.541538
-612.5 0.546537
-612.3 0.550583
-612.1 0.553202
-611.9 0.557724
-611.7 0.562009
-611.5 0.565342
-611.3 0.56915
-611.1 0.574149
-610.9 0.577005
-610.7 0.581052
-610.5 0.585575
-610.3 0.590336
-610.1 0.592954
-609.9 0.595572
-609.7 0.601285
-609.5 0.605332
-609.3 0.610569
-609.1 0.615092
-608.9 0.621043
-608.7 0.625565
-608.5 0.629374
-608.3 0.633659
-608.1 0.637705
-607.9 0.642228
-607.7 0.645799
-607.5 0.651512
-607.3 0.654844
-607.1 0.659129
-606.9 0.664128
-606.7 0.668174
-606.5 0.671745
-606.3 0.675315
-606.1 0.681266
-605.9 0.687931
-605.7 0.691978
-605.5 0.695787
-605.3 0.701976
-605.1 0.706975
-604.9 0.709831
-604.7 0.715306
-604.5 0.719353
-604.3 0.723637
-604.1 0.728874
-603.9 0.735777
-603.7 0.740538
-603.5 0.745061
-603.3 0.751012
-603.1 0.756487
-602.9 0.758391
-602.7 0.762438
-602.5 0.767912
-602.3 0.771721
-602.1 0.776006
-601.9 0.780766
-601.7 0.785051
-601.5 0.788622
-601.3 0.79243
-601.1 0.796001
-600.9 0.799333
-600.7 0.80457
-600.5 0.809093
-600.3 0.81314
-600.1 0.8179
-599.9 0.822899
-599.7 0.825518
-599.5 0.831707
-599.3 0.836706
-599.1 0.840276
-598.9 0.844561
-598.7 0.846703
-598.5 0.850036
-598.3 0.853368
-598.1 0.856463
-597.9 0.859795
-597.7 0.862652
-597.5 0.867651
-597.3 0.872649
-597.1 0.877886
-596.9 0.883361
-596.7 0.888122
-596.5 0.891454
-596.3 0.894787
-596.1 0.898596
-595.9 0.900976
-595.7 0.903832
-595.5 0.908355
-595.3 0.912402
-595.1 0.915258
-594.9 0.919543
-594.7 0.923828
-594.5 0.926684
-594.3 0.929541
-594.1 0.931921
-593.9 0.933825
-593.7 0.93692
-593.5 0.94049
-593.3 0.944775
-593.1 0.94787
-592.9 0.95025
-592.7 0.954773
-592.5 0.957629
-592.3 0.960724
-592.1 0.962866
-591.9 0.96596
-591.7 0.968579
-591.5 0.971673
-591.3 0.974768
-591.1 0.976672
-590.9 0.977862
-590.7 0.979291
-590.5 0.981671
-590.3 0.983099
-590.1 0.984289
-589.9 0.986194
-589.7 0.987622
-589.5 0.98905
-589.3 0.989764
-589.1 0.991193
-588.9 0.992383
-588.7 0.994287
-588.5 0.994525
-588.3 0.995477
-588.1 0.996191
-587.9 0.996667
-587.7 0.996905
-587.5 0.997382
-587.3 0.997382
-587.1 0.998096
-586.9 0.998334
-586.7 0.998572
-586.5 0.99881
-586.3 0.999048
-586.1 0.999048
-585.9 0.999286
-585.7 0.999286
-585.5 0.999524
-585.3 0.999524
-585.1 0.999524
-584.9 0.999762
-584.7 1
