546
-18.9 2.10685e-07
-18.7 4.2137e-07
-18.5 4.2137e-07
-18.3 4.2137e-07
-18.1 4.2137e-07
-17.9 4.2137e-07
-17.7 4.2137e-07
-17.5 4.2137e-07
-17.3 4.2137e-07
-17.1 4.2137e-07
-16.9 4.2137e-07
-16.7 4.2137e-07
-16.5 6.32055e-07
-16.3 8.4274e-07
-16.1 8.4274e-07
-15.9 8.4274e-07
-15.7 8.4274e-07
-15.5 8.4274e-07
-15.3 8.4274e-07
-15.1 8.4274e-07
-14.9 8.4274e-07
-14.7 8.4274e-07
-14.5 8.4274e-07
-14.3 8.4274e-07
-14.1 1.05342e-06
-13.9 1.05342e-06
-13.7 1.05342e-06
-13.5 1.05342e-06
-13.3 1.05342e-06
-13.1 1.05342e-06
-12.9 1.26411e-06
-12.7 1.26411e-06
-12.5 1.47479e-06
-12.3 1.47479e-06
-12.1 1.47479e-06
-11.9 1.47479e-06
-11.7 1.68548e-06
-11.5 1.68548e-06
-11.3 1.68548e-06
-11.1 1.68548e-06
-10.9 1.89616e-06
-10.7 1.89616e-06
-10.5 1.89616e-06
-10.3 1.89616e-06
-10.1 2.10685e-06
-9.9 2.10685e-06
-9.7 2.10685e-06
-9.5 2.10685e-06
-9.3 2.10685e-06
-9.1 2.10685e-06
-8.9 2.10685e-06
-8.7 2.10685e-06
-8.5 2.31753e-06
-8.3 2.52822e-06
-8.1 2.52822e-06
-7.9 2.94959e-06
-7.7 3.79233e-06
-7.5 5.26712e-06
-7.3 8.84877e-06
-7.1 1.1377e-05
-6.9 1.76975e-05
-6.7 2.92852e-05
-6.5 5.11964e-05
-6.3 8.70129e-05
-6.1 0.000139684
-5.9 0.000217216
-5.7 0.000340678
-5.5 0.000515967
-5.3 0.000766682
-5.1 0.00109303
-4.9 0.0015696
-4.7 0.00221198
-4.5 0.00309623
-4.3 0.00424699
-4.1 0.00569692
-3.9 0.00754989
-3.7 0.00981834
-3.5 0.0126333
-3.3 0.0160051
-3.1 0.0198606
-2.9 0.0243396
-2.7 0.0293099
-2.5 0.0347038
-2.3 0.0404652
-2.1 0.0466035
-1.9 0.0530281
-1.7 0.0595669
-1.5 0.0662391
-1.3 0.072881
-1.1 0.0794406
-0.900001 0.0859314
-0.700001 0.0922151
-0.500001 0.0982451
-0.300001 0.104131
-0.100001 0.109822
0.0999994 0.115262
0.299999 0.120517
0.499999 0.125588
0.699999 0.130387
0.899999 0.135045
1.1 0.139547
1.3 0.143926
1.5 0.148106
1.7 0.152239
1.9 0.156253
2.1 0.16027
2.3 0.164174
2.5 0.167989
2.7 0.171761
2.9 0.175468
3.1 0.179163
3.3 0.182789
3.5 0.186374
3.7 0.189916
3.9 0.19339
4.1 0.196929
4.3 0.200425
4.5 0.203944
4.7 0.207394
4.9 0.210774
5.1 0.214209
5.3 0.217571
5.5 0.22092
5.7 0.224273
5.9 0.2276
6.1 0.230891
6.3 0.2342
6.5 0.237452
6.7 0.240731
6.9 0.243964
7.1 0.247228
7.3 0.250485
7.5 0.253716
7.7 0.256923
7.9 0.260149
8.1 0.263326
8.3 0.266487
8.5 0.269705
8.7 0.272873
8.9 0.276035
9.1 0.27918
9.3 0.282303
9.5 0.285426
9.7 0.288555
9.9 0.291727
10.1 0.294833
10.3 0.297947
10.5 0.301102
10.7 0.30421
10.9 0.307292
11.1 0.310386
11.3 0.313442
11.5 0.316475
11.7 0.319536
11.9 0.32258
12.1 0.325626
12.3 0.32866
12.5 0.331714
12.7 0.334737
12.9 0.337737
13.1 0.340768
13.3 0.34377
13.5 0.346744
13.7 0.34974
13.9 0.352744
14.1 0.355765
14.3 0.358719
14.5 0.361672
14.7 0.364623
14.9 0.367606
15.1 0.370573
15.3 0.373531
15.5 0.376515
15.7 0.379473
15.9 0.382419
16.1 0.38541
16.3 0.388392
16.5 0.391351
16.7 0.394311
16.9 0.397252
17.1 0.400173
17.3 0.403075
17.5 0.406122
17.7 0.40905
17.9 0.411982
18.1 0.414912
18.3 0.417823
18.5 0.420761
18.7 0.423651
18.9 0.426542
19.1 0.42948
19.3 0.432424
19.5 0.435346
19.7 0.438235
19.9 0.44112
20.1 0.444018
20.3 0.446867
20.5 0.449713
20.7 0.452614
20.9 0.455442
21.1 0.458283
21.3 0.461123
21.5 0.463931
21.7 0.466772
21.9 0.469606
22.1 0.472434
22.3 0.475275
22.5 0.478088
22.7 0.480843
22.9 0.483622
23.1 0.486401
23.3 0.489207
23.5 0.491968
23.7 0.494757
23.9 0.497499
24.1 0.500253
24.3 0.503022
24.5 0.505789
24.7 0.508558
24.9 0.511311
25.1 0.514117
25.3 0.516908
25.5 0.519622
25.7 0.522376
25.9 0.525133
26.1 0.527894
26.3 0.530649
26.5 0.533356
26.7 0.536089
26.9 0.538802
27.1 0.541549
27.3 0.544225
27.5 0.546902
27.7 0.549608
27.9 0.552292
28.1 0.554952
28.3 0.557621
28.5 0.560301
28.7 0.562912
28.9 0.565527
29.1 0.568177
29.3 0.570784
29.5 0.573403
29.7 0.575981
29.9 0.578585
30.1 0.581167
30.3 0.583785
30.5 0.586338
30.7 0.588925
30.9 0.591519
31.1 0.594052
31.3 0.596593
31.5 0.599134
31.7 0.601677
31.9 0.604233
32.1 0.606743
32.3 0.609257
32.5 0.611808
32.7 0.614306
32.9 0.616813
33.1 0.61933
33.3 0.621829
33.5 0.62434
33.7 0.626852
33.9 0.629345
34.1 0.631826
34.3 0.634287
34.5 0.636736
34.7 0.639226
34.9 0.641718
35.1 0.64416
35.3 0.646646
35.5 0.649069
35.7 0.651531
35.9 0.65397
36.1 0.656363
36.3 0.658792
36.5 0.661253
36.7 0.663668
36.9 0.666136
37.1 0.668562
37.3 0.670952
37.5 0.673337
37.7 0.675753
37.9 0.678157
38.1 0.680532
38.3 0.682905
38.5 0.685302
38.7 0.687666
38.9 0.690094
39.1 0.692477
39.3 0.694812
39.5 0.697181
39.7 0.699521
39.9 0.701863
40.1 0.70426
40.3 0.706614
40.5 0.708975
40.7 0.71132
40.9 0.71363
41.1 0.715951
41.3 0.71829
41.5 0.720615
41.7 0.722948
41.9 0.725261
42.1 0.727555
42.3 0.72984
42.5 0.732151
42.7 0.734439
42.9 0.736743
43.1 0.739027
43.3 0.741252
43.5 0.743501
43.7 0.745729
43.9 0.747958
44.1 0.7502
44.3 0.752451
44.5 0.754659
44.7 0.756843
44.9 0.759026
45.1 0.761242
45.3 0.763397
45.5 0.765572
45.7 0.767723
45.9 0.769868
46.1 0.771954
46.3 0.774081
46.5 0.776147
46.7 0.778228
46.9 0.780314
47.1 0.782368
47.3 0.784414
47.5 0.786456
47.7 0.788512
47.9 0.790529
48.1 0.792543
48.3 0.794582
48.5 0.796588
48.7 0.79857
48.9 0.800574
49.1 0.802577
49.3 0.804533
49.5 0.806528
49.7 0.808486
49.9 0.810396
50.1 0.812334
50.3 0.814294
50.5 0.816236
50.7 0.818193
50.9 0.82013
51.1 0.822061
51.3 0.824012
51.5 0.825968
51.7 0.827911
51.9 0.829799
52.1 0.831716
52.3 0.83364
52.5 0.835504
52.7 0.837368
52.9 0.839259
53.1 0.84112
53.3 0.843025
53.5 0.84489
53.7 0.846768
53.9 0.848619
54.1 0.850436
54.3 0.85232
54.5 0.854165
54.7 0.855983
54.9 0.857812
55.1 0.859597
55.3 0.861414
55.5 0.863211
55.7 0.865011
55.9 0.86682
56.1 0.868609
56.3 0.870376
56.5 0.872146
56.7 0.873913
56.9 0.875665
57.1 0.877392
57.3 0.879135
57.5 0.88085
57.7 0.882606
57.9 0.884292
58.1 0.886014
58.3 0.887708
58.5 0.88937
58.7 0.891021
58.9 0.892659
59.1 0.894324
59.3 0.895947
59.5 0.897578
59.7 0.899177
59.9 0.900738
60.1 0.902304
60.3 0.903864
60.5 0.905397
60.7 0.906933
60.9 0.908458
61.1 0.909943
61.3 0.911418
61.5 0.912877
61.7 0.914321
61.9 0.915759
62.1 0.917185
62.3 0.918609
62.5 0.920031
62.7 0.921433
62.9 0.922817
63.1 0.924192
63.3 0.925578
63.5 0.926946
63.7 0.928303
63.9 0.929621
64.1 0.930953
64.3 0.932256
64.5 0.933525
64.7 0.934799
64.9 0.936049
65.1 0.937283
65.3 0.938537
65.5 0.93974
65.7 0.940955
65.9 0.942174
66.1 0.943318
66.3 0.944473
66.5 0.945604
66.7 0.946711
66.9 0.947802
67.1 0.948896
67.3 0.949939
67.5 0.950966
67.7 0.951984
67.9 0.952994
68.1 0.953986
68.3 0.954981
68.5 0.955937
68.7 0.956894
68.9 0.95779
69.1 0.95869
69.3 0.959579
69.5 0.960454
69.7 0.961321
69.9 0.962166
70.1 0.963001
70.3 0.96382
70.5 0.964595
70.7 0.965359
70.9 0.966128
71.1 0.966875
71.3 0.96761
71.5 0.968354
71.7 0.969064
71.9 0.969762
72.1 0.970431
72.3 0.971097
72.5 0.971729
72.7 0.972374
72.9 0.973011
73.1 0.97362
73.3 0.974234
73.5 0.974815
73.7 0.975388
73.9 0.975946
74.1 0.97649
74.3 0.97703
74.5 0.977556
74.7 0.978064
74.9 0.978553
75.1 0.979045
75.3 0.979519
75.5 0.979982
75.7 0.98044
75.9 0.980918
76.1 0.981361
76.3 0.981796
76.5 0.982233
76.7 0.982643
76.9 0.983049
77.1 0.983465
77.3 0.98387
77.5 0.984271
77.7 0.984642
77.9 0.985035
78.1 0.985409
78.3 0.985781
78.5 0.986147
78.7 0.986518
78.9 0.986873
79.1 0.987214
79.3 0.987555
79.5 0.987898
79.7 0.988229
79.9 0.988552
80.1 0.988882
80.3 0.98919
80.5 0.989502
80.7 0.989817
80.9 0.990127
81.1 0.990427
81.3 0.990725
81.5 0.991014
81.7 0.991305
81.9 0.991593
82.1 0.991882
82.3 0.992174
82.5 0.992443
82.7 0.992704
82.9 0.992975
83.1 0.99323
83.3 0.993483
83.5 0.993722
83.7 0.99397
83.9 0.994211
84.1 0.994456
84.3 0.9947
84.5 0.994941
84.7 0.995158
84.9 0.995393
85.1 0.995615
85.3 0.995835
85.5 0.996051
85.7 0.996275
85.9 0.996495
86.1 0.996714
86.3 0.996919
86.5 0.997112
86.7 0.997301
86.9 0.997495
87.1 0.997678
87.3 0.997859
87.5 0.998037
87.7 0.998217
87.9 0.998384
88.1 0.998544
88.3 0.998711
88.5 0.998858
88.7 0.999014
88.9 0.999165
89.1 0.999316
89.3 0.999459
89.5 0.999598
89.7 0.999736
89.9 0.999869
90.1 1
