936
-1283.9 3.54816e-06
-1283.7 3.54816e-06
-1283.5 3.54816e-06
-1283.3 1.06445e-05
-1283.1 3.19335e-05
-1282.9 3.54816e-05
-1282.7 3.90298e-05
-1282.5 4.96743e-05
-1282.3 6.74151e-05
-1282.1 7.80596e-05
-1281.9 7.80596e-05
-1281.7 9.58004e-05
-1281.5 0.000106445
-1281.3 0.000109993
-1281.1 0.000109993
-1280.9 0.000124186
-1280.7 0.00013483
-1280.5 0.000149023
-1280.3 0.000152571
-1280.1 0.000156119
-1279.9 0.00017386
-1279.7 0.000188053
-1279.5 0.000195149
-1279.3 0.000195149
-1279.1 0.000202245
-1278.9 0.00021289
-1278.7 0.000219986
-1278.5 0.000227082
-1278.3 0.000230631
-1278.1 0.000234179
-1277.9 0.000241275
-1277.7 0.000244823
-1277.5 0.000244823
-1277.3 0.000248371
-1277.1 0.000259016
-1276.9 0.000262564
-1276.7 0.00026966
-1276.5 0.000276757
-1276.3 0.000280305
-1276.1 0.000283853
-1275.9 0.000294498
-1275.7 0.000298046
-1275.5 0.000301594
-1275.3 0.00030869
-1275.1 0.00030869
-1274.9 0.000315786
-1274.7 0.000322883
-1274.5 0.000329979
-1274.3 0.000333527
-1274.1 0.000333527
-1273.9 0.000344172
-1273.7 0.00034772
-1273.5 0.000351268
-1273.3 0.000358364
-1273.1 0.000358364
-1272.9 0.000369009
-1272.7 0.000379653
-1272.5 0.00038675
-1272.3 0.00038675
-1272.1 0.000393846
-1271.9 0.000393846
-1271.7 0.000404491
-1271.5 0.000415135
-1271.3 0.000422231
-1271.1 0.00042578
-1270.9 0.000432876
-1270.7 0.000439972
-1270.5 0.000447069
-1270.3 0.000447069
-1270.1 0.000447069
-1269.9 0.000450617
-1269.7 0.000450617
-1269.5 0.000454165
-1269.3 0.000454165
-1269.1 0.000454165
-1268.9 0.000461261
-1268.7 0.000471906
-1268.5 0.000475454
-1268.3 0.000479002
-1268.1 0.000479002
-1267.9 0.00048255
-1267.7 0.000489646
-1267.5 0.000489646
-1267.3 0.000489646
-1267.1 0.000489646
-1266.9 0.000493195
-1266.7 0.000493195
-1266.5 0.000493195
-1266.3 0.000496743
-1266.1 0.000500291
-1265.9 0.000503839
-1265.7 0.000503839
-1265.5 0.000503839
-1265.3 0.000514484
-1265.1 0.000514484
-1264.9 0.000518032
-1264.7 0.000518032
-1264.5 0.00052158
-1264.3 0.00052158
-1264.1 0.00052158
-1263.9 0.000528676
-1263.7 0.000528676
-1263.5 0.000528676
-1263.3 0.000528676
-1263.1 0.000528676
-1262.9 0.000528676
-1262.7 0.000528676
-1262.5 0.000532224
-1262.3 0.000535773
-1262.1 0.000535773
-1261.9 0.000539321
-1261.7 0.000539321
-1261.5 0.000539321
-1261.3 0.000539321
-1261.1 0.000539321
-1260.9 0.000539321
-1260.7 0.000539321
-1260.5 0.000542869
-1260.3 0.000542869
-1260.1 0.000542869
-1259.9 0.000542869
-1259.7 0.000542869
-1259.5 0.000542869
-1259.3 0.000542869
-1259.1 0.000542869
-1258.9 0.000542869
-1258.7 0.000542869
-1258.5 0.000542869
-1258.3 0.000542869
-1258.1 0.000542869
-1257.9 0.000542869
-1257.7 0.000542869
-1257.5 0.000542869
-1257.3 0.000542869
-1257.1 0.000542869
-1256.9 0.000542869
-1256.7 0.000542869
-1256.5 0.000542869
-1256.3 0.000542869
-1256.1 0.000542869
-1255.9 0.000542869
-1255.7 0.000542869
-1255.5 0.000542869
-1255.3 0.000542869
-1255.1 0.000542869
-1254.9 0.000542869
-1254.7 0.000542869
-1254.5 0.000546417
-1254.3 0.000546417
-1254.1 0.000546417
-1253.9 0.000546417
-1253.7 0.000546417
-1253.5 0.000546417
-1253.3 0.000546417
-1253.1 0.000546417
-1252.9 0.000546417
-1252.7 0.000546417
-1252.5 0.000546417
-1252.3 0.000546417
-1252.1 0.000546417
-1251.9 0.000546417
-1251.7 0.000546417
-1251.5 0.000546417
-1251.3 0.000546417
-1251.1 0.000546417
-1250.9 0.000546417
-1250.7 0.000546417
-1250.5 0.000546417
-1250.3 0.000546417
-1250.1 0.000546417
-1249.9 0.000546417
-1249.7 0.000546417
-1249.5 0.000546417
-1249.3 0.000546417
-1249.1 0.000546417
-1248.9 0.000546417
-1248.7 0.000546417
-1248.5 0.000546417
-1248.3 0.000546417
-1248.1 0.000546417
-1247.9 0.000546417
-1247.7 0.000546417
-1247.5 0.000546417
-1247.3 0.000546417
-1247.1 0.000546417
-1246.9 0.000546417
-1246.7 0.000546417
-1246.5 0.000546417
-1246.3 0.000546417
-1246.1 0.000546417
-1245.9 0.000546417
-1245.7 0.000546417
-1245.5 0.000546417
-1245.3 0.000546417
-1245.1 0.000546417
-1244.9 0.000546417
-1244.7 0.000546417
-1244.5 0.000546417
-1244.3 0.000546417
-1244.1 0.000546417
-1243.9 0.000546417
-1243.7 0.000546417
-1243.5 0.000546417
-1243.3 0.000546417
-1243.1 0.000546417
-1242.9 0.000546417
-1242.7 0.000546417
-1242.5 0.000546417
-1242.3 0.000546417
-1242.1 0.000546417
-1241.9 0.000546417
-1241.7 0.000546417
-1241.5 0.000546417
-1241.3 0.000546417
-1241.1 0.000546417
-1240.9 0.000546417
-1240.7 0.000546417
-1240.5 0.000546417
-1240.3 0.000546417
-1240.1 0.000546417
-1239.9 0.000546417
-1239.7 0.000546417
-1239.5 0.000546417
-1239.3 0.000546417
-1239.1 0.000546417
-1238.9 0.000546417
-1238.7 0.000546417
-1238.5 0.000546417
-1238.3 0.000546417
-1238.1 0.000546417
-1237.9 0.000546417
-1237.7 0.000546417
-1237.5 0.000546417
-1237.3 0.000546417
-1237.1 0.000546417
-1236.9 0.000546417
-1236.7 0.000546417
-1236.5 0.000546417
-1236.3 0.000546417
-1236.1 0.000546417
-1235.9 0.000546417
-1235.7 0.000546417
-1235.5 0.000546417
-1235.3 0.000546417
-1235.1 0.000546417
-1234.9 0.000546417
-1234.7 0.000546417
-1234.5 0.000546417
-1234.3 0.000546417
-1234.1 0.000546417
-1233.9 0.000546417
-1233.7 0.000546417
-1233.5 0.000546417
-1233.3 0.000546417
-1233.1 0.000546417
-1232.9 0.000546417
-1232.7 0.000546417
-1232.5 0.000546417
-1232.3 0.000546417
-1232.1 0.000546417
-1231.9 0.000549965
-1231.7 0.000549965
-1231.5 0.000549965
-1231.3 0.000553513
-1231.1 0.000553513
-1230.9 0.000557062
-1230.7 0.000564158
-1230.5 0.000578351
-1230.3 0.000592543
-1230.1 0.000606736
-1229.9 0.000659958
-1229.7 0.000741566
-1229.5 0.000858655
-1229.3 0.00112832
-1229.1 0.00167473
-1228.9 0.00278176
-1228.7 0.00461971
-1228.5 0.0077208
-1228.3 0.0126315
-1228.1 0.0201713
-1227.9 0.0301452
-1227.7 0.0431599
-1227.5 0.0585624
-1227.3 0.0764239
-1227.1 0.0955662
-1226.9 0.114911
-1226.7 0.133258
-1226.5 0.150797
-1226.3 0.166451
-1226.1 0.181091
-1225.9 0.194329
-1225.7 0.20661
-1225.5 0.218606
-1225.3 0.229797
-1225.1 0.240981
-1224.9 0.251277
-1224.7 0.261574
-1224.5 0.271768
-1224.3 0.281628
-1224.1 0.291208
-1223.9 0.300583
-1223.7 0.309779
-1223.5 0.318767
-1223.3 0.328102
-1223.1 0.33709
-1222.9 0.345981
-1222.7 0.354845
-1222.5 0.363804
-1222.3 0.372578
-1222.1 0.38119
-1221.9 0.389837
-1221.7 0.398824
-1221.5 0.40756
-1221.3 0.415894
-1221.1 0.42402
-1220.9 0.432915
-1220.7 0.441118
-1220.5 0.449786
-1220.3 0.458015
-1220.1 0.466481
-1219.9 0.474819
-1219.7 0.482972
-1219.5 0.491311
-1219.3 0.49962
-1219.1 0.507735
-1218.9 0.515736
-1218.7 0.523978
-1218.5 0.53204
-1218.3 0.540165
-1218.1 0.548131
-1217.9 0.556182
-1217.7 0.564431
-1217.5 0.572283
-1217.3 0.580281
-1217.1 0.588452
-1216.9 0.596528
-1216.7 0.60472
-1216.5 0.612824
-1216.3 0.620982
-1216.1 0.629196
-1215.9 0.637193
-1215.7 0.645109
-1215.5 0.653249
-1215.3 0.661243
-1215.1 0.669372
-1214.9 0.677419
-1214.7 0.685438
-1214.5 0.693584
-1214.3 0.701472
-1214.1 0.709097
-1213.9 0.717027
-1213.7 0.724897
-1213.5 0.73282
-1213.3 0.740353
-1213.1 0.748261
-1212.9 0.756291
-1212.7 0.764044
-1212.5 0.771466
-1212.3 0.779049
-1212.1 0.786649
-1211.9 0.794639
-1211.7 0.802424
-1211.5 0.809967
-1211.3 0.817184
-1211.1 0.824401
-1210.9 0.831402
-1210.7 0.838601
-1210.5 0.845481
-1210.3 0.852304
-1210.1 0.859205
-1209.9 0.865894
-1209.7 0.872504
-1209.5 0.878898
-1209.3 0.885416
-1209.1 0.891685
-1208.9 0.897806
-1208.7 0.903635
-1208.5 0.909234
-1208.3 0.914468
-1208.1 0.91984
-1207.9 0.92479
-1207.7 0.929221
-1207.5 0.933433
-1207.3 0.937442
-1207.1 0.94115
-1206.9 0.944755
-1206.7 0.947725
-1206.5 0.951007
-1206.3 0.953757
-1206.1 0.956397
-1205.9 0.959196
-1205.7 0.961602
-1205.5 0.964022
-1205.3 0.96642
-1205.1 0.968698
-1204.9 0.970813
-1204.7 0.972874
-1204.5 0.974758
-1204.3 0.976752
-1204.1 0.978615
-1203.9 0.980411
-1203.7 0.982075
-1203.5 0.983806
-1203.3 0.98547
-1203.1 0.986978
-1202.9 0.988295
-1202.7 0.9896
-1202.5 0.990917
-1202.3 0.992052
-1202.1 0.993127
-1201.9 0.994103
-1201.7 0.994937
-1201.5 0.995707
-1201.3 0.996413
-1201.1 0.996934
-1200.9 0.997357
-1200.7 0.997733
-1200.5 0.998098
-1200.3 0.998297
-1200.1 0.998474
-1199.9 0.998627
-1199.7 0.998737
-1199.5 0.998815
-1199.3 0.998843
-1199.1 0.998868
-1198.9 0.998882
-1198.7 0.998893
-1198.5 0.998914
-1198.3 0.998921
-1198.1 0.998939
-1197.9 0.998946
-1197.7 0.998957
-1197.5 0.998957
-1197.3 0.998957
-1197.1 0.998967
-1196.9 0.998971
-1196.7 0.998975
-1196.5 0.998982
-1196.3 0.998985
-1196.1 0.998996
-1195.9 0.998996
-1195.7 0.999003
-1195.5 0.999007
-1195.3 0.999007
-1195.1 0.999007
-1194.9 0.99901
-1194.7 0.999014
-1194.5 0.999014
-1194.3 0.999017
-1194.1 0.999021
-1193.9 0.999035
-1193.7 0.999035
-1193.5 0.999038
-1193.3 0.999038
-1193.1 0.999042
-1192.9 0.999046
-1192.7 0.999046
-1192.5 0.999046
-1192.3 0.999046
-1192.1 0.999046
-1191.9 0.999046
-1191.7 0.999046
-1191.5 0.999046
-1191.3 0.999046
-1191.1 0.999046
-1190.9 0.999046
-1190.7 0.999046
-1190.5 0.999046
-1190.3 0.999046
-1190.1 0.999046
-1189.9 0.999046
-1189.7 0.999046
-1189.5 0.999046
-1189.3 0.999046
-1189.1 0.999046
-1188.9 0.999046
-1188.7 0.999046
-1188.5 0.999046
-1188.3 0.999046
-1188.1 0.999046
-1187.9 0.999046
-1187.7 0.999046
-1187.5 0.999046
-1187.3 0.999046
-1187.1 0.999046
-1186.9 0.999046
-1186.7 0.999046
-1186.5 0.999046
-1186.3 0.999046
-1186.1 0.999046
-1185.9 0.999046
-1185.7 0.999046
-1185.5 0.999046
-1185.3 0.999046
-1185.1 0.999046
-1184.9 0.999046
-1184.7 0.999046
-1184.5 0.999046
-1184.3 0.999046
-1184.1 0.999046
-1183.9 0.999046
-1183.7 0.999046
-1183.5 0.999046
-1183.3 0.999046
-1183.1 0.999046
-1182.9 0.999046
-1182.7 0.999046
-1182.5 0.999046
-1182.3 0.999046
-1182.1 0.999046
-1181.9 0.999046
-1181.7 0.999046
-1181.5 0.999046
-1181.3 0.999046
-1181.1 0.999049
-1180.9 0.999049
-1180.7 0.999049
-1180.5 0.999049
-1180.3 0.999049
-1180.1 0.999049
-1179.9 0.999049
-1179.7 0.999049
-1179.5 0.999049
-1179.3 0.999049
-1179.1 0.999049
-1178.9 0.999049
-1178.7 0.999049
-1178.5 0.999049
-1178.3 0.999049
-1178.1 0.999053
-1177.9 0.999053
-1177.7 0.999053
-1177.5 0.999053
-1177.3 0.999053
-1177.1 0.999053
-1176.9 0.999053
-1176.7 0.999053
-1176.5 0.999053
-1176.3 0.999053
-1176.1 0.999053
-1175.9 0.999053
-1175.7 0.999053
-1175.5 0.999053
-1175.3 0.999053
-1175.1 0.999056
-1174.9 0.999056
-1174.7 0.999056
-1174.5 0.999056
-1174.3 0.999056
-1174.1 0.999063
-1173.9 0.999077
-1173.7 0.999081
-1173.5 0.999092
-1173.3 0.999102
-1173.1 0.999106
-1172.9 0.999117
-1172.7 0.999131
-1172.5 0.999145
-1172.3 0.999156
-1172.1 0.999166
-1171.9 0.999173
-1171.7 0.999187
-1171.5 0.999209
-1171.3 0.999216
-1171.1 0.999227
-1170.9 0.999244
-1170.7 0.999248
-1170.5 0.999255
-1170.3 0.999258
-1170.1 0.999269
-1169.9 0.999276
-1169.7 0.999276
-1169.5 0.999283
-1169.3 0.999287
-1169.1 0.999287
-1168.9 0.99929
-1168.7 0.999297
-1168.5 0.999297
-1168.3 0.999308
-1168.1 0.999315
-1167.9 0.999319
-1167.7 0.999326
-1167.5 0.999329
-1167.3 0.999333
-1167.1 0.999344
-1166.9 0.999344
-1166.7 0.999351
-1166.5 0.999354
-1166.3 0.999358
-1166.1 0.999358
-1165.9 0.999361
-1165.7 0.999365
-1165.5 0.999368
-1165.3 0.999372
-1165.1 0.999383
-1164.9 0.999383
-1164.7 0.999383
-1164.5 0.999383
-1164.3 0.999393
-1164.1 0.9994
-1163.9 0.999407
-1163.7 0.999407
-1163.5 0.999407
-1163.3 0.999407
-1163.1 0.999411
-1162.9 0.999411
-1162.7 0.999411
-1162.5 0.999418
-1162.3 0.999422
-1162.1 0.999422
-1161.9 0.999422
-1161.7 0.999422
-1161.5 0.999422
-1161.3 0.999425
-1161.1 0.999436
-1160.9 0.999443
-1160.7 0.99945
-1160.5 0.99945
-1160.3 0.999454
-1160.1 0.999454
-1159.9 0.999457
-1159.7 0.999457
-1159.5 0.999461
-1159.3 0.999464
-1159.1 0.999464
-1158.9 0.999468
-1158.7 0.999468
-1158.5 0.999475
-1158.3 0.999475
-1158.1 0.999475
-1157.9 0.999478
-1157.7 0.999482
-1157.5 0.999482
-1157.3 0.999489
-1157.1 0.9995
-1156.9 0.9995
-1156.7 0.9995
-1156.5 0.99951
-1156.3 0.99951
-1156.1 0.999517
-1155.9 0.999517
-1155.7 0.999517
-1155.5 0.999517
-1155.3 0.999521
-1155.1 0.999521
-1154.9 0.999521
-1154.7 0.999521
-1154.5 0.999521
-1154.3 0.999521
-1154.1 0.999521
-1153.9 0.999525
-1153.7 0.999525
-1153.5 0.999525
-1153.3 0.999528
-1153.1 0.999528
-1152.9 0.999528
-1152.7 0.999528
-1152.5 0.999528
-1152.3 0.999528
-1152.1 0.999528
-1151.9 0.999528
-1151.7 0.999532
-1151.5 0.999532
-1151.3 0.999535
-1151.1 0.999535
-1150.9 0.999535
-1150.7 0.999535
-1150.5 0.999535
-1150.3 0.999535
-1150.1 0.999535
-1149.9 0.999535
-1149.7 0.999535
-1149.5 0.999535
-1149.3 0.999535
-1149.1 0.999535
-1148.9 0.999535
-1148.7 0.999535
-1148.5 0.999535
-1148.3 0.999535
-1148.1 0.999535
-1147.9 0.999535
-1147.7 0.999535
-1147.5 0.999535
-1147.3 0.999535
-1147.1 0.999535
-1146.9 0.999535
-1146.7 0.999535
-1146.5 0.999535
-1146.3 0.999535
-1146.1 0.999535
-1145.9 0.999535
-1145.7 0.999535
-1145.5 0.999535
-1145.3 0.999535
-1145.1 0.999535
-1144.9 0.999535
-1144.7 0.999535
-1144.5 0.999535
-1144.3 0.999535
-1144.1 0.999535
-1143.9 0.999535
-1143.7 0.999535
-1143.5 0.999535
-1143.3 0.999535
-1143.1 0.999535
-1142.9 0.999535
-1142.7 0.999535
-1142.5 0.999535
-1142.3 0.999535
-1142.1 0.999535
-1141.9 0.999535
-1141.7 0.999535
-1141.5 0.999535
-1141.3 0.999535
-1141.1 0.999535
-1140.9 0.999535
-1140.7 0.999535
-1140.5 0.999535
-1140.3 0.999535
-1140.1 0.999535
-1139.9 0.999535
-1139.7 0.999535
-1139.5 0.999535
-1139.3 0.999535
-1139.1 0.999535
-1138.9 0.999535
-1138.7 0.999535
-1138.5 0.999535
-1138.3 0.999535
-1138.1 0.999535
-1137.9 0.999535
-1137.7 0.999535
-1137.5 0.999535
-1137.3 0.999535
-1137.1 0.999535
-1136.9 0.999535
-1136.7 0.999535
-1136.5 0.999535
-1136.3 0.999535
-1136.1 0.999535
-1135.9 0.999535
-1135.7 0.999535
-1135.5 0.999535
-1135.3 0.999535
-1135.1 0.999535
-1134.9 0.999535
-1134.7 0.999535
-1134.5 0.999535
-1134.3 0.999535
-1134.1 0.999535
-1133.9 0.999535
-1133.7 0.999535
-1133.5 0.999535
-1133.3 0.999535
-1133.1 0.999535
-1132.9 0.999535
-1132.7 0.999535
-1132.5 0.999535
-1132.3 0.999535
-1132.1 0.999535
-1131.9 0.999535
-1131.7 0.999535
-1131.5 0.999535
-1131.3 0.999535
-1131.1 0.999535
-1130.9 0.999535
-1130.7 0.999535
-1130.5 0.999535
-1130.3 0.999535
-1130.1 0.999535
-1129.9 0.999535
-1129.7 0.999535
-1129.5 0.999535
-1129.3 0.999535
-1129.1 0.999535
-1128.9 0.999535
-1128.7 0.999535
-1128.5 0.999535
-1128.3 0.999535
-1128.1 0.999535
-1127.9 0.999535
-1127.7 0.999535
-1127.5 0.999535
-1127.3 0.999535
-1127.1 0.999535
-1126.9 0.999535
-1126.7 0.999535
-1126.5 0.999535
-1126.3 0.999535
-1126.1 0.999535
-1125.9 0.999535
-1125.7 0.999535
-1125.5 0.999535
-1125.3 0.999535
-1125.1 0.999535
-1124.9 0.999535
-1124.7 0.999535
-1124.5 0.999535
-1124.3 0.999535
-1124.1 0.999535
-1123.9 0.999535
-1123.7 0.999535
-1123.5 0.999535
-1123.3 0.999535
-1123.1 0.999535
-1122.9 0.999535
-1122.7 0.999535
-1122.5 0.999535
-1122.3 0.999535
-1122.1 0.999535
-1121.9 0.999535
-1121.7 0.999535
-1121.5 0.999535
-1121.3 0.999535
-1121.1 0.999535
-1120.9 0.999535
-1120.7 0.999535
-1120.5 0.999535
-1120.3 0.999535
-1120.1 0.999535
-1119.9 0.999535
-1119.7 0.999535
-1119.5 0.999535
-1119.3 0.999535
-1119.1 0.999539
-1118.9 0.999539
-1118.7 0.999539
-1118.5 0.999546
-1118.3 0.999556
-1118.1 0.999571
-1117.9 0.999574
-1117.7 0.999581
-1117.5 0.999581
-1117.3 0.999588
-1117.1 0.999599
-1116.9 0.999624
-1116.7 0.999631
-1116.5 0.999631
-1116.3 0.999642
-1116.1 0.999659
-1115.9 0.999666
-1115.7 0.999674
-1115.5 0.999695
-1115.3 0.999706
-1115.1 0.999709
-1114.9 0.99972
-1114.7 0.99972
-1114.5 0.999723
-1114.3 0.999727
-1114.1 0.999737
-1113.9 0.999741
-1113.7 0.999741
-1113.5 0.999752
-1113.3 0.999755
-1113.1 0.999766
-1112.9 0.99978
-1112.7 0.999784
-1112.5 0.999794
-1112.3 0.999794
-1112.1 0.999798
-1111.9 0.999815
-1111.7 0.999815
-1111.5 0.999819
-1111.3 0.999823
-1111.1 0.999826
-1110.9 0.999826
-1110.7 0.999826
-1110.5 0.999833
-1110.3 0.999837
-1110.1 0.999837
-1109.9 0.99984
-1109.7 0.99984
-1109.5 0.999844
-1109.3 0.999844
-1109.1 0.999844
-1108.9 0.999847
-1108.7 0.999858
-1108.5 0.999858
-1108.3 0.999858
-1108.1 0.999858
-1107.9 0.999862
-1107.7 0.999862
-1107.5 0.999865
-1107.3 0.999865
-1107.1 0.999865
-1106.9 0.999865
-1106.7 0.999865
-1106.5 0.999872
-1106.3 0.999876
-1106.1 0.999876
-1105.9 0.999879
-1105.7 0.99989
-1105.5 0.99989
-1105.3 0.99989
-1105.1 0.999894
-1104.9 0.999894
-1104.7 0.999897
-1104.5 0.999901
-1104.3 0.999904
-1104.1 0.999908
-1103.9 0.999911
-1103.7 0.999911
-1103.5 0.999915
-1103.3 0.999915
-1103.1 0.999918
-1102.9 0.999918
-1102.7 0.999925
-1102.5 0.999925
-1102.3 0.999925
-1102.1 0.999925
-1101.9 0.999925
-1101.7 0.999936
-1101.5 0.999943
-1101.3 0.99995
-1101.1 0.99995
-1100.9 0.999954
-1100.7 0.999957
-1100.5 0.999965
-1100.3 0.999965
-1100.1 0.999972
-1099.9 0.999975
-1099.7 0.999975
-1099.5 0.999979
-1099.3 0.999982
-1099.1 0.999986
-1098.9 0.999989
-1098.7 0.999989
-1098.5 0.999996
-1098.3 0.999996
-1098.1 0.999996
-1097.9 0.999996
-1097.7 0.999996
-1097.5 0.999996
-1097.3 0.999996
-1097.1 0.999996
-1096.9 1
