300
0.001 0.0041127
0.002 0.00822541
0.003 0.0124658
0.004 0.0172172
0.005 0.0216619
0.006 0.0260045
0.007 0.0300151
0.008 0.0342555
0.009 0.0385981
0.01 0.0434005
0.011 0.0470279
0.012 0.0510384
0.013 0.0549978
0.014 0.0593404
0.015 0.0639896
0.016 0.0674381
0.017 0.0712187
0.018 0.0762255
0.019 0.0804404
0.02 0.0846808
0.021 0.0890745
0.022 0.0941068
0.023 0.0980407
0.024 0.102332
0.025 0.106803
0.026 0.111273
0.027 0.11605
0.028 0.120035
0.029 0.124326
0.03 0.128975
0.031 0.133931
0.032 0.138453
0.033 0.142591
0.034 0.147036
0.035 0.150944
0.036 0.155797
0.037 0.159757
0.038 0.164074
0.039 0.168135
0.04 0.172018
0.041 0.176642
0.042 0.181189
0.043 0.185072
0.044 0.189031
0.045 0.193399
0.046 0.197921
0.047 0.20211
0.048 0.206325
0.049 0.211613
0.05 0.21639
0.051 0.221141
0.052 0.225279
0.053 0.229545
0.054 0.234143
0.055 0.238741
0.056 0.242522
0.057 0.247094
0.058 0.251411
0.059 0.255882
0.06 0.260556
0.061 0.26495
0.062 0.268986
0.063 0.273737
0.064 0.277876
0.065 0.282474
0.066 0.287378
0.067 0.292104
0.068 0.296268
0.069 0.301147
0.07 0.30549
0.071 0.310675
0.072 0.31512
0.073 0.319641
0.074 0.323856
0.075 0.328812
0.076 0.333078
0.077 0.337982
0.078 0.341993
0.079 0.346744
0.08 0.351598
0.081 0.356196
0.082 0.360283
0.083 0.364523
0.084 0.368636
0.085 0.373183
0.086 0.378113
0.087 0.383018
0.088 0.387846
0.089 0.392291
0.09 0.396454
0.091 0.401104
0.092 0.405957
0.093 0.410811
0.094 0.415562
0.095 0.420518
0.096 0.425678
0.097 0.429995
0.098 0.435563
0.099 0.439804
0.1 0.444325
0.101 0.448949
0.102 0.453828
0.103 0.457762
0.104 0.463024
0.105 0.467877
0.106 0.472118
0.107 0.476997
0.108 0.48111
0.109 0.486295
0.11 0.491481
0.111 0.495875
0.112 0.499885
0.113 0.504381
0.114 0.508877
0.115 0.513628
0.116 0.51746
0.117 0.521649
0.118 0.526017
0.119 0.530156
0.12 0.533962
0.121 0.538534
0.122 0.542494
0.123 0.547143
0.124 0.551766
0.125 0.55593
0.126 0.560145
0.127 0.564743
0.128 0.568805
0.129 0.573479
0.13 0.57841
0.131 0.583416
0.132 0.587989
0.133 0.592536
0.134 0.59693
0.135 0.601962
0.136 0.606126
0.137 0.610545
0.138 0.614658
0.139 0.618464
0.14 0.622909
0.141 0.626766
0.142 0.631134
0.143 0.63563
0.144 0.639794
0.145 0.644264
0.146 0.648658
0.147 0.65323
0.148 0.657215
0.149 0.661353
0.15 0.665849
0.151 0.670243
0.152 0.674458
0.153 0.6788
0.154 0.682964
0.155 0.687281
0.156 0.69193
0.157 0.695966
0.158 0.700079
0.159 0.703988
0.16 0.708458
0.161 0.712647
0.162 0.716556
0.163 0.720668
0.164 0.724449
0.165 0.728153
0.166 0.732061
0.167 0.735637
0.168 0.739903
0.169 0.743914
0.17 0.747465
0.171 0.751066
0.172 0.754745
0.173 0.759241
0.174 0.762766
0.175 0.766368
0.176 0.769791
0.177 0.773827
0.178 0.777812
0.179 0.781567
0.18 0.785858
0.181 0.790022
0.182 0.793598
0.183 0.796792
0.184 0.800419
0.185 0.803765
0.186 0.806473
0.187 0.810024
0.188 0.813804
0.189 0.817023
0.19 0.820855
0.191 0.82438
0.192 0.827931
0.193 0.831022
0.194 0.834904
0.195 0.838506
0.196 0.842185
0.197 0.845991
0.198 0.849644
0.199 0.853092
0.2 0.856822
0.201 0.860091
0.202 0.863412
0.203 0.86635
0.204 0.869875
0.205 0.87317
0.206 0.876517
0.207 0.880246
0.208 0.883593
0.209 0.886913
0.21 1.89008
0.211 1.89297
0.212 1.89585
0.213 1.89851
0.214 1.90175
0.215 1.905
0.216 1.90804
0.217 1.91133
0.218 1.91417
0.219 1.91706
0.22 1.92017
0.221 1.92339
0.222 1.92651
0.223 1.92947
0.224 1.93203
0.225 1.93519
0.226 1.93808
0.227 1.94107
0.228 1.94403
0.229 1.94684
0.23 1.9494
0.231 1.95177
0.232 1.95494
0.233 1.95708
0.234 1.95969
0.235 1.96247
0.236 1.96508
0.237 1.9672
0.238 1.9696
0.239 1.97256
0.24 1.97555
0.241 1.97775
0.242 1.9802
0.243 1.98255
0.244 1.98526
0.245 1.98725
0.246 1.98968
0.247 1.99223
0.248 1.99476
0.249 1.99765
0.25 2
0.251 2.28664
0.252 2.28664
0.253 2.28664
0.254 2.28664
0.255 2.28664
0.256 2.28664
0.257 2.28664
0.258 2.28664
0.259 2.28664
0.26 2.28664
0.261 2.28664
0.262 2.28664
0.263 2.28664
0.264 2.28664
0.265 2.28664
0.266 2.28664
0.267 2.28664
0.268 2.28664
0.269 2.28664
0.27 2.28664
0.271 2.28664
0.272 2.28664
0.273 2.28664
0.274 2.28664
0.275 2.28664
0.276 2.28664
0.277 2.28664
0.278 2.28664
0.279 2.28664
0.28 2.28664
0.281 2.28664
0.282 2.28664
0.283 2.28664
0.284 2.28664
0.285 2.28664
0.286 2.28664
0.287 2.28664
0.288 2.28664
0.289 2.28664
0.29 2.28664
0.291 2.28664
0.292 2.28664
0.293 2.28664
0.294 2.28664
0.295 2.28664
0.296 2.28664
0.297 2.28664
0.298 2.28664
0.299 2.28664
0.3 2.28664
