# 101.5 deg
6.143131 0.026869 6.17
6.045652 0.134348 6.18
5.96499 0.225010 6.19
5.900073 0.299927 6.2
5.844227 0.365773 6.21
5.794364 0.425636 6.22
5.748825 0.481175 6.23
5.706638 0.533362 6.24
5.667158 0.582842 6.25
5.629917 0.630083 6.26
5.594593 0.675407 6.27
5.560927 0.719073 6.28
5.528715 0.761285 6.29
5.497798 0.802202 6.3
5.468046 0.841954 6.31
5.439339 0.880661 6.32
5.411595 0.918405 6.33
5.384722 0.955278 6.34
5.358663 0.991337 6.35
5.333346 1.026654 6.36
5.308728 1.061272 6.37
5.284753 1.095247 6.38
5.261385 1.128615 6.39
5.238585 1.161415 6.4
5.216317 1.193683 6.41
5.194556 1.225444 6.42
5.173271 1.256729 6.43
5.152437 1.287563 6.44
5.132033 1.317967 6.45
5.112034 1.347966 6.46
5.092426 1.377574 6.47
5.073186 1.406814 6.48
5.054301 1.435699 6.49
5.035752 1.464248 6.5
5.017528 1.492472 6.51
4.999617 1.520383 6.52
4.982002 1.547998 6.53
4.964675 1.575325 6.54
4.947625 1.602375 6.55
4.93084 1.629160 6.56
4.91431 1.655690 6.57
4.89803 1.681970 6.58
4.881988 1.708012 6.59
4.866176 1.733824 6.6
4.850587 1.759413 6.61
4.835216 1.784784 6.62
4.820052 1.809948 6.63
4.805093 1.834907 6.64
4.790327 1.859673 6.65
4.775757 1.884243 6.66
4.761368 1.908632 6.67
4.747161 1.932839 6.68
4.733128 1.956872 6.69
4.719267 1.980733 6.7
4.70557 2.004430 6.71
4.692035 2.027965 6.72
4.678655 2.051345 6.73
4.665431 2.074569 6.74
4.652354 2.097646 6.75
4.639422 2.120578 6.76
4.626633 2.143367 6.77
4.613982 2.166018 6.78
4.601468 2.188532 6.79
4.589083 2.210917 6.8
4.576829 2.233171 6.81
4.5647 2.255300 6.82
4.552694 2.277306 6.83
4.54081 2.299190 6.84
4.529042 2.320958 6.85
4.51739 2.342610 6.86
4.505851 2.364149 6.87
4.494423 2.385577 6.88
4.483102 2.406898 6.89
4.471889 2.428111 6.9
4.460777 2.449223 6.91
4.449771 2.470229 6.92
4.438862 2.491138 6.93
4.428052 2.511948 6.94
4.417337 2.532663 6.95
4.406717 2.553283 6.96
4.39619 2.573810 6.97
4.385753 2.594247 6.98
4.375405 2.614595 6.99
4.365144 2.634856 7.0
4.35497 2.655030 7.01
4.34488 2.675120 7.02
4.334873 2.695127 7.03
4.324948 2.715052 7.04
4.315102 2.734898 7.05
4.305337 2.754663 7.06
4.295648 2.774352 7.07
4.286035 2.793965 7.08
4.276498 2.813502 7.09
4.267033 2.832967 7.1
4.257641 2.852359 7.11
4.248321 2.871679 7.12
4.239072 2.890928 7.13
4.229892 2.910108 7.14
4.220778 2.929222 7.15
4.211734 2.948266 7.16
4.202753 2.967247 7.17
4.19384 2.986160 7.18
4.184989 3.005011 7.19
4.176202 3.023798 7.2
4.167478 3.042522 7.21
4.158815 3.061185 7.22
4.150211 3.079789 7.23
4.141667 3.098333 7.24
4.133183 3.116817 7.25
4.124756 3.135244 7.26
4.116385 3.153615 7.27
4.108071 3.171929 7.28
4.099814 3.190186 7.29
4.09161 3.208390 7.3
4.083461 3.226539 7.31
4.075366 3.244634 7.32
4.067323 3.262677 7.33
4.059331 3.280669 7.34
4.051392 3.298608 7.35
4.043501 3.316499 7.36
4.035662 3.334338 7.37
4.027872 3.352128 7.38
4.020131 3.369869 7.39
4.012436 3.387564 7.4
4.004791 3.405209 7.41
3.997192 3.422808 7.42
3.989642 3.440358 7.43
3.982134 3.457866 7.44
3.974671 3.475329 7.45
3.967252 3.492748 7.46
3.959881 3.510119 7.47
3.952551 3.527449 7.48
3.945266 3.544734 7.49
3.93802 3.561980 7.5
3.930817 3.579183 7.51
3.923659 3.596341 7.52
3.91654 3.613460 7.53
3.909462 3.630538 7.54
3.902425 3.647575 7.55
3.895425 3.664575 7.56
3.888465 3.681535 7.57
3.881547 3.698453 7.58
3.874664 3.715336 7.59
3.867821 3.732179 7.6
3.861014 3.748986 7.61
3.854246 3.765754 7.62
3.847514 3.782486 7.63
3.840818 3.799182 7.64
3.834159 3.815841 7.65
3.827536 3.832464 7.66
3.820947 3.849053 7.67
3.814393 3.865607 7.68
3.807873 3.882127 7.69
3.801389 3.898611 7.7
3.794937 3.915063 7.71
3.788519 3.931481 7.72
3.782136 3.947864 7.73
3.775785 3.964215 7.74
3.769464 3.980536 7.75
3.763178 3.996822 7.76
3.756922 4.013078 7.77
3.7507 4.029300 7.78
3.744507 4.045493 7.79
3.738344 4.061656 7.8
3.732215 4.077785 7.81
3.726113 4.093887 7.82
3.720044 4.109956 7.83
3.714002 4.125998 7.84
3.707992 4.142008 7.85
3.70201 4.157990 7.86
3.696056 4.173944 7.87
3.690133 4.189867 7.88
3.684236 4.205764 7.89
3.678369 4.221631 7.9
3.672529 4.237471 7.91
3.666717 4.253283 7.92
3.660933 4.269067 7.93
3.655174 4.284826 7.94
3.649444 4.300556 7.95
3.643739 4.316261 7.96
3.638061 4.331939 7.97
3.63241 4.347590 7.98
3.626783 4.363217 7.99
3.621185 4.378815 8.0
3.61561 4.394390 8.01
3.610059 4.409941 8.02
3.604537 4.425463 8.03
3.599037 4.440963 8.04
3.593561 4.456439 8.05
3.588111 4.471889 8.06
3.582686 4.487314 8.07
3.577283 4.502717 8.08
3.571905 4.518095 8.09
3.566549 4.533451 8.1
3.561221 4.548779 8.11
3.555911 4.564089 8.12
3.550626 4.579374 8.13
3.545364 4.594636 8.14
3.540125 4.609875 8.15
3.534908 4.625092 8.16
3.529713 4.640287 8.17
3.524539 4.655461 8.18
3.519391 4.670609 8.19
3.514262 4.685738 8.2
3.509154 4.700846 8.21
3.504066 4.715934 8.22
3.499005 4.730995 8.23
3.49396 4.746040 8.24
3.488936 4.761064 8.25
3.483933 4.776067 8.26
3.478952 4.791048 8.27
3.473993 4.806007 8.28
3.469052 4.820948 8.29
3.464131 4.835869 8.3
3.45923 4.850770 8.31
3.454349 4.865651 8.32
3.44949 4.880510 8.33
3.444646 4.895354 8.34
3.439824 4.910176 8.35
3.435022 4.924978 8.36
3.430238 4.939762 8.37
3.425473 4.954527 8.38
3.420727 4.969273 8.39
3.415999 4.984001 8.4
3.41129 4.998710 8.41
3.4066 5.013400 8.42
3.401927 5.028073 8.43
3.397273 5.042727 8.44
3.392637 5.057363 8.45
3.388019 5.071981 8.46
3.383417 5.086583 8.47
3.378836 5.101164 8.48
3.37427 5.115730 8.49
3.369721 5.130279 8.5
3.36519 5.144810 8.51
3.360675 5.159325 8.52
3.35618 5.173820 8.53
3.3517 5.188300 8.54
3.347236 5.202764 8.55
3.342789 5.217211 8.56
3.33836 5.231640 8.57
3.333947 5.246053 8.58
3.32955 5.260450 8.59
3.325168 5.274832 8.6
3.320804 5.289196 8.61
3.316456 5.303544 8.62
3.312121 5.317879 8.63
3.307804 5.332196 8.64
3.303504 5.346496 8.65
3.299216 5.360784 8.66
3.294946 5.375054 8.67
3.29069 5.389310 8.68
3.286452 5.403548 8.69
3.282225 5.417775 8.7
3.278017 5.431983 8.71
3.273821 5.446179 8.72
3.269641 5.460359 8.73
3.265476 5.474524 8.74
3.261324 5.488676 8.75
3.257187 5.502813 8.76
3.253067 5.516933 8.77
3.248961 5.531039 8.78
3.244868 5.545132 8.79
3.240789 5.559211 8.8
3.236724 5.573276 8.81
3.232673 5.587327 8.82
3.228636 5.601364 8.83
3.224613 5.615387 8.84
3.220606 5.629394 8.85
3.21661 5.643390 8.86
3.212628 5.657372 8.87
3.208659 5.671341 8.88
3.204704 5.685296 8.89
3.200764 5.699236 8.9
3.196835 5.713165 8.91
3.192919 5.727081 8.92
3.189017 5.740983 8.93
3.18513 5.754870 8.94
3.181253 5.768747 8.95
3.17739 5.782610 8.96
3.173539 5.796461 8.97
3.169703 5.810297 8.98
3.165877 5.824123 8.99
3.162064 5.837936 9.0
3.158265 5.851735 9.01
3.154475 5.865525 9.02
3.150701 5.879299 9.03
3.146938 5.893062 9.04
3.143187 5.906813 9.05
3.139448 5.920552 9.06
3.135723 5.934277 9.07
3.132008 5.947992 9.08
3.128304 5.961696 9.09
3.124613 5.975387 9.1
3.120935 5.989065 9.11
3.117267 6.002733 9.12
3.113611 6.016389 9.13
3.109966 6.030034 9.14
3.106336 6.043664 9.15
3.102712 6.057288 9.16
3.099103 6.070897 9.17
3.095504 6.084496 9.18
3.091918 6.098082 9.19
3.088341 6.111659 9.2
3.084776 6.125224 9.21
3.081221 6.138779 9.22
3.077679 6.152321 9.23
3.074146 6.165854 9.24
3.070625 6.179375 9.25
3.067116 6.192884 9.26
3.063615 6.206385 9.27
3.060126 6.219874 9.28
3.056648 6.233352 9.29
3.05318 6.246820 9.3
3.049722 6.260278 9.31
3.046276 6.273724 9.32
3.04284 6.287160 9.33
3.039413 6.300587 9.34
3.035997 6.314003 9.35
3.032594 6.327406 9.36
3.029197 6.340803 9.37
3.025813 6.354187 9.38
3.022437 6.367563 9.39
3.019073 6.380927 9.4
3.015717 6.394283 9.41
3.012372 6.407628 9.42
3.009035 6.420965 9.43
3.005711 6.434289 9.44
3.002396 6.447604 9.45
2.999088 6.460912 9.46
2.995792 6.474208 9.47
2.992506 6.487494 9.48
2.989229 6.500771 9.49
2.985962 6.514038 9.5
2.982703 6.527297 9.51
2.979455 6.540545 9.52
2.976216 6.553784 9.53
2.972985 6.567015 9.54
2.969764 6.580236 9.55
2.966552 6.593448 9.56
2.963351 6.606649 9.57
2.960157 6.619843 9.58
2.956973 6.633027 9.59
2.953796 6.646204 9.6
2.950631 6.659369 9.61
2.947475 6.672525 9.62
2.944326 6.685674 9.63
2.941185 6.698815 9.64
2.938055 6.711945 9.65
2.934934 6.725066 9.66
2.93182 6.738180 9.67
2.928715 6.751285 9.68
2.92562 6.764380 9.69
2.922535 6.777465 9.7
2.919455 6.790545 9.71
2.916385 6.803615 9.72
2.913324 6.816676 9.73
2.91027 6.829730 9.74
2.907227 6.842773 9.75
2.90419 6.855810 9.76
2.901161 6.868839 9.77
2.898143 6.881857 9.78
2.895131 6.894869 9.79
2.892127 6.907873 9.8
2.889131 6.920869 9.81
2.886144 6.933856 9.82
2.883166 6.946834 9.83
2.880195 6.959805 9.84
2.877231 6.972769 9.85
2.874277 6.985723 9.86
2.871329 6.998671 9.87
2.868389 7.011611 9.88
2.865458 7.024542 9.89
2.862535 7.037465 9.9
2.859618 7.050382 9.91
2.85671 7.063290 9.92
2.853809 7.076191 9.93
2.850915 7.089085 9.94
2.84803 7.101970 9.95
2.845151 7.114849 9.96
2.842281 7.127719 9.97
2.839418 7.140582 9.98
2.836562 7.153438 9.99
2.833713 7.166287 10.0
2.830871 7.179129 10.01
2.828037 7.191963 10.02
2.825211 7.204789 10.03
2.822392 7.217608 10.04
2.819578 7.230422 10.05
2.816773 7.243227 10.06
2.813975 7.256025 10.07
2.811184 7.268816 10.08
2.8084 7.281600 10.09
2.805622 7.294378 10.1
2.802854 7.307146 10.11
2.800089 7.319911 10.12
2.797332 7.332668 10.13
2.794583 7.345417 10.14
2.791841 7.358159 10.15
2.789105 7.370895 10.16
2.786374 7.383626 10.17
2.783652 7.396348 10.18
2.780937 7.409063 10.19
2.778228 7.421772 10.2
2.775523 7.434477 10.21
2.772827 7.447173 10.22
2.770137 7.459863 10.23
2.767452 7.472548 10.24
2.764776 7.485224 10.25
2.762105 7.497895 10.26
2.759439 7.510561 10.27
2.756783 7.523217 10.28
2.75413 7.535870 10.29
2.751484 7.548516 10.3
2.748845 7.561155 10.31
2.746212 7.573788 10.32
2.743586 7.586414 10.33
2.740964 7.599036 10.34
2.738348 7.611652 10.35
2.735741 7.624259 10.36
2.733139 7.636861 10.37
2.730542 7.649458 10.38
2.72795 7.662050 10.39
2.72537 7.674630 10.4
2.72279 7.687210 10.41
2.720216 7.699784 10.42
2.71765 7.712350 10.43
2.715092 7.724908 10.44
2.712537 7.737463 10.45
2.709989 7.750011 10.46
2.707445 7.762555 10.47
2.704909 7.775091 10.48
2.702378 7.787622 10.49
2.699853 7.800147 10.5
2.697333 7.812667 10.51
2.694819 7.825181 10.52
2.692313 7.837687 10.53
2.68981 7.850190 10.54
2.687313 7.862687 10.55
2.684821 7.875179 10.56
2.682338 7.887662 10.57
2.679857 7.900143 10.58
2.677382 7.912618 10.59
2.674914 7.925086 10.6
2.672451 7.937549 10.61
2.669994 7.950006 10.62
2.667541 7.962459 10.63
2.665094 7.974906 10.64
2.662653 7.987347 10.65
2.660217 7.999783 10.66
2.657786 8.012214 10.67
2.655361 8.024639 10.68
2.652942 8.037058 10.69
2.650528 8.049472 10.7
2.648118 8.061882 10.71
2.645714 8.074286 10.72
2.643317 8.086683 10.73
2.640922 8.099078 10.74
2.638534 8.111466 10.75
2.63615 8.123850 10.76
2.633773 8.136227 10.77
2.631402 8.148598 10.78
2.629033 8.160967 10.79
2.626668 8.173332 10.8
2.624312 8.185688 10.81
2.621961 8.198039 10.82
2.619614 8.210386 10.83
2.617271 8.222729 10.84
2.614934 8.235066 10.85
2.612603 8.247397 10.86
2.610275 8.259725 10.87
2.607952 8.272048 10.88
2.605635 8.284365 10.89
2.603323 8.296677 10.9
2.601015 8.308985 10.91
2.598714 8.321286 10.92
2.596416 8.333584 10.93
2.594123 8.345877 10.94
2.591836 8.358164 10.95
2.589551 8.370449 10.96
2.587273 8.382727 10.97
2.585 8.395000 10.98
2.582731 8.407269 10.99
2.580466 8.419534 11.0
2.578206 8.431794 11.01
2.575951 8.444049 11.02
2.573701 8.456299 11.03
2.571456 8.468544 11.04
2.569215 8.480785 11.05
2.566979 8.493021 11.06
2.564748 8.505252 11.07
2.56252 8.517480 11.08
2.560299 8.529701 11.09
2.558081 8.541919 11.1
2.555867 8.554133 11.11
2.553657 8.566343 11.12
2.551453 8.578547 11.13
2.549253 8.590747 11.14
2.547059 8.602941 11.15
2.544868 8.615132 11.16
2.54268 8.627320 11.17
2.540498 8.639502 11.18
2.538321 8.651679 11.19
2.536147 8.663853 11.2
2.533977 8.676023 11.21
2.531811 8.688189 11.22
2.529653 8.700347 11.23
2.527496 8.712504 11.24
2.525345 8.724655 11.25
2.523198 8.736802 11.26
2.521053 8.748947 11.27
2.518914 8.761086 11.28
2.516781 8.773219 11.29
2.51465 8.785350 11.3
2.512523 8.797477 11.31
2.510402 8.809598 11.32
2.508285 8.821715 11.33
2.50617 8.833830 11.34
2.504058 8.845942 11.35
2.501955 8.858045 11.36
2.499854 8.870146 11.37
2.497755 8.882245 11.38
2.495662 8.894338 11.39
2.493574 8.906426 11.4
2.491491 8.918509 11.41
2.489407 8.930593 11.42
2.48733 8.942670 11.43
2.485258 8.954742 11.44
2.483188 8.966812 11.45
2.481125 8.978875 11.46
2.479063 8.990937 11.47
2.477006 9.002994 11.48
2.474953 9.015047 11.49
2.472904 9.027096 11.5
2.470857 9.039143 11.51
2.468816 9.051184 11.52
2.466779 9.063221 11.53
2.464746 9.075254 11.54
2.462715 9.087285 11.55
2.460689 9.099311 11.56
2.45867 9.111330 11.57
2.456651 9.123349 11.58
2.454635 9.135365 11.59
2.452624 9.147376 11.6
2.450617 9.159383 11.61
2.448614 9.171386 11.62
2.446614 9.183386 11.63
2.444618 9.195382 11.64
2.442627 9.207373 11.65
2.440638 9.219362 11.66
2.438654 9.231346 11.67
2.436672 9.243328 11.68
2.434696 9.255304 11.69
2.432721 9.267279 11.7
2.430752 9.279248 11.71
2.428786 9.291214 11.72
2.426823 9.303177 11.73
2.424864 9.315136 11.74
2.422909 9.327091 11.75
2.420955 9.339045 11.76
2.419008 9.350992 11.77
2.417063 9.362937 11.78
2.415121 9.374879 11.79
2.413184 9.386816 11.8
2.411248 9.398752 11.81
2.409319 9.410681 11.82
2.407392 9.422608 11.83
2.405467 9.434533 11.84
2.403548 9.446452 11.85
2.401631 9.458369 11.86
2.399717 9.470283 11.87
2.397807 9.482193 11.88
2.395899 9.494101 11.89
2.393998 9.506002 11.9
2.3921 9.517900 11.91
2.390202 9.529798 11.92
2.388309 9.541691 11.93
2.38642 9.553580 11.94
2.384533 9.565467 11.95
2.382649 9.577351 11.96
2.380769 9.589231 11.97
2.378895 9.601105 11.98
2.377022 9.612978 11.99
2.375154 9.624846 12.0
2.373284 9.636716 12.01
2.371422 9.648578 12.02
2.369564 9.660436 12.03
2.367706 9.672294 12.04
2.365852 9.684148 12.05
2.364002 9.695998 12.06
2.362157 9.707843 12.07
2.360312 9.719688 12.08
2.358472 9.731528 12.09
2.356634 9.743366 12.1
2.3548 9.755200 12.11
2.352968 9.767032 12.12
2.351143 9.778857 12.13
2.349315 9.790685 12.14
2.347495 9.802505 12.15
2.345677 9.814323 12.16
2.343862 9.826138 12.17
2.342048 9.837952 12.18
2.340241 9.849759 12.19
2.338435 9.861565 12.2
2.336633 9.873367 12.21
2.334831 9.885169 12.22
2.333036 9.896964 12.23
2.331243 9.908757 12.24
2.329452 9.920548 12.25
2.327665 9.932335 12.26
2.325881 9.944119 12.27
2.3241 9.955900 12.28
2.322321 9.967679 12.29
2.320547 9.979453 12.3
2.318775 9.991225 12.31
2.317006 10.002994 12.32
2.315242 10.014758 12.33
2.313479 10.026521 12.34
2.31172 10.038280 12.35
2.309964 10.050036 12.36
2.308209 10.061791 12.37
2.306459 10.073541 12.38
2.304712 10.085288 12.39
2.302968 10.097032 12.4
2.301229 10.108771 12.41
2.299489 10.120511 12.42
2.297754 10.132246 12.43
2.296023 10.143977 12.44
2.294295 10.155705 12.45
2.292568 10.167432 12.46
2.290845 10.179155 12.47
2.289127 10.190873 12.48
2.28741 10.202590 12.49
2.285697 10.214303 12.5
2.283986 10.226014 12.51
2.282278 10.237722 12.52
2.280574 10.249426 12.53
2.278873 10.261127 12.54
2.277175 10.272825 12.55
2.275479 10.284521 12.56
2.273787 10.296213 12.57
2.2721 10.307900 12.58
2.270412 10.319588 12.59
2.268728 10.331272 12.6
2.267049 10.342951 12.61
2.265373 10.354627 12.62
2.263698 10.366302 12.63
2.262026 10.377974 12.64
2.260358 10.389642 12.65
2.258692 10.401308 12.66
2.25703 10.412970 12.67
2.255372 10.424628 12.68
2.253715 10.436285 12.69
2.252063 10.447937 12.7
2.250408 10.459592 12.71
2.248761 10.471239 12.72
2.247116 10.482884 12.73
2.245473 10.494527 12.74
2.243833 10.506167 12.75
2.242197 10.517803 12.76
2.240562 10.529438 12.77
2.238934 10.541066 12.78
2.237304 10.552696 12.79
2.235678 10.564322 12.8
2.234054 10.575946 12.81
2.232435 10.587565 12.82
2.230818 10.599182 12.83
2.229203 10.610797 12.84
2.227591 10.622409 12.85
2.225982 10.634018 12.86
2.224376 10.645624 12.87
2.222773 10.657227 12.88
2.221172 10.668828 12.89
2.219574 10.680426 12.9
2.217981 10.692019 12.91
2.216387 10.703613 12.92
2.214797 10.715203 12.93
2.21321 10.726790 12.94
2.211626 10.738374 12.95
2.210043 10.749957 12.96
2.208462 10.761538 12.97
2.206887 10.773113 12.98
2.205313 10.784687 12.99
2.203742 10.796258 13.0
2.202172 10.807828 13.01
2.200606 10.819394 13.02
2.199044 10.830956 13.03
2.197482 10.842518 13.04
2.195924 10.854076 13.05
2.194368 10.865632 13.06
2.192815 10.877185 13.07
2.191264 10.888736 13.08
2.189718 10.900282 13.09
2.18817 10.911830 13.1
2.186629 10.923371 13.11
2.185087 10.934913 13.12
2.18355 10.946450 13.13
2.182015 10.957985 13.14
2.180484 10.969516 13.15
2.178952 10.981048 13.16
2.177426 10.992574 13.17
2.175899 11.004101 13.18
2.174377 11.015623 13.19
2.172857 11.027143 13.2
2.171339 11.038661 13.21
2.169826 11.050174 13.22
2.168313 11.061687 13.23
2.166803 11.073197 13.24
2.165294 11.084706 13.25
2.163789 11.096211 13.26
2.162285 11.107715 13.27
2.160786 11.119214 13.28
2.159287 11.130713 13.29
2.157791 11.142209 13.3
2.156298 11.153702 13.31
2.154809 11.165191 13.32
2.153321 11.176679 13.33
2.151832 11.188168 13.34
2.150349 11.199651 13.35
2.148867 11.211133 13.36
2.14739 11.222610 13.37
2.145914 11.234086 13.38
2.144439 11.245561 13.39
2.142969 11.257031 13.4
2.141499 11.268501 13.41
2.140034 11.279966 13.42
2.138567 11.291433 13.43
2.137105 11.302895 13.44
2.135644 11.314356 13.45
2.134187 11.325813 13.46
2.132731 11.337269 13.47
2.131278 11.348722 13.48
2.12983 11.360170 13.49
2.12838 11.371620 13.5
2.126933 11.383067 13.51
2.12549 11.394510 13.52
2.12405 11.405950 13.53
2.122609 11.417391 13.54
2.121173 11.428827 13.55
2.119736 11.440264 13.56
2.118306 11.451694 13.57
2.116876 11.463124 13.58
2.115447 11.474553 13.59
2.114021 11.485979 13.6
2.112598 11.497402 13.61
2.111177 11.508823 13.62
2.109757 11.520243 13.63
2.108341 11.531659 13.64
2.106925 11.543075 13.65
2.105514 11.554486 13.66
2.104102 11.565898 13.67
2.102695 11.577305 13.68
2.101289 11.588711 13.69
2.099885 11.600115 13.7
2.098484 11.611516 13.71
2.097084 11.622916 13.72
2.095687 11.634313 13.73
2.094293 11.645707 13.74
2.092899 11.657101 13.75
2.091509 11.668491 13.76
2.09012 11.679880 13.77
2.088735 11.691265 13.78
2.087349 11.702651 13.79
2.085967 11.714033 13.8
2.084588 11.725412 13.81
2.083209 11.736791 13.82
2.081834 11.748166 13.83
2.080458 11.759542 13.84
2.079089 11.770911 13.85
2.077718 11.782282 13.86
2.076351 11.793649 13.87
2.074984 11.805016 13.88
2.07362 11.816380 13.89
2.072261 11.827739 13.9
2.0709 11.839100 13.91
2.069546 11.850454 13.92
2.068189 11.861811 13.93
2.066837 11.873163 13.94
2.065486 11.884514 13.95
2.064135 11.895865 13.96
2.062789 11.907211 13.97
2.061443 11.918557 13.98
2.060102 11.929898 13.99
2.058761 11.941239 14.0
2.057422 11.952578 14.01
2.056085 11.963915 14.02
2.054752 11.975248 14.03
2.053416 11.986584 14.04
2.052085 11.997915 14.05
2.050757 12.009243 14.06
2.04943 12.020570 14.07
2.048108 12.031892 14.08
2.046782 12.043218 14.09
2.045461 12.054539 14.1
2.04414 12.065860 14.11
2.042828 12.077172 14.12
2.041511 12.088489 14.13
2.040198 12.099802 14.14
2.038887 12.111113 14.15
2.037579 12.122421 14.16
2.036269 12.133731 14.17
2.034965 12.145035 14.18
2.033663 12.156337 14.19
2.03236 12.167640 14.2
2.03106 12.178940 14.21
2.029763 12.190237 14.22
2.028467 12.201533 14.23
2.027173 12.212827 14.24
2.025881 12.224119 14.25
2.024591 12.235409 14.26
2.023302 12.246698 14.27
2.022014 12.257986 14.28
2.020732 12.269268 14.29
2.019449 12.280551 14.3
2.018168 12.291832 14.31
2.01689 12.303110 14.32
2.015612 12.314388 14.33
2.014337 12.325663 14.34
2.013064 12.336936 14.35
2.011792 12.348208 14.36
2.010522 12.359478 14.37
2.009254 12.370746 14.38
2.007989 12.382011 14.39
2.006726 12.393274 14.4
2.005461 12.404539 14.41
2.004202 12.415798 14.42
2.002943 12.427057 14.43
2.001688 12.438312 14.44
2.000429 12.449571 14.45
1.999178 12.460822 14.46
1.997925 12.472075 14.47
1.996677 12.483323 14.48
1.995429 12.494571 14.49
1.994183 12.505817 14.5
1.992939 12.517061 14.51
1.991694 12.528306 14.52
1.990455 12.539545 14.53
1.989215 12.550785 14.54
1.987977 12.562023 14.55
1.986742 12.573258 14.56
1.985509 12.584491 14.57
1.984278 12.595722 14.58
1.983044 12.606956 14.59
1.981815 12.618185 14.6
1.980591 12.629409 14.61
1.979365 12.640635 14.62
1.978142 12.651858 14.63
1.976921 12.663079 14.64
1.975702 12.674298 14.65
1.97448 12.685520 14.66
1.973267 12.696733 14.67
1.972052 12.707948 14.68
1.970839 12.719161 14.69
1.969627 12.730373 14.7
1.968417 12.741583 14.71
1.967208 12.752792 14.72
1.966003 12.763997 14.73
1.964798 12.775202 14.74
1.963593 12.786407 14.75
1.962394 12.797606 14.76
1.961195 12.808805 14.77
1.959996 12.820004 14.78
1.958799 12.831201 14.79
1.957605 12.842395 14.8
1.956413 12.853587 14.81
1.955221 12.864779 14.82
1.954032 12.875968 14.83
1.952844 12.887156 14.84
1.951656 12.898344 14.85
1.950473 12.909527 14.86
1.949289 12.920711 14.87
1.948109 12.931891 14.88
1.946928 12.943072 14.89
1.94575 12.954250 14.9
1.944574 12.965426 14.91
1.943397 12.976603 14.92
1.942225 12.987775 14.93
1.941054 12.998946 14.94
1.939882 13.010118 14.95
1.938713 13.021287 14.96
1.937546 13.032454 14.97
1.936383 13.043617 14.98
1.93522 13.054780 14.99
1.934055 13.065945 15.0
1.932895 13.077105 15.01
1.931736 13.088264 15.02
1.930579 13.099421 15.03
1.929422 13.110578 15.04
1.928269 13.121731 15.05
1.927118 13.132882 15.06
1.925967 13.144033 15.07
1.924815 13.155185 15.08
1.923668 13.166332 15.09
1.922519 13.177481 15.1
1.921376 13.188624 15.11
1.920233 13.199767 15.12
1.919092 13.210908 15.13
1.917949 13.222051 15.14
1.916811 13.233189 15.15
1.915675 13.244325 15.16
1.914538 13.255462 15.17
1.913403 13.266597 15.18
1.912273 13.277727 15.19
1.911141 13.288859 15.2
1.91001 13.299990 15.21
1.908883 13.311117 15.22
1.907757 13.322243 15.23
1.906631 13.333369 15.24
1.905506 13.344494 15.25
1.904384 13.355616 15.26
1.903264 13.366736 15.27
1.902145 13.377855 15.28
1.901027 13.388973 15.29
1.899912 13.400088 15.3
1.898797 13.411203 15.31
1.897684 13.422316 15.32
1.896571 13.433429 15.33
1.895462 13.444538 15.34
1.894353 13.455647 15.35
1.893246 13.466754 15.36
1.89214 13.477860 15.37
1.891034 13.488966 15.38
1.889931 13.500069 15.39
1.888831 13.511169 15.4
1.88773 13.522270 15.41
1.886631 13.533369 15.42
1.885533 13.544467 15.43
1.884437 13.555563 15.44
1.883346 13.566654 15.45
1.882251 13.577749 15.46
1.88116 13.588840 15.47
1.880071 13.599929 15.48
1.878982 13.611018 15.49
1.877895 13.622105 15.5
1.876808 13.633192 15.51
1.875724 13.644276 15.52
1.874643 13.655357 15.53
1.873561 13.666439 15.54
1.87248 13.677520 15.55
1.871401 13.688599 15.56
1.870324 13.699676 15.57
1.869248 13.710752 15.58
1.868174 13.721826 15.59
1.8671 13.732900 15.6
1.866029 13.743971 15.61
1.864958 13.755042 15.62
1.86389 13.766110 15.63
1.862822 13.777178 15.64
1.861756 13.788244 15.65
1.860693 13.799307 15.66
1.859629 13.810371 15.67
1.858566 13.821434 15.68
1.857505 13.832495 15.69
1.856446 13.843554 15.7
1.855386 13.854614 15.71
1.854332 13.865668 15.72
1.853278 13.876722 15.73
1.852225 13.887775 15.74
1.85117 13.898830 15.75
1.850119 13.909881 15.76
1.849066 13.920934 15.77
1.84802 13.931980 15.78
1.846973 13.943027 15.79
1.845926 13.954074 15.8
1.844883 13.965117 15.81
1.84384 13.976160 15.82
1.842797 13.987203 15.83
1.841758 13.998242 15.84
1.840718 14.009282 15.85
1.83968 14.020320 15.86
1.838642 14.031358 15.87
1.837609 14.042391 15.88
1.836574 14.053426 15.89
1.835543 14.064457 15.9
1.834511 14.075489 15.91
1.833482 14.086518 15.92
1.832452 14.097548 15.93
1.831425 14.108575 15.94
1.830397 14.119603 15.95
1.829372 14.130628 15.96
1.82835 14.141650 15.97
1.827328 14.152672 15.98
1.826307 14.163693 15.99
1.825287 14.174713 16.0
1.82427 14.185730 16.01
1.823251 14.196749 16.02
1.822237 14.207763 16.03
1.821221 14.218779 16.04
1.82021 14.229790 16.05
1.819198 14.240802 16.06
1.818188 14.251812 16.07
1.817178 14.262822 16.08
1.816171 14.273829 16.09
1.815163 14.284837 16.1
1.814156 14.295844 16.11
1.813151 14.306849 16.12
1.812149 14.317851 16.13
1.811149 14.328851 16.14
1.810147 14.339853 16.15
1.809146 14.350854 16.16
1.808148 14.361852 16.17
1.807151 14.372849 16.18
1.806156 14.383844 16.19
1.805161 14.394839 16.2
1.804172 14.405828 16.21
1.803177 14.416823 16.22
1.802187 14.427813 16.23
1.801196 14.438804 16.24
1.800208 14.449792 16.25
1.799221 14.460779 16.26
1.798235 14.471765 16.27
1.79725 14.482750 16.28
1.796267 14.493733 16.29
1.795286 14.504714 16.3
1.794306 14.515694 16.31
1.793324 14.526676 16.32
1.792346 14.537654 16.33
1.791369 14.548631 16.34
1.790392 14.559608 16.35
1.789417 14.570583 16.36
1.788444 14.581556 16.37
1.787471 14.592529 16.38
1.786502 14.603498 16.39
1.78553 14.614470 16.4
1.784562 14.625438 16.41
1.78359 14.636410 16.42
1.782627 14.647373 16.43
1.78166 14.658340 16.44
1.780696 14.669304 16.45
1.779735 14.680265 16.46
1.778772 14.691228 16.47
1.777812 14.702188 16.48
1.776851 14.713149 16.49
1.775892 14.724108 16.5
1.774935 14.735065 16.51
1.773978 14.746022 16.52
1.77302 14.756980 16.53
1.772069 14.767931 16.54
1.771119 14.778881 16.55
1.770167 14.789833 16.56
1.769213 14.800787 16.57
1.768267 14.811733 16.58
1.76732 14.822680 16.59
1.766372 14.833628 16.6
1.765425 14.844575 16.61
1.764481 14.855519 16.62
1.763539 14.866461 16.63
1.762594 14.877406 16.64
1.761652 14.888348 16.65
1.760712 14.899288 16.66
1.759773 14.910227 16.67
1.758836 14.921164 16.68
1.757899 14.932101 16.69
1.756962 14.943038 16.7
1.756031 14.953969 16.71
1.755096 14.964904 16.72
1.754164 14.975836 16.73
1.753232 14.986768 16.74
1.752303 14.997697 16.75
1.751372 15.008628 16.76
1.750444 15.019556 16.77
1.749518 15.030482 16.78
1.748591 15.041409 16.79
1.747668 15.052332 16.8
1.746746 15.063254 16.81
1.745824 15.074176 16.82
1.744902 15.085098 16.83
1.743979 15.096021 16.84
1.743061 15.106939 16.85
1.742143 15.117857 16.86
1.741226 15.128774 16.87
1.740312 15.139688 16.88
1.739396 15.150604 16.89
1.738481 15.161519 16.9
1.737571 15.172429 16.91
1.736656 15.183344 16.92
1.735747 15.194253 16.93
1.734839 15.205161 16.94
1.733931 15.216069 16.95
1.733025 15.226975 16.96
1.732116 15.237884 16.97
1.731213 15.248787 16.98
1.730307 15.259693 16.99
1.729403 15.270597 17.0
1.728501 15.281499 17.01
1.727601 15.292399 17.02
1.726702 15.303298 17.03
1.7258 15.314200 17.04
1.724907 15.325093 17.05
1.72401 15.335990 17.06
1.723113 15.346887 17.07
1.722219 15.357781 17.08
1.721323 15.368677 17.09
1.72043 15.379570 17.1
1.719539 15.390461 17.11
1.718648 15.401352 17.12
1.717762 15.412238 17.13
1.716872 15.423128 17.14
1.715984 15.434016 17.15
1.715097 15.444903 17.16
1.714211 15.455789 17.17
1.713327 15.466673 17.18
1.712445 15.477555 17.19
1.71156 15.488440 17.2
1.710681 15.499319 17.21
1.709801 15.510199 17.22
1.708921 15.521079 17.23
1.708042 15.531958 17.24
1.707166 15.542834 17.25
1.70629 15.553710 17.26
1.705414 15.564586 17.27
1.704538 15.575462 17.28
1.703666 15.586334 17.29
1.702796 15.597204 17.3
1.701922 15.608078 17.31
1.701052 15.618948 17.32
1.700181 15.629819 17.33
1.699314 15.640686 17.34
1.698446 15.651554 17.35
1.697581 15.662419 17.36
1.696714 15.673286 17.37
1.69585 15.684150 17.38
1.694989 15.695011 17.39
1.694125 15.705875 17.4
1.693263 15.716737 17.41
1.692404 15.727596 17.42
1.691543 15.738457 17.43
1.690682 15.749318 17.44
1.689826 15.760174 17.45
1.688971 15.771029 17.46
1.688114 15.781886 17.47
1.687261 15.792739 17.48
1.686405 15.803595 17.49
1.685555 15.814445 17.5
1.684701 15.825299 17.51
1.68385 15.836150 17.52
1.683 15.847000 17.53
1.682152 15.857848 17.54
1.681304 15.868696 17.55
1.680457 15.879543 17.56
1.679612 15.890388 17.57
1.678767 15.901233 17.58
1.677922 15.912078 17.59
1.677077 15.922923 17.6
1.676234 15.933766 17.61
1.675392 15.944608 17.62
1.674554 15.955446 17.63
1.673715 15.966285 17.64
1.672874 15.977126 17.65
1.672038 15.987962 17.66
1.671201 15.998799 17.67
1.670364 16.009636 17.68
1.66953 16.020470 17.69
1.668695 16.031305 17.7
1.667863 16.042137 17.71
1.667031 16.052969 17.72
1.666199 16.063801 17.73
1.665369 16.074631 17.74
1.664541 16.085459 17.75
1.663711 16.096289 17.76
1.662883 16.107117 17.77
1.662055 16.117945 17.78
1.661229 16.128771 17.79
1.660407 16.139593 17.8
1.659581 16.150419 17.81
1.658757 16.161243 17.82
1.657936 16.172064 17.83
1.657114 16.182886 17.84
1.656293 16.193707 17.85
1.655475 16.204525 17.86
1.654655 16.215345 17.87
1.65384 16.226160 17.88
1.65302 16.236980 17.89
1.652205 16.247795 17.9
1.651392 16.258608 17.91
1.650577 16.269423 17.92
1.649763 16.280237 17.93
1.64895 16.291050 17.94
1.648139 16.301861 17.95
1.64733 16.312670 17.96
1.646521 16.323479 17.97
1.64571 16.334290 17.98
1.644902 16.345098 17.99
1.644094 16.355906 18.0
1.643287 16.366713 18.01
1.642482 16.377518 18.02
1.641679 16.388321 18.03
1.640874 16.399126 18.04
1.640071 16.409929 18.05
1.639271 16.420729 18.06
1.63847 16.431530 18.07
1.637669 16.442331 18.08
1.636869 16.453131 18.09
1.63607 16.463930 18.1
1.635272 16.474728 18.11
1.634477 16.485523 18.12
1.633683 16.496317 18.13
1.632887 16.507113 18.14
1.632092 16.517908 18.15
1.631298 16.528702 18.16
1.630505 16.539495 18.17
1.629711 16.550289 18.18
1.628921 16.561079 18.19
1.628131 16.571869 18.2
1.627343 16.582657 18.21
1.626555 16.593445 18.22
1.625769 16.604231 18.23
1.624981 16.615019 18.24
1.624195 16.625805 18.25
1.623409 16.636591 18.26
1.622625 16.647375 18.27
1.621841 16.658159 18.28
1.621059 16.668941 18.29
1.620278 16.679722 18.3
1.619496 16.690504 18.31
1.618719 16.701281 18.32
1.617939 16.712061 18.33
1.617159 16.722841 18.34
1.61638 16.733620 18.35
1.615606 16.744394 18.36
1.614829 16.755171 18.37
1.614055 16.765945 18.38
1.61328 16.776720 18.39
1.612505 16.787495 18.4
1.611731 16.798269 18.41
1.610962 16.809038 18.42
1.610189 16.819811 18.43
1.60942 16.830580 18.44
1.608651 16.841349 18.45
1.607882 16.852118 18.46
1.607115 16.862885 18.47
1.606348 16.873652 18.48
1.60558 16.884420 18.49
1.604815 16.895185 18.5
1.604053 16.905947 18.51
1.603286 16.916714 18.52
1.602525 16.927475 18.53
1.60176 16.938240 18.54
1.601003 16.948997 18.55
1.600239 16.959761 18.56
1.599482 16.970518 18.57
1.598719 16.981281 18.58
1.597961 16.992039 18.59
1.597206 17.002794 18.6
1.596446 17.013554 18.61
1.595691 17.024309 18.62
1.594939 17.035061 18.63
1.594182 17.045818 18.64
1.593426 17.056574 18.65
1.592674 17.067326 18.66
1.591921 17.078079 18.67
1.591173 17.088827 18.68
1.590421 17.099579 18.69
1.589671 17.110329 18.7
1.588923 17.121077 18.71
1.588176 17.131824 18.72
1.587428 17.142572 18.73
1.586682 17.153318 18.74
1.585934 17.164066 18.75
1.58519 17.174810 18.76
1.584444 17.185556 18.77
1.583699 17.196301 18.78
1.582955 17.207045 18.79
1.582217 17.217783 18.8
1.581475 17.228525 18.81
1.580733 17.239267 18.82
1.579996 17.250004 18.83
1.579256 17.260744 18.84
1.578516 17.271484 18.85
1.577781 17.282219 18.86
1.577043 17.292957 18.87
1.576308 17.303692 18.88
1.57557 17.314430 18.89
1.574837 17.325163 18.9
1.574103 17.335897 18.91
1.57337 17.346630 18.92
1.572639 17.357361 18.93
1.571907 17.368093 18.94
1.571174 17.378826 18.95
1.570447 17.389553 18.96
1.569718 17.400282 18.97
1.568989 17.411011 18.98
1.56826 17.421740 18.99
1.567532 17.432468 19.0
1.566807 17.443193 19.01
1.56608 17.453920 19.02
1.565355 17.464645 19.03
1.56463 17.475370 19.04
1.563908 17.486092 19.05
1.563185 17.496815 19.06
1.562464 17.507536 19.07
1.561741 17.518259 19.08
1.561022 17.528978 19.09
1.560302 17.539698 19.1
1.559581 17.550419 19.11
1.558862 17.561138 19.12
1.558148 17.571852 19.13
1.557431 17.582569 19.14
1.556713 17.593287 19.15
1.555998 17.604002 19.16
1.555283 17.614717 19.17
1.554569 17.625431 19.18
1.553855 17.636145 19.19
1.553144 17.646856 19.2
1.552434 17.657566 19.21
1.551722 17.668278 19.22
1.551009 17.678991 19.23
1.550299 17.689701 19.24
1.549591 17.700409 19.25
1.548881 17.711119 19.26
1.548173 17.721827 19.27
1.547467 17.732533 19.28
1.54676 17.743240 19.29
1.546058 17.753942 19.3
1.545352 17.764648 19.31
1.544646 17.775354 19.32
1.543943 17.786057 19.33
1.543241 17.796759 19.34
1.542539 17.807461 19.35
1.541839 17.818161 19.36
1.541137 17.828863 19.37
1.540439 17.839561 19.38
1.539738 17.850262 19.39
1.539038 17.860962 19.4
1.538344 17.871656 19.41
1.537643 17.882357 19.42
1.536949 17.893051 19.43
1.536252 17.903748 19.44
1.535554 17.914446 19.45
1.534863 17.925137 19.46
1.534169 17.935831 19.47
1.533476 17.946524 19.48
1.532782 17.957218 19.49
1.532091 17.967909 19.5
1.5314 17.978600 19.51
1.530708 17.989292 19.52
1.530021 17.999979 19.53
1.52933 18.010670 19.54
1.528645 18.021355 19.55
1.527957 18.032043 19.56
1.527268 18.042732 19.57
1.526585 18.053415 19.58
1.525898 18.064102 19.59
1.525213 18.074787 19.6
1.524526 18.085474 19.61
1.523843 18.096157 19.62
1.523162 18.106838 19.63
1.522481 18.117519 19.64
1.521799 18.128201 19.65
1.521115 18.138885 19.66
1.520433 18.149567 19.67
1.519756 18.160244 19.68
1.519077 18.170923 19.69
1.518399 18.181601 19.7
1.517724 18.192276 19.71
1.517047 18.202953 19.72
1.516369 18.213631 19.73
1.515694 18.224306 19.74
1.515018 18.234982 19.75
1.514345 18.245655 19.76
1.51367 18.256330 19.77
1.512996 18.267004 19.78
1.512324 18.277676 19.79
1.511655 18.288345 19.8
1.510983 18.299017 19.81
1.510313 18.309687 19.82
1.509644 18.320356 19.83
1.508972 18.331028 19.84
1.508306 18.341694 19.85
1.507636 18.352364 19.86
1.506971 18.363029 19.87
1.506303 18.373697 19.88
1.505639 18.384361 19.89
1.504975 18.395025 19.9
1.504309 18.405691 19.91
1.503643 18.416357 19.92
1.502981 18.427019 19.93
1.502319 18.437681 19.94
1.501655 18.448345 19.95
1.500997 18.459003 19.96
1.500333 18.469667 19.97
1.499674 18.480326 19.98
1.499016 18.490984 19.99
1.498356 18.501644 20.0
