# 104.8 deg
6.182886 0.037114 6.22
6.08427 0.145730 6.23
6.005434 0.234566 6.24
5.941454 0.308546 6.25
5.886122 0.373878 6.26
5.836565 0.433435 6.27
5.791229 0.488771 6.28
5.74917 0.540830 6.29
5.709767 0.590233 6.3
5.672581 0.637419 6.31
5.63728 0.682720 6.32
5.603626 0.726374 6.33
5.57141 0.768590 6.34
5.540484 0.809516 6.35
5.510706 0.849294 6.36
5.481979 0.888021 6.37
5.454198 0.925802 6.38
5.42729 0.962710 6.39
5.401188 0.998812 6.4
5.375826 1.034174 6.41
5.351159 1.068841 6.42
5.327137 1.102863 6.43
5.303719 1.136281 6.44
5.280868 1.169132 6.45
5.258548 1.201452 6.46
5.236734 1.233266 6.47
5.215394 1.264606 6.48
5.194506 1.295494 6.49
5.174043 1.325957 6.5
5.153988 1.356012 6.51
5.134323 1.385677 6.52
5.115026 1.414974 6.53
5.096082 1.443918 6.54
5.077478 1.472522 6.55
5.059197 1.500803 6.56
5.041226 1.528774 6.57
5.023556 1.556444 6.58
5.006171 1.583829 6.59
4.989063 1.610937 6.6
4.972218 1.637782 6.61
4.955634 1.664366 6.62
4.939294 1.690706 6.63
4.923195 1.716805 6.64
4.907324 1.742676 6.65
4.89168 1.768320 6.66
4.87625 1.793750 6.67
4.861031 1.818969 6.68
4.846012 1.843988 6.69
4.831194 1.868806 6.7
4.816564 1.893436 6.71
4.802121 1.917879 6.72
4.787857 1.942143 6.73
4.77377 1.966230 6.74
4.759852 1.990148 6.75
4.746099 2.013901 6.76
4.732508 2.037492 6.77
4.719075 2.060925 6.78
4.705796 2.084204 6.79
4.692664 2.107336 6.8
4.67968 2.130320 6.81
4.666836 2.153164 6.82
4.654131 2.175869 6.83
4.641562 2.198438 6.84
4.629125 2.220875 6.85
4.616816 2.243184 6.86
4.604635 2.265365 6.87
4.592577 2.287423 6.88
4.580639 2.309361 6.89
4.56882 2.331180 6.9
4.557115 2.352885 6.91
4.545526 2.374474 6.92
4.534046 2.395954 6.93
4.522675 2.417325 6.94
4.511409 2.438591 6.95
4.500247 2.459753 6.96
4.489189 2.480811 6.97
4.47823 2.501770 6.98
4.46737 2.522630 6.99
4.456604 2.543396 7.0
4.445934 2.564066 7.01
4.435357 2.584643 7.02
4.424871 2.605129 7.03
4.414474 2.625526 7.04
4.404164 2.645836 7.05
4.393942 2.666058 7.06
4.383803 2.686197 7.07
4.373748 2.706252 7.08
4.363774 2.726226 7.09
4.353882 2.746118 7.1
4.344067 2.765933 7.11
4.334331 2.785669 7.12
4.324671 2.805329 7.13
4.315086 2.824914 7.14
4.305575 2.844425 7.15
4.296137 2.863863 7.16
4.28677 2.883230 7.17
4.277474 2.902526 7.18
4.268247 2.921753 7.19
4.259089 2.940911 7.2
4.249997 2.960003 7.21
4.240974 2.979026 7.22
4.232014 2.997986 7.23
4.223117 3.016883 7.24
4.214285 3.035715 7.25
4.205516 3.054484 7.26
4.196807 3.073193 7.27
4.188158 3.091842 7.28
4.179572 3.110428 7.29
4.171041 3.128959 7.3
4.16257 3.147430 7.31
4.154157 3.165843 7.32
4.1458 3.184200 7.33
4.137498 3.202502 7.34
4.129253 3.220747 7.35
4.121059 3.238941 7.36
4.11292 3.257080 7.37
4.104835 3.275165 7.38
4.096801 3.293199 7.39
4.088817 3.311183 7.4
4.080887 3.329113 7.41
4.073004 3.346996 7.42
4.065174 3.364826 7.43
4.05739 3.382610 7.44
4.049654 3.400346 7.45
4.041965 3.418035 7.46
4.034326 3.435674 7.47
4.026732 3.453268 7.48
4.019184 3.470816 7.49
4.011679 3.488321 7.5
4.00422 3.505780 7.51
3.996808 3.523192 7.52
3.989439 3.540561 7.53
3.982111 3.557889 7.54
3.974829 3.575171 7.55
3.967585 3.592415 7.56
3.960385 3.609615 7.57
3.953227 3.626773 7.58
3.946108 3.643892 7.59
3.939031 3.660969 7.6
3.931993 3.678007 7.61
3.924995 3.695005 7.62
3.918036 3.711964 7.63
3.911115 3.728885 7.64
3.904233 3.745767 7.65
3.897389 3.762611 7.66
3.890581 3.779419 7.67
3.88381 3.796190 7.68
3.877076 3.812924 7.69
3.870378 3.829622 7.7
3.863717 3.846283 7.71
3.857089 3.862911 7.72
3.850499 3.879501 7.73
3.843942 3.896058 7.74
3.837419 3.912581 7.75
3.83093 3.929070 7.76
3.824475 3.945525 7.77
3.818054 3.961946 7.78
3.811665 3.978335 7.79
3.805308 3.994692 7.8
3.798985 4.011015 7.81
3.792692 4.027308 7.82
3.786433 4.043567 7.83
3.780203 4.059797 7.84
3.774006 4.075994 7.85
3.767839 4.092161 7.86
3.761702 4.108298 7.87
3.755596 4.124404 7.88
3.749519 4.140481 7.89
3.743473 4.156527 7.9
3.737455 4.172545 7.91
3.731466 4.188534 7.92
3.725506 4.204494 7.93
3.719574 4.220426 7.94
3.713674 4.236326 7.95
3.707797 4.252203 7.96
3.70195 4.268050 7.97
3.69613 4.283870 7.98
3.690337 4.299663 7.99
3.684572 4.315428 8.0
3.678833 4.331167 8.01
3.67312 4.346880 8.02
3.667434 4.362566 8.03
3.661775 4.378225 8.04
3.656139 4.393861 8.05
3.65053 4.409470 8.06
3.644948 4.425052 8.07
3.63939 4.440610 8.08
3.633857 4.456143 8.09
3.628348 4.471652 8.1
3.622866 4.487134 8.11
3.617405 4.502595 8.12
3.611969 4.518031 8.13
3.606558 4.533442 8.14
3.60117 4.548830 8.15
3.595806 4.564194 8.16
3.590464 4.579536 8.17
3.585146 4.594854 8.18
3.579853 4.610147 8.19
3.57458 4.625420 8.2
3.569331 4.640669 8.21
3.564101 4.655899 8.22
3.558899 4.671101 8.23
3.553715 4.686285 8.24
3.548553 4.701447 8.25
3.543413 4.716587 8.26
3.538295 4.731705 8.27
3.533199 4.746801 8.28
3.528124 4.761876 8.29
3.523069 4.776931 8.3
3.518035 4.791965 8.31
3.513021 4.806979 8.32
3.50803 4.821970 8.33
3.503056 4.836944 8.34
3.498105 4.851895 8.35
3.493175 4.866825 8.36
3.488262 4.881738 8.37
3.483369 4.896631 8.38
3.478497 4.911503 8.39
3.473643 4.926357 8.4
3.46881 4.941190 8.41
3.463995 4.956005 8.42
3.459198 4.970802 8.43
3.454422 4.985578 8.44
3.449664 5.000336 8.45
3.444925 5.015075 8.46
3.440203 5.029797 8.47
3.435502 5.044498 8.48
3.430818 5.059182 8.49
3.426151 5.073849 8.5
3.421502 5.088498 8.51
3.41687 5.103130 8.52
3.412258 5.117742 8.53
3.407663 5.132337 8.54
3.403085 5.146915 8.55
3.398524 5.161476 8.56
3.39398 5.176020 8.57
3.389455 5.190545 8.58
3.384945 5.205055 8.59
3.380452 5.219548 8.6
3.375978 5.234022 8.61
3.371519 5.248481 8.62
3.367075 5.262925 8.63
3.362649 5.277351 8.64
3.35824 5.291760 8.65
3.353844 5.306156 8.66
3.349467 5.320533 8.67
3.345104 5.334896 8.68
3.340761 5.349239 8.69
3.336428 5.363572 8.7
3.332115 5.377885 8.71
3.327815 5.392185 8.72
3.323532 5.406468 8.73
3.319262 5.420738 8.74
3.31501 5.434990 8.75
3.31077 5.449230 8.76
3.306549 5.463451 8.77
3.302341 5.477659 8.78
3.298148 5.491852 8.79
3.293969 5.506031 8.8
3.289805 5.520195 8.81
3.285655 5.534345 8.82
3.281519 5.548481 8.83
3.277398 5.562602 8.84
3.273294 5.576706 8.85
3.269202 5.590798 8.86
3.265124 5.604876 8.87
3.261059 5.618941 8.88
3.257009 5.632991 8.89
3.252973 5.647027 8.9
3.248951 5.661049 8.91
3.244941 5.675059 8.92
3.240945 5.689055 8.93
3.236964 5.703036 8.94
3.232997 5.717003 8.95
3.22904 5.730960 8.96
3.225098 5.744902 8.97
3.221171 5.758829 8.98
3.217253 5.772747 8.99
3.21335 5.786650 9.0
3.209462 5.800538 9.01
3.205583 5.814417 9.02
3.20172 5.828280 9.03
3.197868 5.842132 9.04
3.19403 5.855970 9.05
3.190203 5.869797 9.06
3.18639 5.883610 9.07
3.182589 5.897411 9.08
3.178799 5.911201 9.09
3.175023 5.924977 9.1
3.171259 5.938741 9.11
3.167505 5.952495 9.12
3.163764 5.966236 9.13
3.160036 5.979964 9.14
3.156321 5.993679 9.15
3.152614 6.007386 9.16
3.148921 6.021079 9.17
3.145239 6.034761 9.18
3.141571 6.048429 9.19
3.137912 6.062088 9.2
3.134266 6.075734 9.21
3.13063 6.089370 9.22
3.127007 6.102993 9.23
3.123393 6.116607 9.24
3.119792 6.130208 9.25
3.116202 6.143798 9.26
3.112623 6.157377 9.27
3.109055 6.170945 9.28
3.105498 6.184502 9.29
3.101951 6.198049 9.3
3.098415 6.211585 9.31
3.094893 6.225107 9.32
3.091379 6.238621 9.33
3.087875 6.252125 9.34
3.084383 6.265617 9.35
3.080903 6.279097 9.36
3.077429 6.292571 9.37
3.073969 6.306031 9.38
3.070519 6.319481 9.39
3.067079 6.332921 9.4
3.063649 6.346351 9.41
3.06023 6.359770 9.42
3.056819 6.373181 9.43
3.053421 6.386579 9.44
3.050032 6.399968 9.45
3.046651 6.413349 9.46
3.043282 6.426718 9.47
3.039924 6.440076 9.48
3.036576 6.453424 9.49
3.033236 6.466764 9.5
3.029904 6.480096 9.51
3.026585 6.493415 9.52
3.023276 6.506724 9.53
3.019974 6.520026 9.54
3.016682 6.533318 9.55
3.013401 6.546599 9.56
3.010129 6.559871 9.57
3.006867 6.573133 9.58
3.003612 6.586388 9.59
3.000367 6.599633 9.6
2.997135 6.612865 9.61
2.993908 6.626092 9.62
2.990692 6.639308 9.63
2.987483 6.652517 9.64
2.984286 6.665714 9.65
2.981096 6.678904 9.66
2.977916 6.692084 9.67
2.974744 6.705256 9.68
2.971582 6.718418 9.69
2.968431 6.731569 9.7
2.965286 6.744714 9.71
2.962148 6.757852 9.72
2.959023 6.770977 9.73
2.955903 6.784097 9.74
2.952795 6.797205 9.75
2.949693 6.810307 9.76
2.9466 6.823400 9.77
2.943517 6.836483 9.78
2.940441 6.849559 9.79
2.937373 6.862627 9.8
2.934314 6.875686 9.81
2.931264 6.888736 9.82
2.928223 6.901777 9.83
2.925188 6.914812 9.84
2.922163 6.927837 9.85
2.919146 6.940854 9.86
2.916136 6.953864 9.87
2.913134 6.966866 9.88
2.910142 6.979858 9.89
2.907157 6.992843 9.9
2.904179 7.005821 9.91
2.90121 7.018790 9.92
2.898248 7.031752 9.93
2.895294 7.044706 9.94
2.892349 7.057651 9.95
2.88941 7.070590 9.96
2.88648 7.083520 9.97
2.883557 7.096443 9.98
2.880642 7.109358 9.99
2.877733 7.122267 10.0
2.874833 7.135167 10.01
2.87194 7.148060 10.02
2.869055 7.160945 10.03
2.866177 7.173823 10.04
2.863305 7.186695 10.05
2.860444 7.199556 10.06
2.857588 7.212412 10.07
2.854739 7.225261 10.08
2.851898 7.238102 10.09
2.849063 7.250937 10.1
2.846237 7.263763 10.11
2.843416 7.276584 10.12
2.840601 7.289399 10.13
2.837798 7.302202 10.14
2.834999 7.315001 10.15
2.832206 7.327794 10.16
2.82942 7.340580 10.17
2.826643 7.353357 10.18
2.823872 7.366128 10.19
2.821108 7.378892 10.2
2.818348 7.391652 10.21
2.815597 7.404403 10.22
2.812853 7.417147 10.23
2.810115 7.429885 10.24
2.807384 7.442616 10.25
2.804657 7.455343 10.26
2.80194 7.468060 10.27
2.799228 7.480772 10.28
2.796522 7.493478 10.29
2.793823 7.506177 10.3
2.79113 7.518870 10.31
2.788445 7.531555 10.32
2.785766 7.544234 10.33
2.783091 7.556909 10.34
2.780424 7.569576 10.35
2.777763 7.582237 10.36
2.775109 7.594891 10.37
2.77246 7.607540 10.38
2.769818 7.620182 10.39
2.767185 7.632815 10.4
2.764555 7.645445 10.41
2.761928 7.658072 10.42
2.759312 7.670688 10.43
2.756703 7.683297 10.44
2.754098 7.695902 10.45
2.751498 7.708502 10.46
2.748905 7.721095 10.47
2.746318 7.733682 10.48
2.743737 7.746263 10.49
2.741162 7.758838 10.5
2.738592 7.771408 10.51
2.736029 7.783971 10.52
2.733472 7.796528 10.53
2.73092 7.809080 10.54
2.728374 7.821626 10.55
2.725834 7.834166 10.56
2.723301 7.846699 10.57
2.720772 7.859228 10.58
2.718249 7.871751 10.59
2.715732 7.884268 10.6
2.713221 7.896779 10.61
2.710714 7.909286 10.62
2.708215 7.921785 10.63
2.70572 7.934280 10.64
2.703232 7.946768 10.65
2.700748 7.959252 10.66
2.698271 7.971729 10.67
2.695798 7.984202 10.68
2.693331 7.996669 10.69
2.690871 8.009129 10.7
2.688414 8.021586 10.71
2.685963 8.034037 10.72
2.68352 8.046480 10.73
2.681079 8.058921 10.74
2.678644 8.071356 10.75
2.676215 8.083785 10.76
2.673791 8.096209 10.77
2.671375 8.108625 10.78
2.66896 8.121040 10.79
2.666549 8.133451 10.8
2.664149 8.145851 10.81
2.661752 8.158248 10.82
2.65936 8.170640 10.83
2.656973 8.183027 10.84
2.65459 8.195410 10.85
2.652214 8.207786 10.86
2.649842 8.220158 10.87
2.647476 8.232524 10.88
2.645115 8.244885 10.89
2.642759 8.257241 10.9
2.640406 8.269594 10.91
2.63806 8.281940 10.92
2.635719 8.294281 10.93
2.633382 8.306618 10.94
2.63105 8.318950 10.95
2.628724 8.331276 10.96
2.626402 8.343598 10.97
2.624087 8.355913 10.98
2.621773 8.368227 10.99
2.619466 8.380534 11.0
2.617162 8.392838 11.01
2.614866 8.405134 11.02
2.612573 8.417427 11.03
2.610286 8.429714 11.04
2.608002 8.441998 11.05
2.605725 8.454275 11.06
2.603451 8.466549 11.07
2.601182 8.478818 11.08
2.598918 8.491082 11.09
2.596658 8.503342 11.1
2.594403 8.515597 11.11
2.592152 8.527848 11.12
2.589906 8.540094 11.13
2.587665 8.552335 11.14
2.58543 8.564570 11.15
2.583198 8.576802 11.16
2.580969 8.589031 11.17
2.578746 8.601254 11.18
2.576527 8.613473 11.19
2.574313 8.625687 11.2
2.572105 8.637895 11.21
2.569899 8.650101 11.22
2.5677 8.662300 11.23
2.565501 8.674499 11.24
2.563312 8.686688 11.25
2.561124 8.698876 11.26
2.558939 8.711061 11.27
2.556763 8.723237 11.28
2.554587 8.735413 11.29
2.552418 8.747582 11.3
2.550252 8.759748 11.31
2.548091 8.771909 11.32
2.545935 8.784065 11.33
2.543781 8.796219 11.34
2.54163 8.808370 11.35
2.539488 8.820512 11.36
2.537348 8.832652 11.37
2.535211 8.844789 11.38
2.533081 8.856919 11.39
2.530954 8.869046 11.4
2.528832 8.881168 11.41
2.52671 8.893290 11.42
2.524595 8.905405 11.43
2.522485 8.917515 11.44
2.520377 8.929623 11.45
2.518276 8.941724 11.46
2.516176 8.953824 11.47
2.514082 8.965918 11.48
2.511991 8.978009 11.49
2.509905 8.990095 11.5
2.507822 9.002178 11.51
2.505742 9.014258 11.52
2.503669 9.026331 11.53
2.501598 9.038402 11.54
2.499531 9.050469 11.55
2.497468 9.062532 11.56
2.495411 9.074589 11.57
2.493355 9.086645 11.58
2.491302 9.098698 11.59
2.489256 9.110744 11.6
2.487213 9.122787 11.61
2.485174 9.134826 11.62
2.483138 9.146862 11.63
2.481105 9.158895 11.64
2.479079 9.170921 11.65
2.477053 9.182947 11.66
2.475035 9.194965 11.67
2.473015 9.206985 11.68
2.471005 9.218995 11.69
2.468995 9.231005 11.7
2.466989 9.243011 11.71
2.464987 9.255013 11.72
2.462988 9.267012 11.73
2.460996 9.279004 11.74
2.459005 9.290995 11.75
2.457018 9.302982 11.76
2.455034 9.314966 11.77
2.453055 9.326945 11.78
2.451078 9.338922 11.79
2.449106 9.350894 11.8
2.447137 9.362863 11.81
2.445174 9.374826 11.82
2.443212 9.386788 11.83
2.441253 9.398747 11.84
2.439298 9.410702 11.85
2.437348 9.422652 11.86
2.435401 9.434599 11.87
2.433456 9.446544 11.88
2.431515 9.458485 11.89
2.42958 9.470420 11.9
2.427646 9.482354 11.91
2.425715 9.494285 11.92
2.42379 9.506210 11.93
2.421866 9.518134 11.94
2.419947 9.530053 11.95
2.418028 9.541972 11.96
2.416116 9.553884 11.97
2.41421 9.565790 11.98
2.412301 9.577699 11.99
2.4104 9.589600 12.0
2.408498 9.601502 12.01
2.406603 9.613397 12.02
2.404713 9.625287 12.03
2.402823 9.637177 12.04
2.400937 9.649063 12.05
2.399055 9.660945 12.06
2.397176 9.672824 12.07
2.395299 9.684701 12.08
2.393426 9.696574 12.09
2.391555 9.708445 12.1
2.389691 9.720309 12.11
2.387827 9.732173 12.12
2.385968 9.744032 12.13
2.384109 9.755891 12.14
2.382258 9.767742 12.15
2.380407 9.779593 12.16
2.378561 9.791439 12.17
2.376716 9.803284 12.18
2.374876 9.815124 12.19
2.373039 9.826961 12.2
2.371205 9.838795 12.21
2.369373 9.850627 12.22
2.367546 9.862454 12.23
2.365721 9.874279 12.24
2.363899 9.886101 12.25
2.36208 9.897920 12.26
2.360265 9.909735 12.27
2.358453 9.921547 12.28
2.356643 9.933357 12.29
2.354838 9.945162 12.3
2.353036 9.956964 12.31
2.351236 9.968764 12.32
2.34944 9.980560 12.33
2.347647 9.992353 12.34
2.345856 10.004144 12.35
2.344071 10.015929 12.36
2.342284 10.027716 12.37
2.340505 10.039495 12.38
2.338726 10.051274 12.39
2.336953 10.063047 12.4
2.335181 10.074819 12.41
2.333412 10.086588 12.42
2.331647 10.098353 12.43
2.329886 10.110114 12.44
2.328126 10.121874 12.45
2.326369 10.133631 12.46
2.324617 10.145383 12.47
2.322867 10.157133 12.48
2.32112 10.168880 12.49
2.319376 10.180624 12.5
2.317636 10.192364 12.51
2.315897 10.204103 12.52
2.314163 10.215837 12.53
2.312434 10.227566 12.54
2.310705 10.239295 12.55
2.308981 10.251019 12.56
2.307259 10.262741 12.57
2.305542 10.274458 12.58
2.303824 10.286176 12.59
2.30211 10.297890 12.6
2.300403 10.309597 12.61
2.298697 10.321303 12.62
2.296991 10.333009 12.63
2.295292 10.344708 12.64
2.293594 10.356406 12.65
2.291899 10.368101 12.66
2.290209 10.379791 12.67
2.28852 10.391480 12.68
2.286835 10.403165 12.69
2.285154 10.414846 12.7
2.283472 10.426528 12.71
2.281794 10.438206 12.72
2.280121 10.449879 12.73
2.27845 10.461550 12.74
2.276782 10.473218 12.75
2.275117 10.484883 12.76
2.273454 10.496546 12.77
2.271796 10.508204 12.78
2.270139 10.519861 12.79
2.268483 10.531517 12.8
2.266833 10.543167 12.81
2.265187 10.554813 12.82
2.26354 10.566460 12.83
2.261898 10.578102 12.84
2.260258 10.589742 12.85
2.258622 10.601378 12.86
2.256987 10.613013 12.87
2.255358 10.624642 12.88
2.253727 10.636273 12.89
2.252102 10.647898 12.9
2.250481 10.659519 12.91
2.248857 10.671143 12.92
2.247241 10.682759 12.93
2.245628 10.694372 12.94
2.244017 10.705983 12.95
2.242405 10.717595 12.96
2.2408 10.729200 12.97
2.239195 10.740805 12.98
2.237595 10.752405 12.99
2.235996 10.764004 13.0
2.2344 10.775600 13.01
2.232806 10.787194 13.02
2.231218 10.798782 13.03
2.22963 10.810370 13.04
2.228043 10.821957 13.05
2.226462 10.833538 13.06
2.224882 10.845118 13.07
2.223306 10.856694 13.08
2.221731 10.868269 13.09
2.220158 10.879842 13.1
2.218589 10.891411 13.11
2.217022 10.902978 13.12
2.215458 10.914542 13.13
2.213897 10.926103 13.14
2.21234 10.937660 13.15
2.210782 10.949218 13.16
2.209227 10.960773 13.17
2.207677 10.972323 13.18
2.206129 10.983871 13.19
2.204582 10.995418 13.2
2.203038 11.006962 13.21
2.201498 11.018502 13.22
2.199959 11.030041 13.23
2.198425 11.041575 13.24
2.19689 11.053110 13.25
2.195358 11.064642 13.26
2.193829 11.076171 13.27
2.192305 11.087695 13.28
2.190781 11.099219 13.29
2.189259 11.110741 13.3
2.187741 11.122259 13.31
2.186226 11.133774 13.32
2.184713 11.145287 13.33
2.183201 11.156799 13.34
2.181691 11.168309 13.35
2.180186 11.179814 13.36
2.178681 11.191319 13.37
2.17718 11.202820 13.38
2.175681 11.214319 13.39
2.174186 11.225814 13.4
2.172691 11.237309 13.41
2.1712 11.248800 13.42
2.169708 11.260292 13.43
2.168223 11.271777 13.44
2.166737 11.283263 13.45
2.165254 11.294746 13.46
2.163775 11.306225 13.47
2.162298 11.317702 13.48
2.160823 11.329177 13.49
2.15935 11.340650 13.5
2.157879 11.352121 13.51
2.156411 11.363589 13.52
2.154947 11.375053 13.53
2.153481 11.386519 13.54
2.15202 11.397980 13.55
2.15056 11.409440 13.56
2.149105 11.420895 13.57
2.147651 11.432349 13.58
2.146199 11.443801 13.59
2.144749 11.455251 13.6
2.143301 11.466699 13.61
2.141855 11.478145 13.62
2.140413 11.489587 13.63
2.138972 11.501028 13.64
2.137535 11.512465 13.65
2.136098 11.523902 13.66
2.134663 11.535337 13.67
2.133232 11.546768 13.68
2.131802 11.558198 13.69
2.130374 11.569626 13.7
2.12895 11.581050 13.71
2.127527 11.592473 13.72
2.126107 11.603893 13.73
2.124687 11.615313 13.74
2.123272 11.626728 13.75
2.121857 11.638143 13.76
2.120445 11.649555 13.77
2.119038 11.660962 13.78
2.11763 11.672370 13.79
2.116223 11.683777 13.8
2.11482 11.695180 13.81
2.11342 11.706580 13.82
2.112021 11.717979 13.83
2.110623 11.729377 13.84
2.109231 11.740769 13.85
2.107836 11.752164 13.86
2.106447 11.763553 13.87
2.105059 11.774941 13.88
2.103672 11.786328 13.89
2.102288 11.797712 13.9
2.100906 11.809094 13.91
2.099526 11.820474 13.92
2.098149 11.831851 13.93
2.096774 11.843226 13.94
2.095401 11.854599 13.95
2.094027 11.865973 13.96
2.092659 11.877341 13.97
2.09129 11.888710 13.98
2.089926 11.900074 13.99
2.088563 11.911437 14.0
2.087202 11.922798 14.01
2.085843 11.934157 14.02
2.084486 11.945514 14.03
2.083131 11.956869 14.04
2.081776 11.968224 14.05
2.080427 11.979573 14.06
2.079078 11.990922 14.07
2.077734 12.002266 14.08
2.076385 12.013615 14.09
2.075042 12.024958 14.1
2.0737 12.036300 14.11
2.072365 12.047635 14.12
2.071027 12.058973 14.13
2.069693 12.070307 14.14
2.06836 12.081640 14.15
2.06703 12.092970 14.16
2.0657 12.104300 14.17
2.064374 12.115626 14.18
2.06305 12.126950 14.19
2.061725 12.138275 14.2
2.060404 12.149596 14.21
2.059085 12.160915 14.22
2.057767 12.172233 14.23
2.056452 12.183548 14.24
2.055139 12.194861 14.25
2.053827 12.206173 14.26
2.052516 12.217484 14.27
2.051209 12.228791 14.28
2.049905 12.240095 14.29
2.048601 12.251399 14.3
2.047297 12.262703 14.31
2.045999 12.274001 14.32
2.0447 12.285300 14.33
2.043405 12.296595 14.34
2.04211 12.307890 14.35
2.040817 12.319183 14.36
2.039527 12.330473 14.37
2.038238 12.341762 14.38
2.036952 12.353048 14.39
2.035668 12.364332 14.4
2.034383 12.375617 14.41
2.033102 12.386898 14.42
2.031823 12.398177 14.43
2.030548 12.409452 14.44
2.029268 12.420732 14.45
2.027996 12.432004 14.46
2.026723 12.443277 14.47
2.025455 12.454545 14.48
2.024187 12.465813 14.49
2.022919 12.477081 14.5
2.021654 12.488346 14.51
2.020389 12.499611 14.52
2.01913 12.510870 14.53
2.01787 12.522130 14.54
2.016613 12.533387 14.55
2.015356 12.544644 14.56
2.014104 12.555896 14.57
2.012851 12.567149 14.58
2.011598 12.578402 14.59
2.010349 12.589651 14.6
2.009105 12.600895 14.61
2.007859 12.612141 14.62
2.006616 12.623384 14.63
2.005376 12.634624 14.64
2.004136 12.645864 14.65
2.002896 12.657104 14.66
2.00166 12.668340 14.67
2.000428 12.679572 14.68
1.999193 12.690807 14.69
1.997961 12.702039 14.7
1.996733 12.713267 14.71
1.995503 12.724497 14.72
1.994279 12.735721 14.73
1.993055 12.746945 14.74
1.991831 12.758169 14.75
1.990611 12.769389 14.76
1.989392 12.780608 14.77
1.988175 12.791825 14.78
1.986958 12.803042 14.79
1.985744 12.814256 14.8
1.984532 12.825468 14.81
1.983321 12.836679 14.82
1.982113 12.847887 14.83
1.980904 12.859096 14.84
1.979699 12.870301 14.85
1.978496 12.881504 14.86
1.977294 12.892706 14.87
1.976092 12.903908 14.88
1.974893 12.915107 14.89
1.973696 12.926304 14.9
1.972502 12.937498 14.91
1.971306 12.948694 14.92
1.970114 12.959886 14.93
1.968924 12.971076 14.94
1.967735 12.982265 14.95
1.966547 12.993453 14.96
1.965359 13.004641 14.97
1.964178 13.015822 14.98
1.962995 13.027005 14.99
1.961814 13.038186 15.0
1.960634 13.049366 15.01
1.959456 13.060544 15.02
1.958281 13.071719 15.03
1.957106 13.082894 15.04
1.955933 13.094067 15.05
1.954761 13.105239 15.06
1.953591 13.116409 15.07
1.952421 13.127579 15.08
1.951258 13.138742 15.09
1.950091 13.149909 15.1
1.948928 13.161072 15.11
1.947766 13.172234 15.12
1.946606 13.183394 15.13
1.945447 13.194553 15.14
1.944291 13.205709 15.15
1.943136 13.216864 15.16
1.941982 13.228018 15.17
1.940826 13.239174 15.18
1.939679 13.250321 15.19
1.938528 13.261472 15.2
1.937381 13.272619 15.21
1.936231 13.283769 15.22
1.935089 13.294911 15.23
1.933945 13.306055 15.24
1.932802 13.317198 15.25
1.931662 13.328338 15.26
1.930522 13.339478 15.27
1.929386 13.350614 15.28
1.928252 13.361748 15.29
1.927118 13.372882 15.3
1.925985 13.384015 15.31
1.924855 13.395145 15.32
1.923724 13.406276 15.33
1.922597 13.417403 15.34
1.921468 13.428532 15.35
1.920347 13.439653 15.36
1.919223 13.450777 15.37
1.918098 13.461902 15.38
1.916978 13.473022 15.39
1.915861 13.484139 15.4
1.914741 13.495259 15.41
1.913626 13.506374 15.42
1.91251 13.517490 15.43
1.911397 13.528603 15.44
1.910286 13.539714 15.45
1.909173 13.550827 15.46
1.908066 13.561934 15.47
1.906961 13.573039 15.48
1.905853 13.584147 15.49
1.90475 13.595250 15.5
1.903645 13.606355 15.51
1.902544 13.617456 15.52
1.901445 13.628555 15.53
1.900346 13.639654 15.54
1.899246 13.650754 15.55
1.898152 13.661848 15.56
1.897058 13.672942 15.57
1.895963 13.684037 15.58
1.894873 13.695127 15.59
1.89378 13.706220 15.6
1.892693 13.717307 15.61
1.891605 13.728395 15.62
1.89052 13.739480 15.63
1.889435 13.750565 15.64
1.888352 13.761648 15.65
1.88727 13.772730 15.66
1.886191 13.783809 15.67
1.885112 13.794888 15.68
1.884035 13.805965 15.69
1.882958 13.817042 15.7
1.881882 13.828118 15.71
1.880808 13.839192 15.72
1.879738 13.850262 15.73
1.878667 13.861333 15.74
1.877596 13.872404 15.75
1.876529 13.883471 15.76
1.875462 13.894538 15.77
1.874397 13.905603 15.78
1.873333 13.916667 15.79
1.872271 13.927729 15.8
1.87121 13.938790 15.81
1.870151 13.949849 15.82
1.869093 13.960907 15.83
1.868035 13.971965 15.84
1.866979 13.983021 15.85
1.865925 13.994075 15.86
1.864871 14.005129 15.87
1.863821 14.016179 15.88
1.862768 14.027232 15.89
1.861723 14.038277 15.9
1.860673 14.049327 15.91
1.859628 14.060372 15.92
1.858581 14.071419 15.93
1.857539 14.082461 15.94
1.856496 14.093504 15.95
1.855454 14.104546 15.96
1.854415 14.115585 15.97
1.853377 14.126623 15.98
1.852341 14.137659 15.99
1.851304 14.148696 16.0
1.850269 14.159731 16.01
1.849235 14.170765 16.02
1.848205 14.181795 16.03
1.847177 14.192823 16.04
1.846146 14.203854 16.05
1.845119 14.214881 16.06
1.844092 14.225908 16.07
1.843065 14.236935 16.08
1.842042 14.247958 16.09
1.841018 14.258982 16.1
1.839995 14.270005 16.11
1.838977 14.281023 16.12
1.837958 14.292042 16.13
1.836941 14.303059 16.14
1.835925 14.314075 16.15
1.834909 14.325091 16.16
1.833894 14.336106 16.17
1.83288 14.347120 16.18
1.83187 14.358130 16.19
1.830859 14.369141 16.2
1.829853 14.380147 16.21
1.828843 14.391157 16.22
1.827838 14.402162 16.23
1.826832 14.413168 16.24
1.825828 14.424172 16.25
1.824826 14.435174 16.26
1.823825 14.446175 16.27
1.822824 14.457176 16.28
1.821826 14.468174 16.29
1.820828 14.479172 16.3
1.819831 14.490169 16.31
1.818836 14.501164 16.32
1.817842 14.512158 16.33
1.816851 14.523149 16.34
1.815857 14.534143 16.35
1.814868 14.545132 16.36
1.813879 14.556121 16.37
1.812889 14.567111 16.38
1.811905 14.578095 16.39
1.810916 14.589084 16.4
1.809933 14.600067 16.41
1.808948 14.611052 16.42
1.807969 14.622031 16.43
1.806989 14.633011 16.44
1.806009 14.643991 16.45
1.805033 14.654967 16.46
1.804055 14.665945 16.47
1.803079 14.676921 16.48
1.802101 14.687899 16.49
1.80113 14.698870 16.5
1.800157 14.709843 16.51
1.799185 14.720815 16.52
1.798212 14.731788 16.53
1.797245 14.742755 16.54
1.796281 14.753719 16.55
1.795313 14.764687 16.56
1.794345 14.775655 16.57
1.793383 14.786617 16.58
1.792419 14.797581 16.59
1.791458 14.808542 16.6
1.790498 14.819502 16.61
1.789539 14.830461 16.62
1.788582 14.841418 16.63
1.787623 14.852377 16.64
1.786666 14.863334 16.65
1.78571 14.874290 16.66
1.784757 14.885243 16.67
1.783806 14.896194 16.68
1.782854 14.907146 16.69
1.781903 14.918097 16.7
1.780956 14.929044 16.71
1.780006 14.939994 16.72
1.779061 14.950939 16.73
1.778115 14.961885 16.74
1.77717 14.972830 16.75
1.776226 14.983774 16.76
1.775282 14.994718 16.77
1.774341 15.005659 16.78
1.773401 15.016599 16.79
1.772463 15.027537 16.8
1.771527 15.038473 16.81
1.770589 15.049411 16.82
1.769652 15.060348 16.83
1.768717 15.071283 16.84
1.767786 15.082214 16.85
1.766853 15.093147 16.86
1.765921 15.104079 16.87
1.764993 15.115007 16.88
1.764061 15.125939 16.89
1.763132 15.136868 16.9
1.762208 15.147792 16.91
1.761281 15.158719 16.92
1.760356 15.169644 16.93
1.759433 15.180567 16.94
1.758511 15.191489 16.95
1.757591 15.202409 16.96
1.756668 15.213332 16.97
1.755751 15.224249 16.98
1.754832 15.235168 16.99
1.753913 15.246087 17.0
1.752998 15.257002 17.01
1.752083 15.267917 17.02
1.751169 15.278831 17.03
1.750256 15.289744 17.04
1.749347 15.300653 17.05
1.748436 15.311564 17.06
1.747526 15.322474 17.07
1.746615 15.333385 17.08
1.745708 15.344292 17.09
1.7448 15.355200 17.1
1.743897 15.366103 17.11
1.742992 15.377008 17.12
1.742091 15.387909 17.13
1.741189 15.398811 17.14
1.740285 15.409715 17.15
1.739384 15.420616 17.16
1.738486 15.431514 17.17
1.737589 15.442411 17.18
1.736691 15.453309 17.19
1.735793 15.464207 17.2
1.734901 15.475099 17.21
1.734006 15.485994 17.22
1.733114 15.496886 17.23
1.732222 15.507778 17.24
1.73133 15.518670 17.25
1.730442 15.529558 17.26
1.729553 15.540447 17.27
1.728663 15.551337 17.28
1.727777 15.562223 17.29
1.72689 15.573110 17.3
1.726006 15.583994 17.31
1.725123 15.594877 17.32
1.724239 15.605761 17.33
1.723356 15.616644 17.34
1.722476 15.627524 17.35
1.721597 15.638403 17.36
1.720718 15.649282 17.37
1.71984 15.660160 17.38
1.718965 15.671035 17.39
1.718088 15.681912 17.4
1.717214 15.692786 17.41
1.71634 15.703660 17.42
1.715466 15.714534 17.43
1.714593 15.725407 17.44
1.713723 15.736277 17.45
1.712853 15.747147 17.46
1.711984 15.758016 17.47
1.711115 15.768885 17.48
1.710248 15.779752 17.49
1.709384 15.790616 17.5
1.708518 15.801482 17.51
1.707654 15.812346 17.52
1.70679 15.823210 17.53
1.70593 15.834070 17.54
1.705069 15.844931 17.55
1.704207 15.855793 17.56
1.70335 15.866650 17.57
1.702491 15.877509 17.58
1.701633 15.888367 17.59
1.700777 15.899223 17.6
1.699921 15.910079 17.61
1.699066 15.920934 17.62
1.698214 15.931786 17.63
1.697363 15.942637 17.64
1.696509 15.953491 17.65
1.695659 15.964341 17.66
1.69481 15.975190 17.67
1.69396 15.986040 17.68
1.693115 15.996885 17.69
1.692266 16.007734 17.7
1.691421 16.018579 17.71
1.690577 16.029423 17.72
1.689732 16.040268 17.73
1.688889 16.051111 17.74
1.688046 16.061954 17.75
1.687204 16.072796 17.76
1.686363 16.083637 17.77
1.685523 16.094477 17.78
1.684686 16.105314 17.79
1.68385 16.116150 17.8
1.683013 16.126987 17.81
1.682175 16.137825 17.82
1.681341 16.148659 17.83
1.680506 16.159494 17.84
1.679674 16.170326 17.85
1.67884 16.181160 17.86
1.678012 16.191988 17.87
1.67718 16.202820 17.88
1.676348 16.213652 17.89
1.675522 16.224478 17.9
1.674696 16.235304 17.91
1.673868 16.246132 17.92
1.67304 16.256960 17.93
1.672216 16.267784 17.94
1.671394 16.278606 17.95
1.670571 16.289429 17.96
1.669751 16.300249 17.97
1.668927 16.311073 17.98
1.668106 16.321894 17.99
1.667288 16.332712 18.0
1.666467 16.343533 18.01
1.665649 16.354351 18.02
1.664834 16.365166 18.03
1.664018 16.375982 18.04
1.663203 16.386797 18.05
1.662388 16.397612 18.06
1.661574 16.408426 18.07
1.660763 16.419237 18.08
1.65995 16.430050 18.09
1.659137 16.440863 18.1
1.658328 16.451672 18.11
1.657519 16.462481 18.12
1.656712 16.473288 18.13
1.655907 16.484093 18.14
1.6551 16.494900 18.15
1.654295 16.505705 18.16
1.65349 16.516510 18.17
1.652685 16.527315 18.18
1.651882 16.538118 18.19
1.651078 16.548922 18.2
1.650279 16.559721 18.21
1.649478 16.570522 18.22
1.648678 16.581322 18.23
1.647881 16.592119 18.24
1.647083 16.602917 18.25
1.646286 16.613714 18.26
1.645488 16.624512 18.27
1.644695 16.635305 18.28
1.643899 16.646101 18.29
1.643107 16.656893 18.3
1.642312 16.667688 18.31
1.64152 16.678480 18.32
1.640728 16.689272 18.33
1.63994 16.700060 18.34
1.63915 16.710850 18.35
1.63836 16.721640 18.36
1.637574 16.732426 18.37
1.636788 16.743212 18.38
1.636 16.754000 18.39
1.635216 16.764784 18.4
1.63443 16.775570 18.41
1.633648 16.786352 18.42
1.632862 16.797138 18.43
1.632081 16.807919 18.44
1.631301 16.818699 18.45
1.630523 16.829477 18.46
1.629742 16.840258 18.47
1.628964 16.851036 18.48
1.628184 16.861816 18.49
1.627407 16.872593 18.5
1.626632 16.883368 18.51
1.625854 16.894146 18.52
1.625079 16.904921 18.53
1.624305 16.915695 18.54
1.623536 16.926464 18.55
1.622761 16.937239 18.56
1.621991 16.948009 18.57
1.621218 16.958782 18.58
1.620449 16.969551 18.59
1.619678 16.980322 18.6
1.618911 16.991089 18.61
1.618144 17.001856 18.62
1.617379 17.012621 18.63
1.616612 17.023388 18.64
1.615845 17.034155 18.65
1.615082 17.044918 18.66
1.614317 17.055683 18.67
1.613559 17.066441 18.68
1.612794 17.077206 18.69
1.612031 17.087969 18.7
1.611272 17.098728 18.71
1.610514 17.109486 18.72
1.609755 17.120245 18.73
1.608998 17.131002 18.74
1.608238 17.141762 18.75
1.607483 17.152517 18.76
1.606725 17.163275 18.77
1.605972 17.174028 18.78
1.605216 17.184784 18.79
1.604464 17.195536 18.8
1.603713 17.206287 18.81
1.602961 17.217039 18.82
1.602211 17.227789 18.83
1.601457 17.238543 18.84
1.600708 17.249292 18.85
1.599962 17.260038 18.86
1.599212 17.270788 18.87
1.598468 17.281532 18.88
1.59772 17.292280 18.89
1.596974 17.303026 18.9
1.596228 17.313772 18.91
1.595484 17.324516 18.92
1.594742 17.335258 18.93
1.593996 17.346004 18.94
1.593257 17.356743 18.95
1.592517 17.367483 18.96
1.591777 17.378223 18.97
1.591036 17.388964 18.98
1.590296 17.399704 18.99
1.589558 17.410442 19.0
1.588821 17.421179 19.01
1.588083 17.431917 19.02
1.587348 17.442652 19.03
1.586612 17.453388 19.04
1.585879 17.464121 19.05
1.585145 17.474855 19.06
1.584412 17.485588 19.07
1.583679 17.496321 19.08
1.582949 17.507051 19.09
1.582218 17.517782 19.1
1.581489 17.528511 19.11
1.580756 17.539244 19.12
1.580031 17.549969 19.13
1.579304 17.560696 19.14
1.578576 17.571424 19.15
1.57785 17.582150 19.16
1.577124 17.592876 19.17
1.576399 17.603601 19.18
1.575674 17.614326 19.19
1.574952 17.625048 19.2
1.574231 17.635769 19.21
1.573508 17.646492 19.22
1.572785 17.657215 19.23
1.572062 17.667938 19.24
1.571346 17.678654 19.25
1.570625 17.689375 19.26
1.569906 17.700094 19.27
1.569188 17.710812 19.28
1.568473 17.721527 19.29
1.567759 17.732241 19.3
1.56704 17.742960 19.31
1.566325 17.753675 19.32
1.565611 17.764389 19.33
1.564897 17.775103 19.34
1.564188 17.785812 19.35
1.563478 17.796522 19.36
1.562762 17.807238 19.37
1.562056 17.817944 19.38
1.561343 17.828657 19.39
1.560633 17.839367 19.4
1.559927 17.850073 19.41
1.559215 17.860785 19.42
1.558511 17.871489 19.43
1.557805 17.882195 19.44
1.557098 17.892902 19.45
1.556395 17.903605 19.46
1.55569 17.914310 19.47
1.554987 17.925013 19.48
1.554283 17.935717 19.49
1.553581 17.946419 19.5
1.552879 17.957121 19.51
1.552179 17.967821 19.52
1.551479 17.978521 19.53
1.55078 17.989220 19.54
1.550082 17.999918 19.55
1.549384 18.010616 19.56
1.548685 18.021315 19.57
1.547991 18.032009 19.58
1.547293 18.042707 19.59
1.5466 18.053400 19.6
1.545904 18.064096 19.61
1.545209 18.074791 19.62
1.544518 18.085482 19.63
1.543826 18.096174 19.64
1.543133 18.106867 19.65
1.542441 18.117559 19.66
1.54175 18.128250 19.67
1.541063 18.138937 19.68
1.540372 18.149628 19.69
1.539684 18.160316 19.7
1.538999 18.171001 19.71
1.53831 18.181690 19.72
1.537623 18.192377 19.73
1.536938 18.203062 19.74
1.536251 18.213749 19.75
1.535568 18.224432 19.76
1.534883 18.235117 19.77
1.5342 18.245800 19.78
1.533519 18.256481 19.79
1.532838 18.267162 19.8
1.532155 18.277845 19.81
1.531477 18.288523 19.82
1.530796 18.299204 19.83
1.530115 18.309885 19.84
1.529438 18.320562 19.85
1.528758 18.331242 19.86
1.528083 18.341917 19.87
1.527406 18.352594 19.88
1.52673 18.363270 19.89
1.526059 18.373941 19.9
1.525381 18.384619 19.91
1.524706 18.395294 19.92
1.524034 18.405966 19.93
1.523361 18.416639 19.94
1.522689 18.427311 19.95
1.522019 18.437981 19.96
1.521346 18.448654 19.97
1.520676 18.459324 19.98
1.520008 18.469992 19.99
1.519339 18.480661 20.0
