# 140.2 deg
7.813085 0.106915 7.92
7.70965 0.220350 7.93
7.630052 0.309948 7.94
7.56291 0.387090 7.95
7.503487 0.456513 7.96
7.449519 0.520481 7.97
7.399682 0.580318 7.98
7.353143 0.636857 7.99
7.309328 0.690672 8.0
7.267809 0.742191 8.01
7.22827 0.791730 8.02
7.190475 0.839525 8.03
7.154211 0.885789 8.04
7.119318 0.930682 8.05
7.085669 0.974331 8.06
7.053152 1.016848 8.07
7.02166 1.058340 8.08
6.991115 1.098885 8.09
6.961444 1.138556 8.1
6.932591 1.177409 8.11
6.904485 1.215515 8.12
6.877088 1.252912 8.13
6.850353 1.289647 8.14
6.824242 1.325758 8.15
6.798715 1.361285 8.16
6.773738 1.396262 8.17
6.749286 1.430714 8.18
6.725338 1.464662 8.19
6.701855 1.498145 8.2
6.678822 1.531178 8.21
6.656214 1.563786 8.22
6.634025 1.595975 8.23
6.61222 1.627780 8.24
6.590789 1.659211 8.25
6.569717 1.690283 8.26
6.548993 1.721007 8.27
6.528599 1.751401 8.28
6.508523 1.781477 8.29
6.488753 1.811247 8.3
6.469278 1.840722 8.31
6.450089 1.869911 8.32
6.431178 1.898822 8.33
6.412528 1.927472 8.34
6.394138 1.955862 8.35
6.375998 1.984002 8.36
6.358097 2.011903 8.37
6.340428 2.039572 8.38
6.322988 2.067012 8.39
6.305766 2.094234 8.4
6.288759 2.121241 8.41
6.271958 2.148042 8.42
6.255356 2.174644 8.43
6.238954 2.201046 8.44
6.222742 2.227258 8.45
6.206713 2.253287 8.46
6.190864 2.279136 8.47
6.175195 2.304805 8.48
6.159695 2.330305 8.49
6.144361 2.355639 8.5
6.12919 2.380810 8.51
6.114179 2.405821 8.52
6.099324 2.430676 8.53
6.084622 2.455378 8.54
6.070066 2.479934 8.55
6.055654 2.504346 8.56
6.041386 2.528614 8.57
6.027257 2.552743 8.58
6.013262 2.576738 8.59
5.999399 2.600601 8.6
5.985669 2.624331 8.61
5.972065 2.647935 8.62
5.958583 2.671417 8.63
5.945224 2.694776 8.64
5.931987 2.718013 8.65
5.918862 2.741138 8.66
5.905857 2.764143 8.67
5.892961 2.787039 8.68
5.880181 2.809819 8.69
5.867503 2.832497 8.7
5.854937 2.855063 8.71
5.842471 2.877529 8.72
5.830111 2.899889 8.73
5.817848 2.922152 8.74
5.805686 2.944314 8.75
5.793619 2.966381 8.76
5.781652 2.988348 8.77
5.769779 3.010221 8.78
5.757995 3.032005 8.79
5.746303 3.053697 8.8
5.734699 3.075301 8.81
5.723183 3.096817 8.82
5.711755 3.118245 8.83
5.70041 3.139590 8.84
5.689152 3.160848 8.85
5.677974 3.182026 8.86
5.666878 3.203122 8.87
5.655858 3.224142 8.88
5.644919 3.245081 8.89
5.634058 3.265942 8.9
5.623274 3.286726 8.91
5.612562 3.307438 8.92
5.601925 3.328075 8.93
5.591364 3.348636 8.94
5.580872 3.369128 8.95
5.57045 3.389550 8.96
5.560098 3.409902 8.97
5.549818 3.430182 8.98
5.5396 3.450400 8.99
5.529451 3.470549 9.0
5.519371 3.490629 9.01
5.509351 3.510649 9.02
5.4994 3.530600 9.03
5.48951 3.550490 9.04
5.479683 3.570317 9.05
5.469918 3.590082 9.06
5.460214 3.609786 9.07
5.450569 3.629431 9.08
5.440983 3.649017 9.09
5.431456 3.668544 9.1
5.421987 3.688013 9.11
5.412575 3.707425 9.12
5.403219 3.726781 9.13
5.393917 3.746083 9.14
5.384674 3.765326 9.15
5.37548 3.784520 9.16
5.366344 3.803656 9.17
5.357257 3.822743 9.18
5.348228 3.841772 9.19
5.339246 3.860754 9.2
5.330316 3.879684 9.21
5.321436 3.898564 9.22
5.312608 3.917392 9.23
5.303828 3.936172 9.24
5.295096 3.954904 9.25
5.286413 3.973587 9.26
5.277777 3.992223 9.27
5.26919 4.010810 9.28
5.260649 4.029351 9.29
5.252153 4.047847 9.3
5.243702 4.066298 9.31
5.235299 4.084701 9.32
5.226938 4.103062 9.33
5.218621 4.121379 9.34
5.210349 4.139651 9.35
5.202122 4.157878 9.36
5.193933 4.176067 9.37
5.185788 4.194212 9.38
5.177686 4.212314 9.39
5.169626 4.230374 9.4
5.161605 4.248395 9.41
5.153625 4.266375 9.42
5.145683 4.284317 9.43
5.137786 4.302214 9.44
5.129925 4.320075 9.45
5.122102 4.337898 9.46
5.114318 4.355682 9.47
5.106576 4.373424 9.48
5.098868 4.391132 9.49
5.0912 4.408800 9.5
5.083565 4.426435 9.51
5.07597 4.444030 9.52
5.068412 4.461588 9.53
5.060886 4.479114 9.54
5.053399 4.496601 9.55
5.045946 4.514054 9.56
5.038529 4.531471 9.57
5.031146 4.548854 9.58
5.023796 4.566204 9.59
5.01648 4.583520 9.6
5.009201 4.600799 9.61
5.001954 4.618046 9.62
4.994739 4.635261 9.63
4.987556 4.652444 9.64
4.980409 4.669591 9.65
4.973291 4.686709 9.66
4.966206 4.703794 9.67
4.959151 4.720849 9.68
4.95213 4.737870 9.69
4.945142 4.754858 9.7
4.938181 4.771819 9.71
4.93125 4.788750 9.72
4.924352 4.805648 9.73
4.917481 4.822519 9.74
4.910644 4.839356 9.75
4.903833 4.856167 9.76
4.897051 4.872949 9.77
4.890302 4.889698 9.78
4.883579 4.906421 9.79
4.876884 4.923116 9.8
4.870216 4.939784 9.81
4.863579 4.956421 9.82
4.85697 4.973030 9.83
4.850386 4.989614 9.84
4.843831 5.006169 9.85
4.837304 5.022696 9.86
4.830802 5.039198 9.87
4.824326 5.055674 9.88
4.817878 5.072122 9.89
4.811458 5.088542 9.9
4.805061 5.104939 9.91
4.798691 5.121309 9.92
4.792346 5.137654 9.93
4.786027 5.153973 9.94
4.779733 5.170267 9.95
4.773463 5.186537 9.96
4.767219 5.202781 9.97
4.761001 5.218999 9.98
4.754805 5.235195 9.99
4.748633 5.251367 10.0
4.742485 5.267515 10.01
4.736362 5.283638 10.02
4.730262 5.299738 10.03
4.724186 5.315814 10.04
4.718132 5.331868 10.05
4.712102 5.347898 10.06
4.706096 5.363904 10.07
4.700112 5.379888 10.08
4.694149 5.395851 10.09
4.688209 5.411791 10.1
4.682294 5.427706 10.11
4.676397 5.443603 10.12
4.670523 5.459477 10.13
4.664673 5.475327 10.14
4.658843 5.491157 10.15
4.653034 5.506966 10.16
4.647245 5.522755 10.17
4.641479 5.538521 10.18
4.635735 5.554265 10.19
4.63001 5.569990 10.2
4.624305 5.585695 10.21
4.618622 5.601378 10.22
4.612957 5.617043 10.23
4.607313 5.632687 10.24
4.60169 5.648310 10.25
4.596086 5.663914 10.26
4.590502 5.679498 10.27
4.584938 5.695062 10.28
4.579392 5.710608 10.29
4.573867 5.726133 10.3
4.568359 5.741641 10.31
4.562873 5.757127 10.32
4.557405 5.772595 10.33
4.551954 5.788046 10.34
4.546521 5.803479 10.35
4.54111 5.818890 10.36
4.535717 5.834283 10.37
4.53034 5.849660 10.38
4.524982 5.865018 10.39
4.519645 5.880355 10.4
4.514322 5.895678 10.41
4.509016 5.910984 10.42
4.50373 5.926270 10.43
4.498465 5.941535 10.44
4.493214 5.956786 10.45
4.48798 5.972020 10.46
4.482763 5.987237 10.47
4.477565 6.002435 10.48
4.472383 6.017617 10.49
4.46722 6.032780 10.5
4.462069 6.047931 10.51
4.456938 6.063062 10.52
4.451825 6.078175 10.53
4.446727 6.093273 10.54
4.441644 6.108356 10.55
4.436579 6.123421 10.56
4.431531 6.138469 10.57
4.426498 6.153502 10.58
4.421481 6.168519 10.59
4.416481 6.183519 10.6
4.411497 6.198503 10.61
4.406525 6.213475 10.62
4.401572 6.228428 10.63
4.396634 6.243366 10.64
4.391712 6.258288 10.65
4.386804 6.273196 10.66
4.381912 6.288088 10.67
4.377035 6.302965 10.68
4.372174 6.317826 10.69
4.367327 6.332673 10.7
4.362495 6.347505 10.71
4.357677 6.362323 10.72
4.352876 6.377124 10.73
4.348088 6.391912 10.74
4.343315 6.406685 10.75
4.338555 6.421445 10.76
4.333812 6.436188 10.77
4.329083 6.450917 10.78
4.324367 6.465633 10.79
4.319662 6.480338 10.8
4.314976 6.495024 10.81
4.310304 6.509696 10.82
4.305646 6.524354 10.83
4.300999 6.539001 10.84
4.296367 6.553633 10.85
4.291749 6.568251 10.86
4.287146 6.582854 10.87
4.282552 6.597448 10.88
4.277976 6.612024 10.89
4.273413 6.626587 10.9
4.268861 6.641139 10.91
4.264323 6.655677 10.92
4.259799 6.670201 10.93
4.255287 6.684713 10.94
4.250789 6.699211 10.95
4.246303 6.713697 10.96
4.241831 6.728169 10.97
4.237372 6.742628 10.98
4.232923 6.757077 10.99
4.228489 6.771511 11.0
4.224066 6.785934 11.01
4.219656 6.800344 11.02
4.215261 6.814739 11.03
4.210876 6.829124 11.04
4.206503 6.843497 11.05
4.202145 6.857855 11.06
4.197798 6.872202 11.07
4.193461 6.886539 11.08
4.189137 6.900863 11.09
4.184826 6.915174 11.1
4.180527 6.929473 11.11
4.176238 6.943762 11.12
4.17196 6.958040 11.13
4.167699 6.972301 11.14
4.163445 6.986555 11.15
4.159205 7.000795 11.16
4.154974 7.015026 11.17
4.150757 7.029243 11.18
4.14655 7.043450 11.19
4.142355 7.057645 11.2
4.138171 7.071829 11.21
4.133998 7.086002 11.22
4.129838 7.100162 11.23
4.125687 7.114313 11.24
4.12155 7.128450 11.25
4.11742 7.142580 11.26
4.113303 7.156697 11.27
4.109197 7.170803 11.28
4.105103 7.184897 11.29
4.101018 7.198982 11.3
4.096945 7.213055 11.31
4.092882 7.227118 11.32
4.088831 7.241169 11.33
4.084788 7.255212 11.34
4.080754 7.269246 11.35
4.076736 7.283264 11.36
4.072726 7.297274 11.37
4.068725 7.311275 11.38
4.064736 7.325264 11.39
4.060758 7.339242 11.4
4.05679 7.353210 11.41
4.05283 7.367170 11.42
4.048882 7.381118 11.43
4.044944 7.395056 11.44
4.041015 7.408985 11.45
4.037098 7.422902 11.46
4.033188 7.436812 11.47
4.029291 7.450709 11.48
4.025401 7.464599 11.49
4.021522 7.478478 11.5
4.017653 7.492347 11.51
4.013793 7.506207 11.52
4.009945 7.520055 11.53
4.006106 7.533894 11.54
4.002274 7.547726 11.55
3.998453 7.561547 11.56
3.994644 7.575356 11.57
3.990841 7.589159 11.58
3.987047 7.602953 11.59
3.983265 7.616735 11.6
3.979491 7.630509 11.61
3.975726 7.644274 11.62
3.97197 7.658030 11.63
3.968224 7.671776 11.64
3.964488 7.685512 11.65
3.96076 7.699240 11.66
3.957042 7.712958 11.67
3.95333 7.726670 11.68
3.949631 7.740369 11.69
3.945939 7.754061 11.7
3.942255 7.767745 11.71
3.938582 7.781418 11.72
3.934916 7.795084 11.73
3.93126 7.808740 11.74
3.927612 7.822388 11.75
3.923971 7.836029 11.76
3.92034 7.849660 11.77
3.91672 7.863280 11.78
3.913106 7.876894 11.79
3.9095 7.890500 11.8
3.905904 7.904096 11.81
3.902318 7.917682 11.82
3.898738 7.931262 11.83
3.895166 7.944834 11.84
3.891605 7.958395 11.85
3.888049 7.971951 11.86
3.884504 7.985496 11.87
3.880966 7.999034 11.88
3.877435 8.012565 11.89
3.873915 8.026085 11.9
3.870402 8.039598 11.91
3.866898 8.053102 11.92
3.8634 8.066600 11.93
3.85991 8.080090 11.94
3.856429 8.093571 11.95
3.852954 8.107046 11.96
3.849491 8.120509 11.97
3.846035 8.133965 11.98
3.842586 8.147414 11.99
3.839142 8.160858 12.0
3.835706 8.174294 12.01
3.832282 8.187718 12.02
3.828865 8.201135 12.03
3.825454 8.214546 12.04
3.82205 8.227950 12.05
3.818655 8.241345 12.06
3.815268 8.254732 12.07
3.811887 8.268113 12.08
3.808513 8.281487 12.09
3.805149 8.294851 12.1
3.801792 8.308208 12.11
3.79844 8.321560 12.12
3.795099 8.334901 12.13
3.791761 8.348239 12.14
3.788435 8.361565 12.15
3.785113 8.374887 12.16
3.781801 8.388199 12.17
3.778494 8.401506 12.18
3.775196 8.414804 12.19
3.771903 8.428097 12.2
3.768619 8.441381 12.21
3.765341 8.454659 12.22
3.762071 8.467929 12.23
3.758807 8.481193 12.24
3.75555 8.494450 12.25
3.752302 8.507698 12.26
3.749059 8.520941 12.27
3.745823 8.534177 12.28
3.742594 8.547406 12.29
3.739374 8.560626 12.3
3.736159 8.573841 12.31
3.732951 8.587049 12.32
3.729752 8.600248 12.33
3.726557 8.613443 12.34
3.723369 8.626631 12.35
3.720189 8.639811 12.36
3.717014 8.652986 12.37
3.713846 8.666154 12.38
3.710686 8.679314 12.39
3.707532 8.692468 12.4
3.704386 8.705614 12.41
3.701244 8.718756 12.42
3.69811 8.731890 12.43
3.694983 8.745017 12.44
3.691862 8.758138 12.45
3.688746 8.771254 12.46
3.685639 8.784361 12.47
3.682537 8.797463 12.48
3.679442 8.810558 12.49
3.676352 8.823648 12.5
3.67327 8.836730 12.51
3.670191 8.849809 12.52
3.667123 8.862877 12.53
3.664059 8.875941 12.54
3.661002 8.888998 12.55
3.657951 8.902049 12.56
3.654906 8.915094 12.57
3.651869 8.928131 12.58
3.648835 8.941165 12.59
3.645807 8.954193 12.6
3.642789 8.967211 12.61
3.639774 8.980226 12.62
3.636764 8.993236 12.63
3.633763 9.006237 12.64
3.630766 9.019234 12.65
3.627777 9.032223 12.66
3.624793 9.045207 12.67
3.621815 9.058185 12.68
3.618843 9.071157 12.69
3.615877 9.084123 12.7
3.612915 9.097085 12.71
3.60996 9.110040 12.72
3.607011 9.122989 12.73
3.604069 9.135931 12.74
3.601132 9.148868 12.75
3.5982 9.161800 12.76
3.595274 9.174726 12.77
3.592356 9.187644 12.78
3.589441 9.200559 12.79
3.586531 9.213469 12.8
3.583628 9.226372 12.81
3.580733 9.239267 12.82
3.577841 9.252159 12.83
3.574955 9.265045 12.84
3.572075 9.277925 12.85
3.5692 9.290800 12.86
3.566329 9.303671 12.87
3.563467 9.316533 12.88
3.560608 9.329392 12.89
3.557756 9.342244 12.9
3.55491 9.355090 12.91
3.552067 9.367933 12.92
3.549229 9.380771 12.93
3.5464 9.393600 12.94
3.543576 9.406424 12.95
3.540754 9.419246 12.96
3.53794 9.432060 12.97
3.535131 9.444869 12.98
3.532327 9.457673 12.99
3.529528 9.470472 13.0
3.526732 9.483268 13.01
3.523943 9.496057 13.02
3.521162 9.508838 13.03
3.518384 9.521616 13.04
3.515611 9.534389 13.05
3.512844 9.547156 13.06
3.510082 9.559918 13.07
3.507325 9.572675 13.08
3.504573 9.585427 13.09
3.501825 9.598175 13.1
3.499083 9.610917 13.11
3.496347 9.623653 13.12
3.493614 9.636386 13.13
3.490888 9.649112 13.14
3.488168 9.661832 13.15
3.485448 9.674552 13.16
3.482737 9.687263 13.17
3.480032 9.699968 13.18
3.47733 9.712670 13.19
3.474632 9.725368 13.2
3.47194 9.738060 13.21
3.469254 9.750746 13.22
3.466571 9.763429 13.23
3.463894 9.776106 13.24
3.46122 9.788780 13.25
3.458552 9.801448 13.26
3.455888 9.814112 13.27
3.453232 9.826768 13.28
3.450578 9.839422 13.29
3.447929 9.852071 13.3
3.445284 9.864716 13.31
3.442647 9.877353 13.32
3.440014 9.889986 13.33
3.437383 9.902617 13.34
3.434759 9.915241 13.35
3.432138 9.927862 13.36
3.429524 9.940476 13.37
3.426913 9.953087 13.38
3.424308 9.965692 13.39
3.421708 9.978292 13.4
3.41911 9.990890 13.41
3.416521 10.003479 13.42
3.413932 10.016068 13.43
3.411352 10.028648 13.44
3.408773 10.041227 13.45
3.406199 10.053801 13.46
3.403632 10.066368 13.47
3.401069 10.078931 13.48
3.398511 10.091489 13.49
3.395956 10.104044 13.5
3.393405 10.116595 13.51
3.390862 10.129138 13.52
3.388323 10.141677 13.53
3.385786 10.154214 13.54
3.383255 10.166745 13.55
3.380727 10.179273 13.56
3.378207 10.191793 13.57
3.375691 10.204309 13.58
3.373176 10.216824 13.59
3.370669 10.229331 13.6
3.368165 10.241835 13.61
3.365667 10.254333 13.62
3.363173 10.266827 13.63
3.360683 10.279317 13.64
3.3582 10.291800 13.65
3.35572 10.304280 13.66
3.353242 10.316758 13.67
3.350772 10.329228 13.68
3.348303 10.341697 13.69
3.345843 10.354157 13.7
3.343384 10.366616 13.71
3.34093 10.379070 13.72
3.338483 10.391517 13.73
3.336038 10.403962 13.74
3.333598 10.416402 13.75
3.33116 10.428840 13.76
3.328728 10.441272 13.77
3.326302 10.453698 13.78
3.323879 10.466121 13.79
3.321461 10.478539 13.8
3.319046 10.490954 13.81
3.316637 10.503363 13.82
3.31423 10.515770 13.83
3.311828 10.528172 13.84
3.309433 10.540567 13.85
3.307038 10.552962 13.86
3.304649 10.565351 13.87
3.302265 10.577735 13.88
3.299884 10.590116 13.89
3.29751 10.602490 13.9
3.295134 10.614866 13.91
3.292767 10.627233 13.92
3.290404 10.639596 13.93
3.288044 10.651956 13.94
3.285689 10.664311 13.95
3.283336 10.676664 13.96
3.280989 10.689011 13.97
3.278644 10.701356 13.98
3.276307 10.713693 13.99
3.273972 10.726028 14.0
3.27164 10.738360 14.01
3.269313 10.750687 14.02
3.26699 10.763010 14.03
3.264671 10.775329 14.04
3.262355 10.787645 14.05
3.260045 10.799955 14.06
3.257737 10.812263 14.07
3.255438 10.824562 14.08
3.253136 10.836864 14.09
3.250839 10.849161 14.1
3.248546 10.861454 14.11
3.246262 10.873738 14.12
3.243977 10.886023 14.13
3.241699 10.898301 14.14
3.239423 10.910577 14.15
3.237151 10.922849 14.16
3.234882 10.935118 14.17
3.232619 10.947381 14.18
3.230359 10.959641 14.19
3.228101 10.971899 14.2
3.225848 10.984152 14.21
3.223599 10.996401 14.22
3.221353 11.008647 14.23
3.219113 11.020887 14.24
3.216874 11.033126 14.25
3.21464 11.045360 14.26
3.21241 11.057590 14.27
3.210183 11.069817 14.28
3.207962 11.082038 14.29
3.205742 11.094258 14.3
3.203526 11.106474 14.31
3.201315 11.118685 14.32
3.199107 11.130893 14.33
3.196903 11.143097 14.34
3.194702 11.155298 14.35
3.192505 11.167495 14.36
3.19031 11.179690 14.37
3.188122 11.191878 14.38
3.185935 11.204065 14.39
3.183753 11.216247 14.4
3.181572 11.228428 14.41
3.179397 11.240603 14.42
3.177226 11.252774 14.43
3.175061 11.264939 14.44
3.172892 11.277108 14.45
3.170732 11.289268 14.46
3.168574 11.301426 14.47
3.16642 11.313580 14.48
3.164271 11.325729 14.49
3.162123 11.337877 14.5
3.159979 11.350021 14.51
3.157837 11.362163 14.52
3.155702 11.374298 14.53
3.153567 11.386433 14.54
3.151438 11.398562 14.55
3.149312 11.410688 14.56
3.147189 11.422811 14.57
3.145071 11.434929 14.58
3.142954 11.447046 14.59
3.140839 11.459161 14.6
3.138731 11.471269 14.61
3.136626 11.483374 14.62
3.134523 11.495477 14.63
3.132426 11.507574 14.64
3.13033 11.519670 14.65
3.128234 11.531766 14.66
3.126148 11.543852 14.67
3.124062 11.555938 14.68
3.12198 11.568020 14.69
3.1199 11.580100 14.7
3.117824 11.592176 14.71
3.11575 11.604250 14.72
3.113682 11.616318 14.73
3.111616 11.628384 14.74
3.109552 11.640448 14.75
3.107494 11.652506 14.76
3.105438 11.664562 14.77
3.103386 11.676614 14.78
3.101335 11.688665 14.79
3.099289 11.700711 14.8
3.097245 11.712755 14.81
3.095205 11.724795 14.82
3.093169 11.736831 14.83
3.091135 11.748865 14.84
3.089104 11.760896 14.85
3.087077 11.772923 14.86
3.085054 11.784946 14.87
3.083032 11.796968 14.88
3.081014 11.808986 14.89
3.079 11.821000 14.9
3.076988 11.833012 14.91
3.074979 11.845021 14.92
3.072973 11.857027 14.93
3.070971 11.869029 14.94
3.068973 11.881027 14.95
3.066976 11.893024 14.96
3.064982 11.905018 14.97
3.062994 11.917006 14.98
3.061008 11.928992 14.99
3.059023 11.940977 15.0
3.057043 11.952957 15.01
3.055064 11.964936 15.02
3.053091 11.976909 15.03
3.051118 11.988882 15.04
3.049149 12.000851 15.05
3.047184 12.012816 15.06
3.045222 12.024778 15.07
3.04326 12.036740 15.08
3.041305 12.048695 15.09
3.03935 12.060650 15.1
3.0374 12.072600 15.11
3.035452 12.084548 15.12
3.033508 12.096492 15.13
3.031565 12.108435 15.14
3.029627 12.120373 15.15
3.027692 12.132308 15.16
3.025759 12.144241 15.17
3.023825 12.156175 15.18
3.021902 12.168098 15.19
3.019976 12.180024 15.2
3.018055 12.191945 15.21
3.016134 12.203866 15.22
3.014221 12.215779 15.23
3.012307 12.227693 15.24
3.010397 12.239603 15.25
3.00849 12.251510 15.26
3.006585 12.263415 15.27
3.004685 12.275315 15.28
3.002787 12.287213 15.29
3.000891 12.299109 15.3
2.998997 12.311003 15.31
2.997108 12.322892 15.32
2.995219 12.334781 15.33
2.993336 12.346664 15.34
2.991454 12.358546 15.35
2.989576 12.370424 15.36
2.987699 12.382301 15.37
2.985824 12.394176 15.38
2.983955 12.406045 15.39
2.982087 12.417913 15.4
2.980221 12.429779 15.41
2.978359 12.441641 15.42
2.976498 12.453502 15.43
2.974642 12.465358 15.44
2.972789 12.477211 15.45
2.970935 12.489065 15.46
2.969087 12.500913 15.47
2.967245 12.512755 15.48
2.965399 12.524601 15.49
2.963559 12.536441 15.5
2.961721 12.548279 15.51
2.959885 12.560115 15.52
2.958052 12.571948 15.53
2.956224 12.583776 15.54
2.954396 12.595604 15.55
2.95257 12.607430 15.56
2.950749 12.619251 15.57
2.948927 12.631073 15.58
2.947113 12.642887 15.59
2.945297 12.654703 15.6
2.943488 12.666512 15.61
2.941677 12.678323 15.62
2.939872 12.690128 15.63
2.938066 12.701934 15.64
2.936266 12.713734 15.65
2.934467 12.725533 15.66
2.932671 12.737329 15.67
2.930878 12.749122 15.68
2.929089 12.760911 15.69
2.9273 12.772700 15.7
2.925511 12.784489 15.71
2.923732 12.796268 15.72
2.921953 12.808047 15.73
2.920173 12.819827 15.74
2.918396 12.831604 15.75
2.916622 12.843378 15.76
2.914852 12.855148 15.77
2.913084 12.866916 15.78
2.911319 12.878681 15.79
2.909555 12.890445 15.8
2.907795 12.902205 15.81
2.906038 12.913962 15.82
2.904282 12.925718 15.83
2.902529 12.937471 15.84
2.900778 12.949222 15.85
2.89903 12.960970 15.86
2.897285 12.972715 15.87
2.895542 12.984458 15.88
2.893799 12.996201 15.89
2.892064 13.007936 15.9
2.890327 13.019673 15.91
2.888594 13.031406 15.92
2.886861 13.043139 15.93
2.885135 13.054865 15.94
2.883408 13.066592 15.95
2.881682 13.078318 15.96
2.879962 13.090038 15.97
2.878243 13.101757 15.98
2.876527 13.113473 15.99
2.874813 13.125187 16.0
2.873101 13.136899 16.01
2.871389 13.148611 16.02
2.869684 13.160316 16.03
2.86798 13.172020 16.04
2.866278 13.183722 16.05
2.864579 13.195421 16.06
2.862881 13.207119 16.07
2.861184 13.218816 16.08
2.859492 13.230508 16.09
2.857802 13.242198 16.1
2.856111 13.253889 16.11
2.854426 13.265574 16.12
2.852743 13.277257 16.13
2.851061 13.288939 16.14
2.849383 13.300617 16.15
2.847705 13.312295 16.16
2.84603 13.323970 16.17
2.844357 13.335643 16.18
2.842687 13.347313 16.19
2.841019 13.358981 16.2
2.839357 13.370643 16.21
2.837693 13.382307 16.22
2.836032 13.393968 16.23
2.834374 13.405626 16.24
2.832716 13.417284 16.25
2.831062 13.428938 16.26
2.82941 13.440590 16.27
2.82776 13.452240 16.28
2.826113 13.463887 16.29
2.824469 13.475531 16.3
2.822826 13.487174 16.31
2.821185 13.498815 16.32
2.819548 13.510452 16.33
2.817911 13.522089 16.34
2.816275 13.533725 16.35
2.814644 13.545356 16.36
2.813014 13.556986 16.37
2.811386 13.568614 16.38
2.809762 13.580238 16.39
2.808137 13.591863 16.4
2.806518 13.603482 16.41
2.804897 13.615103 16.42
2.803282 13.626718 16.43
2.80167 13.638330 16.44
2.800054 13.649946 16.45
2.798447 13.661553 16.46
2.796838 13.673162 16.47
2.795232 13.684768 16.48
2.793627 13.696373 16.49
2.792027 13.707973 16.5
2.790427 13.719573 16.51
2.788827 13.731173 16.52
2.787232 13.742768 16.53
2.785639 13.754361 16.54
2.78405 13.765950 16.55
2.782462 13.777538 16.56
2.780871 13.789129 16.57
2.779288 13.800712 16.58
2.777706 13.812294 16.59
2.776126 13.823874 16.6
2.774546 13.835454 16.61
2.772971 13.847029 16.62
2.771397 13.858603 16.63
2.769825 13.870175 16.64
2.768255 13.881745 16.65
2.766686 13.893314 16.66
2.765119 13.904881 16.67
2.763555 13.916445 16.68
2.761993 13.928007 16.69
2.760432 13.939568 16.7
2.758876 13.951124 16.71
2.757317 13.962683 16.72
2.755764 13.974236 16.73
2.754214 13.985786 16.74
2.752665 13.997335 16.75
2.751115 14.008885 16.76
2.749568 14.020432 16.77
2.748025 14.031975 16.78
2.746483 14.043517 16.79
2.744944 14.055056 16.8
2.743408 14.066592 16.81
2.741871 14.078129 16.82
2.740336 14.089664 16.83
2.738803 14.101197 16.84
2.737275 14.112725 16.85
2.735748 14.124252 16.86
2.734221 14.135779 16.87
2.732697 14.147303 16.88
2.731174 14.158826 16.89
2.729652 14.170348 16.9
2.728137 14.181863 16.91
2.72662 14.193380 16.92
2.725105 14.204895 16.93
2.723594 14.216406 16.94
2.722083 14.227917 16.95
2.720575 14.239425 16.96
2.719068 14.250932 16.97
2.717566 14.262434 16.98
2.716061 14.273939 16.99
2.714559 14.285441 17.0
2.71306 14.296940 17.01
2.711562 14.308438 17.02
2.710068 14.319932 17.03
2.708573 14.331427 17.04
2.707085 14.342915 17.05
2.705597 14.354403 17.06
2.704109 14.365891 17.07
2.702622 14.377378 17.08
2.701138 14.388862 17.09
2.699655 14.400345 17.1
2.698176 14.411824 17.11
2.696698 14.423302 17.12
2.695225 14.434775 17.13
2.693748 14.446252 17.14
2.692274 14.457726 17.15
2.690804 14.469196 17.16
2.689335 14.480665 17.17
2.687869 14.492131 17.18
2.686404 14.503596 17.19
2.684938 14.515062 17.2
2.683478 14.526522 17.21
2.68202 14.537980 17.22
2.680561 14.549439 17.23
2.679104 14.560896 17.24
2.67765 14.572350 17.25
2.676199 14.583801 17.26
2.674749 14.595251 17.27
2.673297 14.606703 17.28
2.671851 14.618149 17.29
2.670407 14.629593 17.3
2.668964 14.641036 17.31
2.667521 14.652479 17.32
2.666079 14.663921 17.33
2.664643 14.675357 17.34
2.663206 14.686794 17.35
2.661772 14.698228 17.36
2.660338 14.709662 17.37
2.658907 14.721093 17.38
2.657482 14.732518 17.39
2.656051 14.743949 17.4
2.654627 14.755373 17.41
2.653203 14.766797 17.42
2.651781 14.778219 17.43
2.650359 14.789641 17.44
2.64894 14.801060 17.45
2.647523 14.812477 17.46
2.646108 14.823892 17.47
2.644695 14.835305 17.48
2.643283 14.846717 17.49
2.641872 14.858128 17.5
2.640465 14.869535 17.51
2.639057 14.880943 17.52
2.637653 14.892347 17.53
2.636251 14.903749 17.54
2.634849 14.915151 17.55
2.633447 14.926553 17.56
2.632052 14.937948 17.57
2.630654 14.949346 17.58
2.62926 14.960740 17.59
2.627865 14.972135 17.6
2.626474 14.983526 17.61
2.625084 14.994916 17.62
2.623698 15.006302 17.63
2.622311 15.017689 17.64
2.620925 15.029075 17.65
2.619543 15.040457 17.66
2.618162 15.051838 17.67
2.616781 15.063219 17.68
2.615405 15.074595 17.69
2.614027 15.085973 17.7
2.612655 15.097345 17.71
2.611281 15.108719 17.72
2.60991 15.120090 17.73
2.608538 15.131462 17.74
2.607172 15.142828 17.75
2.605805 15.154195 17.76
2.604438 15.165562 17.77
2.603075 15.176925 17.78
2.601713 15.188287 17.79
2.600355 15.199645 17.8
2.598997 15.211003 17.81
2.597638 15.222362 17.82
2.596284 15.233716 17.83
2.594928 15.245072 17.84
2.593579 15.256421 17.85
2.592228 15.267772 17.86
2.59088 15.279120 17.87
2.589533 15.290467 17.88
2.588185 15.301815 17.89
2.586843 15.313157 17.9
2.585502 15.324498 17.91
2.584159 15.335841 17.92
2.58282 15.347180 17.93
2.581481 15.358519 17.94
2.580146 15.369854 17.95
2.578814 15.381186 17.96
2.577482 15.392518 17.97
2.576148 15.403852 17.98
2.574817 15.415183 17.99
2.57349 15.426510 18.0
2.572162 15.437838 18.01
2.570837 15.449163 18.02
2.569515 15.460485 18.03
2.568191 15.471809 18.04
2.566871 15.483129 18.05
2.565553 15.494447 18.06
2.564234 15.505766 18.07
2.56292 15.517080 18.08
2.561604 15.528396 18.09
2.56029 15.539710 18.1
2.55898 15.551020 18.11
2.557671 15.562329 18.12
2.556363 15.573637 18.13
2.555056 15.584944 18.14
2.55375 15.596250 18.15
2.552446 15.607554 18.16
2.551145 15.618855 18.17
2.549843 15.630157 18.18
2.548543 15.641457 18.19
2.547245 15.652755 18.2
2.545952 15.664048 18.21
2.544656 15.675344 18.22
2.543362 15.686638 18.23
2.542072 15.697928 18.24
2.540781 15.709219 18.25
2.539492 15.720508 18.26
2.538204 15.731796 18.27
2.536918 15.743082 18.28
2.535633 15.754367 18.29
2.534352 15.765648 18.3
2.533068 15.776932 18.31
2.531791 15.788209 18.32
2.53051 15.799490 18.33
2.529234 15.810766 18.34
2.527958 15.822042 18.35
2.526682 15.833318 18.36
2.525412 15.844588 18.37
2.524143 15.855857 18.38
2.522871 15.867129 18.39
2.521602 15.878398 18.4
2.520333 15.889667 18.41
2.51907 15.900930 18.42
2.517804 15.912196 18.43
2.516543 15.923457 18.44
2.515281 15.934719 18.45
2.514023 15.945977 18.46
2.512765 15.957235 18.47
2.511507 15.968493 18.48
2.510249 15.979751 18.49
2.508996 15.991004 18.5
2.507744 16.002256 18.51
2.50649 16.013510 18.52
2.505241 16.024759 18.53
2.503991 16.036009 18.54
2.502747 16.047253 18.55
2.5015 16.058500 18.56
2.500256 16.069744 18.57
2.499014 16.080986 18.58
2.497772 16.092228 18.59
2.49653 16.103470 18.6
2.495294 16.114706 18.61
2.494054 16.125946 18.62
2.492822 16.137178 18.63
2.491585 16.148415 18.64
2.490351 16.159649 18.65
2.489119 16.170881 18.66
2.487888 16.182112 18.67
2.486662 16.193338 18.68
2.485431 16.204569 18.69
2.484204 16.215796 18.7
2.48298 16.227020 18.71
2.481759 16.238241 18.72
2.480534 16.249466 18.73
2.479315 16.260685 18.74
2.478092 16.271908 18.75
2.476877 16.283123 18.76
2.475658 16.294342 18.77
2.474441 16.305559 18.78
2.473226 16.316774 18.79
2.472014 16.327986 18.8
2.470803 16.339197 18.81
2.469591 16.350409 18.82
2.468386 16.361614 18.83
2.467176 16.372824 18.84
2.465969 16.384031 18.85
2.464765 16.395235 18.86
2.463561 16.406439 18.87
2.462359 16.417641 18.88
2.461157 16.428843 18.89
2.459959 16.440041 18.9
2.458759 16.451241 18.91
2.457563 16.462437 18.92
2.456367 16.473633 18.93
2.455171 16.484829 18.94
2.453979 16.496021 18.95
2.452786 16.507214 18.96
2.451598 16.518402 18.97
2.450407 16.529593 18.98
2.449221 16.540779 18.99
2.44803 16.551970 19.0
2.446846 16.563154 19.01
2.445661 16.574339 19.02
2.444478 16.585522 19.03
2.443297 16.596703 19.04
2.44212 16.607880 19.05
2.440938 16.619062 19.06
2.439761 16.630239 19.07
2.438583 16.641417 19.08
2.437406 16.652594 19.09
2.436235 16.663765 19.1
2.435062 16.674938 19.11
2.433889 16.686111 19.12
2.432721 16.697279 19.13
2.431552 16.708448 19.14
2.430384 16.719616 19.15
2.429217 16.730783 19.16
2.428051 16.741949 19.17
2.426887 16.753113 19.18
2.425723 16.764277 19.19
2.424564 16.775436 19.2
2.423404 16.786596 19.21
2.422246 16.797754 19.22
2.421086 16.808914 19.23
2.419926 16.820074 19.24
2.418776 16.831224 19.25
2.417619 16.842381 19.26
2.416465 16.853535 19.27
2.415313 16.864687 19.28
2.414163 16.875837 19.29
2.413016 16.886984 19.3
2.41187 16.898130 19.31
2.410719 16.909281 19.32
2.409575 16.920425 19.33
2.40843 16.931570 19.34
2.407289 16.942711 19.35
2.406146 16.953854 19.36
2.405004 16.964996 19.37
2.403867 16.976133 19.38
2.402728 16.987272 19.39
2.401589 16.998411 19.4
2.400454 17.009546 19.41
2.399317 17.020683 19.42
2.398185 17.031815 19.43
2.397054 17.042946 19.44
2.395921 17.054079 19.45
2.394793 17.065207 19.46
2.393664 17.076336 19.47
2.392537 17.087463 19.48
2.391409 17.098591 19.49
2.390285 17.109715 19.5
2.389158 17.120842 19.51
2.388036 17.131964 19.52
2.386915 17.143085 19.53
2.385795 17.154205 19.54
2.384677 17.165323 19.55
2.383557 17.176443 19.56
2.382441 17.187559 19.57
2.381325 17.198675 19.58
2.380211 17.209789 19.59
2.379097 17.220903 19.6
2.377982 17.232018 19.61
2.376872 17.243128 19.62
2.375764 17.254236 19.63
2.374653 17.265347 19.64
2.373547 17.276453 19.65
2.372439 17.287561 19.66
2.371332 17.298668 19.67
2.370229 17.309771 19.68
2.369125 17.320875 19.69
2.368024 17.331976 19.7
2.366925 17.343075 19.71
2.365824 17.354176 19.72
2.364726 17.365274 19.73
2.363629 17.376371 19.74
2.362532 17.387468 19.75
2.361437 17.398563 19.76
2.360342 17.409658 19.77
2.359248 17.420752 19.78
2.358157 17.431843 19.79
2.357068 17.442932 19.8
2.355977 17.454023 19.81
2.354889 17.465111 19.82
2.353802 17.476198 19.83
2.352714 17.487286 19.84
2.351631 17.498369 19.85
2.350547 17.509453 19.86
2.349464 17.520536 19.87
2.348382 17.531618 19.88
2.3473 17.542700 19.89
2.346224 17.553776 19.9
2.345144 17.564856 19.91
2.344067 17.575933 19.92
2.342991 17.587009 19.93
2.341915 17.598085 19.94
2.340841 17.609159 19.95
2.339768 17.620232 19.96
2.338694 17.631306 19.97
2.337624 17.642376 19.98
2.336556 17.653444 19.99
2.335487 17.664513 20.0
