# 95.2 deg
6.096832 0.013168 6.11
6.004622 0.115378 6.12
5.920556 0.209444 6.13
5.85385 0.286150 6.14
5.796983 0.353017 6.15
5.74648 0.413520 6.16
5.700508 0.469492 6.17
5.658015 0.521985 6.18
5.61831 0.571690 6.19
5.580908 0.619092 6.2
5.545459 0.664541 6.21
5.511705 0.708295 6.22
5.479427 0.750573 6.23
5.448466 0.791534 6.24
5.418686 0.831314 6.25
5.389964 0.870036 6.26
5.362212 0.907788 6.27
5.335348 0.944652 6.28
5.309296 0.980704 6.29
5.283997 1.016003 6.3
5.259401 1.050599 6.31
5.235452 1.084548 6.32
5.212117 1.117883 6.33
5.18935 1.150650 6.34
5.167125 1.182875 6.35
5.145402 1.214598 6.36
5.124163 1.245837 6.37
5.103373 1.276627 6.38
5.083015 1.306985 6.39
5.063066 1.336934 6.4
5.043504 1.366496 6.41
5.024315 1.395685 6.42
5.005482 1.424518 6.43
4.986988 1.453012 6.44
4.968819 1.481181 6.45
4.95096 1.509040 6.46
4.933402 1.536598 6.47
4.916131 1.563869 6.48
4.899137 1.590863 6.49
4.882407 1.617593 6.5
4.865935 1.644065 6.51
4.849712 1.670288 6.52
4.833726 1.696274 6.53
4.817972 1.722028 6.54
4.802442 1.747558 6.55
4.787128 1.772872 6.56
4.772023 1.797977 6.57
4.757121 1.822879 6.58
4.742417 1.847583 6.59
4.727903 1.872097 6.6
4.713572 1.896428 6.61
4.699425 1.920575 6.62
4.68545 1.944550 6.63
4.671647 1.968353 6.64
4.658008 1.991992 6.65
4.644532 2.015468 6.66
4.631211 2.038789 6.67
4.618044 2.061956 6.68
4.605025 2.084975 6.69
4.592153 2.107847 6.7
4.579421 2.130579 6.71
4.566829 2.153171 6.72
4.55437 2.175630 6.73
4.542045 2.197955 6.74
4.529847 2.220153 6.75
4.517775 2.242225 6.76
4.505827 2.264173 6.77
4.493999 2.286001 6.78
4.482289 2.307711 6.79
4.470694 2.329306 6.8
4.459212 2.350788 6.81
4.44784 2.372160 6.82
4.436575 2.393425 6.83
4.425418 2.414582 6.84
4.414363 2.435637 6.85
4.403411 2.456589 6.86
4.392558 2.477442 6.87
4.381804 2.498196 6.88
4.371143 2.518857 6.89
4.36058 2.539420 6.9
4.350106 2.559894 6.91
4.339725 2.580275 6.92
4.329432 2.600568 6.93
4.319227 2.620773 6.94
4.309106 2.640894 6.95
4.29907 2.660930 6.96
4.289118 2.680882 6.97
4.279246 2.700754 6.98
4.269454 2.720546 6.99
4.259741 2.740259 7.0
4.250105 2.759895 7.01
4.240545 2.779455 7.02
4.231061 2.798939 7.03
4.221649 2.818351 7.04
4.21231 2.837690 7.05
4.203043 2.856957 7.06
4.193845 2.876155 7.07
4.184716 2.895284 7.08
4.175655 2.914345 7.09
4.166662 2.933338 7.1
4.157733 2.952267 7.11
4.148871 2.971129 7.12
4.140072 2.989928 7.13
4.131336 3.008664 7.14
4.12266 3.027340 7.15
4.114048 3.045952 7.16
4.105495 3.064505 7.17
4.097002 3.082998 7.18
4.088567 3.101433 7.19
4.08019 3.119810 7.2
4.07187 3.138130 7.21
4.063607 3.156393 7.22
4.055398 3.174602 7.23
4.047243 3.192757 7.24
4.039144 3.210856 7.25
4.031097 3.228903 7.26
4.023102 3.246898 7.27
4.015158 3.264842 7.28
4.007268 3.282732 7.29
3.999425 3.300575 7.3
3.991635 3.318365 7.31
3.983893 3.336107 7.32
3.976199 3.353801 7.33
3.968553 3.371447 7.34
3.960955 3.389045 7.35
3.953403 3.406597 7.36
3.945897 3.424103 7.37
3.938438 3.441562 7.38
3.931023 3.458977 7.39
3.923651 3.476349 7.4
3.916326 3.493674 7.41
3.909043 3.510957 7.42
3.901805 3.528195 7.43
3.894606 3.545394 7.44
3.88745 3.562550 7.45
3.880334 3.579666 7.46
3.873262 3.596738 7.47
3.86623 3.613770 7.48
3.859238 3.630762 7.49
3.852283 3.647717 7.5
3.845367 3.664633 7.51
3.838494 3.681506 7.52
3.831658 3.698342 7.53
3.824859 3.715141 7.54
3.818099 3.731901 7.55
3.811372 3.748628 7.56
3.804683 3.765317 7.57
3.798034 3.781966 7.58
3.791417 3.798583 7.59
3.784838 3.815162 7.6
3.778292 3.831708 7.61
3.771783 3.848217 7.62
3.765307 3.864693 7.63
3.758865 3.881135 7.64
3.752457 3.897543 7.65
3.746083 3.913917 7.66
3.739741 3.930259 7.67
3.733433 3.946567 7.68
3.727155 3.962845 7.69
3.720911 3.979089 7.7
3.714698 3.995302 7.71
3.708517 4.011483 7.72
3.702368 4.027632 7.73
3.696249 4.043751 7.74
3.690158 4.059842 7.75
3.6841 4.075900 7.76
3.678072 4.091928 7.77
3.672073 4.107927 7.78
3.666103 4.123897 7.79
3.660162 4.139838 7.8
3.65425 4.155750 7.81
3.648366 4.171634 7.82
3.642513 4.187487 7.83
3.636684 4.203316 7.84
3.630886 4.219114 7.85
3.625115 4.234885 7.86
3.61937 4.250630 7.87
3.613653 4.266347 7.88
3.607961 4.282039 7.89
3.602297 4.297703 7.9
3.59666 4.313340 7.91
3.591048 4.328952 7.92
3.585462 4.344538 7.93
3.579901 4.360099 7.94
3.574368 4.375632 7.95
3.568856 4.391144 7.96
3.563372 4.406628 7.97
3.557911 4.422089 7.98
3.552477 4.437523 7.99
3.547066 4.452934 8.0
3.541678 4.468322 8.01
3.536314 4.483686 8.02
3.530976 4.499024 8.03
3.52566 4.514340 8.04
3.520365 4.529635 8.05
3.515095 4.544905 8.06
3.50985 4.560150 8.07
3.504626 4.575374 8.08
3.499424 4.590576 8.09
3.494244 4.605756 8.1
3.489089 4.620911 8.11
3.483953 4.636047 8.12
3.47884 4.651160 8.13
3.473749 4.666251 8.14
3.468679 4.681321 8.15
3.463631 4.696369 8.16
3.458602 4.711398 8.17
3.453595 4.726405 8.18
3.448613 4.741387 8.19
3.443646 4.756354 8.2
3.438702 4.771298 8.21
3.433775 4.786225 8.22
3.428874 4.801126 8.23
3.42399 4.816010 8.24
3.419125 4.830875 8.25
3.414279 4.845721 8.26
3.409455 4.860545 8.27
3.40465 4.875350 8.28
3.399864 4.890136 8.29
3.395098 4.904902 8.3
3.390348 4.919652 8.31
3.385619 4.934381 8.32
3.38091 4.949090 8.33
3.376216 4.963784 8.34
3.371543 4.978457 8.35
3.366889 4.993111 8.36
3.362252 5.007748 8.37
3.357632 5.022368 8.38
3.353032 5.036968 8.39
3.348449 5.051551 8.4
3.343883 5.066117 8.41
3.339334 5.080666 8.42
3.334803 5.095197 8.43
3.330291 5.109709 8.44
3.325795 5.124205 8.45
3.321316 5.138684 8.46
3.316852 5.153148 8.47
3.312408 5.167592 8.48
3.307979 5.182021 8.49
3.303567 5.196433 8.5
3.29917 5.210830 8.51
3.29479 5.225210 8.52
3.290427 5.239573 8.53
3.286081 5.253919 8.54
3.281749 5.268251 8.55
3.277433 5.282567 8.56
3.273134 5.296866 8.57
3.268851 5.311149 8.58
3.264582 5.325418 8.59
3.260329 5.339671 8.6
3.256094 5.353906 8.61
3.251872 5.368128 8.62
3.247664 5.382336 8.63
3.243472 5.396528 8.64
3.239296 5.410704 8.65
3.235132 5.424868 8.66
3.230986 5.439014 8.67
3.226853 5.453147 8.68
3.222737 5.467263 8.69
3.218631 5.481369 8.7
3.214544 5.495456 8.71
3.210468 5.509532 8.72
3.206409 5.523591 8.73
3.202361 5.537639 8.74
3.198328 5.551672 8.75
3.194309 5.565691 8.76
3.190306 5.579694 8.77
3.186316 5.593684 8.78
3.182338 5.607662 8.79
3.178375 5.621625 8.8
3.174424 5.635576 8.81
3.170488 5.649512 8.82
3.166564 5.663436 8.83
3.162654 5.677346 8.84
3.158758 5.691242 8.85
3.154875 5.705125 8.86
3.151004 5.718996 8.87
3.147145 5.732855 8.88
3.143301 5.746699 8.89
3.139469 5.760531 8.9
3.135651 5.774349 8.91
3.131843 5.788157 8.92
3.128048 5.801952 8.93
3.124268 5.815732 8.94
3.120499 5.829501 8.95
3.11674 5.843260 8.96
3.112996 5.857004 8.97
3.109265 5.870735 8.98
3.105543 5.884457 8.99
3.101834 5.898166 9.0
3.09814 5.911860 9.01
3.094453 5.925547 9.02
3.090781 5.939219 9.03
3.087121 5.952879 9.04
3.083473 5.966527 9.05
3.079835 5.980165 9.06
3.076209 5.993791 9.07
3.072595 6.007405 9.08
3.068992 6.021008 9.09
3.0654 6.034600 9.1
3.06182 6.048180 9.11
3.058251 6.061749 9.12
3.054694 6.075306 9.13
3.051146 6.088854 9.14
3.047612 6.102388 9.15
3.044085 6.115915 9.16
3.040572 6.129428 9.17
3.037069 6.142931 9.18
3.033579 6.156421 9.19
3.030096 6.169904 9.2
3.026626 6.183374 9.21
3.023164 6.196836 9.22
3.019718 6.210282 9.23
3.016278 6.223722 9.24
3.012849 6.237151 9.25
3.009432 6.250568 9.26
3.006023 6.263977 9.27
3.002626 6.277374 9.28
2.999239 6.290761 9.29
2.995862 6.304138 9.3
2.992495 6.317505 9.31
2.98914 6.330860 9.32
2.985792 6.344208 9.33
2.982454 6.357546 9.34
2.979127 6.370873 9.35
2.975812 6.384188 9.36
2.972504 6.397496 9.37
2.969207 6.410793 9.38
2.965919 6.424081 9.39
2.962642 6.437358 9.4
2.959373 6.450627 9.41
2.956114 6.463886 9.42
2.952863 6.477137 9.43
2.949624 6.490376 9.44
2.946394 6.503606 9.45
2.943171 6.516829 9.46
2.93996 6.530040 9.47
2.936758 6.543242 9.48
2.933565 6.556435 9.49
2.930382 6.569618 9.5
2.927204 6.582796 9.51
2.92404 6.595960 9.52
2.920884 6.609116 9.53
2.917734 6.622266 9.54
2.914595 6.635405 9.55
2.911465 6.648535 9.56
2.908344 6.661656 9.57
2.905232 6.674768 9.58
2.902127 6.687873 9.59
2.899031 6.700969 9.6
2.895946 6.714054 9.61
2.892869 6.727131 9.62
2.889799 6.740201 9.63
2.886737 6.753263 9.64
2.883687 6.766313 9.65
2.880642 6.779358 9.66
2.877607 6.792393 9.67
2.87458 6.805420 9.68
2.871562 6.818438 9.69
2.868553 6.831447 9.7
2.865551 6.844449 9.71
2.862557 6.857443 9.72
2.859572 6.870428 9.73
2.856594 6.883406 9.74
2.853626 6.896374 9.75
2.850663 6.909337 9.76
2.84771 6.922290 9.77
2.844766 6.935234 9.78
2.84183 6.948170 9.79
2.838899 6.961101 9.8
2.835978 6.974022 9.81
2.833064 6.986936 9.82
2.83016 6.999840 9.83
2.827261 7.012739 9.84
2.824371 7.025629 9.85
2.821488 7.038512 9.86
2.818613 7.051387 9.87
2.815745 7.064255 9.88
2.812885 7.077115 9.89
2.810034 7.089966 9.9
2.807188 7.102812 9.91
2.804351 7.115649 9.92
2.80152 7.128480 9.93
2.798698 7.141302 9.94
2.795882 7.154118 9.95
2.793073 7.166927 9.96
2.790271 7.179729 9.97
2.787479 7.192521 9.98
2.784692 7.205308 9.99
2.781912 7.218088 10.0
2.779138 7.230862 10.01
2.776373 7.243627 10.02
2.773615 7.256385 10.03
2.770864 7.269136 10.04
2.768117 7.281883 10.05
2.765379 7.294621 10.06
2.762649 7.307351 10.07
2.759926 7.320074 10.08
2.757207 7.332793 10.09
2.754496 7.345504 10.1
2.751794 7.358206 10.11
2.749095 7.370905 10.12
2.746404 7.383596 10.13
2.743721 7.396279 10.14
2.741044 7.408956 10.15
2.738372 7.421628 10.16
2.735707 7.434293 10.17
2.73305 7.446950 10.18
2.730399 7.459601 10.19
2.727753 7.472247 10.2
2.725113 7.484887 10.21
2.722481 7.497519 10.22
2.719855 7.510145 10.23
2.717234 7.522766 10.24
2.71462 7.535380 10.25
2.712012 7.547988 10.26
2.70941 7.560590 10.27
2.706815 7.573185 10.28
2.704225 7.585775 10.29
2.701642 7.598358 10.3
2.699063 7.610937 10.31
2.696492 7.623508 10.32
2.693927 7.636073 10.33
2.691367 7.648633 10.34
2.688813 7.661187 10.35
2.686266 7.673734 10.36
2.683725 7.686275 10.37
2.681188 7.698812 10.38
2.678657 7.711343 10.39
2.676136 7.723864 10.4
2.673618 7.736382 10.41
2.671103 7.748897 10.42
2.668596 7.761404 10.43
2.666097 7.773903 10.44
2.663602 7.786398 10.45
2.661112 7.798888 10.46
2.658628 7.811372 10.47
2.65615 7.823850 10.48
2.653676 7.836324 10.49
2.651211 7.848789 10.5
2.648749 7.861251 10.51
2.646293 7.873707 10.52
2.643842 7.886158 10.53
2.641398 7.898602 10.54
2.638958 7.911042 10.55
2.636524 7.923476 10.56
2.634097 7.935903 10.57
2.631672 7.948328 10.58
2.629256 7.960744 10.59
2.626844 7.973156 10.6
2.624437 7.985563 10.61
2.622035 7.997965 10.62
2.619638 8.010362 10.63
2.617246 8.022754 10.64
2.614862 8.035138 10.65
2.612481 8.047519 10.66
2.610106 8.059894 10.67
2.607735 8.072265 10.68
2.605372 8.084628 10.69
2.603012 8.096988 10.7
2.600656 8.109344 10.71
2.598306 8.121694 10.72
2.595964 8.134036 10.73
2.593623 8.146377 10.74
2.591289 8.158711 10.75
2.588959 8.171041 10.76
2.586635 8.183365 10.77
2.584318 8.195682 10.78
2.582003 8.207997 10.79
2.579691 8.220309 10.8
2.577387 8.232613 10.81
2.57509 8.244910 10.82
2.572795 8.257205 10.83
2.570504 8.269496 10.84
2.568219 8.281781 10.85
2.565939 8.294061 10.86
2.563666 8.306334 10.87
2.561394 8.318606 10.88
2.559129 8.330871 10.89
2.556868 8.343132 10.9
2.554611 8.355389 10.91
2.552361 8.367639 10.92
2.550114 8.379886 10.93
2.547873 8.392127 10.94
2.545635 8.404365 10.95
2.543402 8.416598 10.96
2.541175 8.428825 10.97
2.538952 8.441048 10.98
2.536732 8.453268 10.99
2.534518 8.465482 11.0
2.532307 8.477693 11.01
2.530102 8.489898 11.02
2.527903 8.502097 11.03
2.525707 8.514293 11.04
2.523515 8.526485 11.05
2.521329 8.538671 11.06
2.519147 8.550853 11.07
2.516969 8.563031 11.08
2.514794 8.575206 11.09
2.512626 8.587374 11.1
2.510461 8.599539 11.11
2.5083 8.611700 11.12
2.506143 8.623857 11.13
2.503993 8.636007 11.14
2.501846 8.648154 11.15
2.499702 8.660298 11.16
2.497562 8.672438 11.17
2.495429 8.684571 11.18
2.493297 8.696703 11.19
2.491171 8.708829 11.2
2.489049 8.720951 11.21
2.486932 8.733068 11.22
2.48482 8.745180 11.23
2.482709 8.757291 11.24
2.480605 8.769395 11.25
2.478503 8.781497 11.26
2.476408 8.793592 11.27
2.474315 8.805685 11.28
2.472227 8.817773 11.29
2.470141 8.829859 11.3
2.468062 8.841938 11.31
2.465986 8.854014 11.32
2.463914 8.866086 11.33
2.461846 8.878154 11.34
2.459778 8.890222 11.35
2.457721 8.902279 11.36
2.455664 8.914336 11.37
2.45361 8.926390 11.38
2.451563 8.938437 11.39
2.44952 8.950480 11.4
2.44748 8.962520 11.41
2.445443 8.974557 11.42
2.443411 8.986589 11.43
2.441383 8.998617 11.44
2.439358 9.010642 11.45
2.437337 9.022663 11.46
2.435321 9.034679 11.47
2.433306 9.046694 11.48
2.431297 9.058703 11.49
2.429292 9.070708 11.5
2.427291 9.082709 11.51
2.425292 9.094708 11.52
2.423299 9.106701 11.53
2.421309 9.118691 11.54
2.419321 9.130679 11.55
2.417338 9.142662 11.56
2.415361 9.154639 11.57
2.413385 9.166615 11.58
2.411412 9.178588 11.59
2.409443 9.190557 11.6
2.407479 9.202521 11.61
2.405519 9.214481 11.62
2.403561 9.226439 11.63
2.401607 9.238393 11.64
2.399659 9.250341 11.65
2.397711 9.262289 11.66
2.395769 9.274231 11.67
2.393828 9.286172 11.68
2.391895 9.298105 11.69
2.389962 9.310038 11.7
2.388033 9.321967 11.71
2.386108 9.333892 11.72
2.384187 9.345813 11.73
2.38227 9.357730 11.74
2.380355 9.369645 11.75
2.378443 9.381557 11.76
2.376536 9.393464 11.77
2.374632 9.405368 11.78
2.37273 9.417270 11.79
2.370834 9.429166 11.8
2.36894 9.441060 11.81
2.367051 9.452949 11.82
2.365163 9.464837 11.83
2.363278 9.476722 11.84
2.361399 9.488601 11.85
2.359522 9.500478 11.86
2.357648 9.512352 11.87
2.355778 9.524222 11.88
2.35391 9.536090 11.89
2.352048 9.547952 11.9
2.350188 9.559812 11.91
2.348331 9.571669 11.92
2.346478 9.583522 11.93
2.344627 9.595373 11.94
2.342779 9.607221 11.95
2.340935 9.619065 11.96
2.339096 9.630904 11.97
2.337261 9.642739 11.98
2.335425 9.654575 11.99
2.333593 9.666407 12.0
2.331763 9.678237 12.01
2.329939 9.690061 12.02
2.32812 9.701880 12.03
2.326301 9.713699 12.04
2.324485 9.725515 12.05
2.322673 9.737327 12.06
2.320864 9.749136 12.07
2.319058 9.760942 12.08
2.317255 9.772745 12.09
2.315456 9.784544 12.1
2.31366 9.796340 12.11
2.311866 9.808134 12.12
2.310077 9.819923 12.13
2.308286 9.831714 12.14
2.306505 9.843495 12.15
2.304723 9.855277 12.16
2.302946 9.867054 12.17
2.301171 9.878829 12.18
2.2994 9.890600 12.19
2.297631 9.902369 12.2
2.295865 9.914135 12.21
2.294101 9.925899 12.22
2.292343 9.937657 12.23
2.290586 9.949414 12.24
2.288831 9.961169 12.25
2.287081 9.972919 12.26
2.285333 9.984667 12.27
2.283589 9.996411 12.28
2.281846 10.008154 12.29
2.28011 10.019890 12.3
2.278373 10.031627 12.31
2.276641 10.043359 12.32
2.274913 10.055087 12.33
2.273187 10.066813 12.34
2.271463 10.078537 12.35
2.269743 10.090257 12.36
2.268026 10.101974 12.37
2.266311 10.113689 12.38
2.2646 10.125400 12.39
2.262893 10.137107 12.4
2.261186 10.148814 12.41
2.259484 10.160516 12.42
2.257785 10.172215 12.43
2.25609 10.183910 12.44
2.254396 10.195604 12.45
2.252705 10.207295 12.46
2.251017 10.218983 12.47
2.249336 10.230664 12.48
2.247653 10.242347 12.49
2.245975 10.254025 12.5
2.2443 10.265700 12.51
2.242629 10.277371 12.52
2.240958 10.289042 12.53
2.239292 10.300708 12.54
2.23763 10.312370 12.55
2.235969 10.324031 12.56
2.234312 10.335688 12.57
2.232659 10.347341 12.58
2.231007 10.358993 12.59
2.229358 10.370642 12.6
2.227715 10.382285 12.61
2.226071 10.393929 12.62
2.224429 10.405571 12.63
2.222792 10.417208 12.64
2.221158 10.428842 12.65
2.219527 10.440473 12.66
2.217899 10.452101 12.67
2.216274 10.463726 12.68
2.214652 10.475348 12.69
2.213032 10.486968 12.7
2.211412 10.498588 12.71
2.209799 10.510201 12.72
2.208187 10.521813 12.73
2.206578 10.533422 12.74
2.204972 10.545028 12.75
2.203368 10.556632 12.76
2.201768 10.568232 12.77
2.200171 10.579829 12.78
2.198576 10.591424 12.79
2.196982 10.603018 12.8
2.195392 10.614608 12.81
2.193806 10.626194 12.82
2.192222 10.637778 12.83
2.190639 10.649361 12.84
2.189061 10.660939 12.85
2.187484 10.672516 12.86
2.18591 10.684090 12.87
2.184341 10.695659 12.88
2.18277 10.707230 12.89
2.181205 10.718795 12.9
2.179644 10.730356 12.91
2.178082 10.741918 12.92
2.176524 10.753476 12.93
2.17497 10.765030 12.94
2.173419 10.776581 12.95
2.171866 10.788134 12.96
2.170319 10.799681 12.97
2.168775 10.811225 12.98
2.167233 10.822767 12.99
2.165694 10.834306 13.0
2.164156 10.845844 13.01
2.162622 10.857378 13.02
2.16109 10.868910 13.03
2.15956 10.880440 13.04
2.158033 10.891967 13.05
2.15651 10.903490 13.06
2.154988 10.915012 13.07
2.153468 10.926532 13.08
2.151952 10.938048 13.09
2.150435 10.949565 13.1
2.148925 10.961075 13.11
2.147414 10.972586 13.12
2.145907 10.984093 13.13
2.144404 10.995596 13.14
2.142905 11.007095 13.15
2.141402 11.018598 13.16
2.139906 11.030094 13.17
2.138411 11.041589 13.18
2.136919 11.053081 13.19
2.13543 11.064570 13.2
2.133942 11.076058 13.21
2.132458 11.087542 13.22
2.130977 11.099023 13.23
2.129497 11.110503 13.24
2.128017 11.121983 13.25
2.126544 11.133456 13.26
2.12507 11.144930 13.27
2.1236 11.156400 13.28
2.122132 11.167868 13.29
2.120665 11.179335 13.3
2.119203 11.190797 13.31
2.117742 11.202258 13.32
2.116284 11.213716 13.33
2.114826 11.225174 13.34
2.113371 11.236629 13.35
2.11192 11.248080 13.36
2.110472 11.259528 13.37
2.109025 11.270975 13.38
2.107581 11.282419 13.39
2.106139 11.293861 13.4
2.104696 11.305304 13.41
2.103262 11.316738 13.42
2.101824 11.328176 13.43
2.100393 11.339607 13.44
2.09896 11.351040 13.45
2.097531 11.362469 13.46
2.096104 11.373896 13.47
2.094681 11.385319 13.48
2.093261 11.396739 13.49
2.09184 11.408160 13.5
2.090421 11.419579 13.51
2.089007 11.430993 13.52
2.087596 11.442404 13.53
2.086184 11.453816 13.54
2.084774 11.465226 13.55
2.083368 11.476632 13.56
2.081965 11.488035 13.57
2.080563 11.499437 13.58
2.079163 11.510837 13.59
2.077766 11.522234 13.6
2.07637 11.533630 13.61
2.074976 11.545024 13.62
2.073586 11.556414 13.63
2.072197 11.567803 13.64
2.07081 11.579190 13.65
2.069427 11.590573 13.66
2.068042 11.601958 13.67
2.066663 11.613337 13.68
2.065284 11.624716 13.69
2.063908 11.636092 13.7
2.062535 11.647465 13.71
2.061162 11.658838 13.72
2.059794 11.670206 13.73
2.058425 11.681575 13.74
2.05706 11.692940 13.75
2.055696 11.704304 13.76
2.054335 11.715665 13.77
2.052977 11.727023 13.78
2.05162 11.738380 13.79
2.050264 11.749736 13.8
2.048912 11.761088 13.81
2.047562 11.772438 13.82
2.046212 11.783788 13.83
2.044864 11.795136 13.84
2.043521 11.806479 13.85
2.042178 11.817822 13.86
2.040837 11.829163 13.87
2.039498 11.840502 13.88
2.038161 11.851839 13.89
2.036828 11.863172 13.9
2.035493 11.874507 13.91
2.034163 11.885837 13.92
2.032836 11.897164 13.93
2.031509 11.908491 13.94
2.030185 11.919815 13.95
2.028861 11.931139 13.96
2.027541 11.942459 13.97
2.026221 11.953779 13.98
2.024905 11.965095 13.99
2.023591 11.976409 14.0
2.022278 11.987722 14.01
2.020968 11.999032 14.02
2.019658 12.010342 14.03
2.018353 12.021647 14.04
2.017046 12.032954 14.05
2.015743 12.044257 14.06
2.014443 12.055557 14.07
2.013146 12.066854 14.08
2.011845 12.078155 14.09
2.01055 12.089450 14.1
2.009256 12.100744 14.11
2.007968 12.112032 14.12
2.006677 12.123323 14.13
2.005392 12.134608 14.14
2.004106 12.145894 14.15
2.002822 12.157178 14.16
2.001538 12.168462 14.17
2.000258 12.179742 14.18
1.998983 12.191017 14.19
1.997705 12.202295 14.2
1.996429 12.213571 14.21
1.995157 12.224843 14.22
1.993887 12.236113 14.23
1.992618 12.247382 14.24
1.991351 12.258649 14.25
1.990085 12.269915 14.26
1.988822 12.281178 14.27
1.987561 12.292439 14.28
1.986301 12.303699 14.29
1.985045 12.314955 14.3
1.983786 12.326214 14.31
1.982535 12.337465 14.32
1.98128 12.348720 14.33
1.980031 12.359969 14.34
1.978781 12.371219 14.35
1.977535 12.382465 14.36
1.976289 12.393711 14.37
1.975046 12.404954 14.38
1.973805 12.416195 14.39
1.972566 12.427434 14.4
1.971326 12.438674 14.41
1.97009 12.449910 14.42
1.968857 12.461143 14.43
1.967626 12.472374 14.44
1.966392 12.483608 14.45
1.965163 12.494837 14.46
1.963935 12.506065 14.47
1.962711 12.517289 14.48
1.961488 12.528512 14.49
1.960265 12.539735 14.5
1.959044 12.550956 14.51
1.957825 12.562175 14.52
1.956609 12.573391 14.53
1.955393 12.584607 14.54
1.954179 12.595821 14.55
1.952967 12.607033 14.56
1.951759 12.618241 14.57
1.95055 12.629450 14.58
1.949343 12.640657 14.59
1.948136 12.651864 14.6
1.946935 12.663065 14.61
1.945733 12.674267 14.62
1.944533 12.685467 14.63
1.943336 12.696664 14.64
1.94214 12.707860 14.65
1.940943 12.719057 14.66
1.939752 12.730248 14.67
1.93856 12.741440 14.68
1.93737 12.752630 14.69
1.936181 12.763819 14.7
1.934995 12.775005 14.71
1.933809 12.786191 14.72
1.932627 12.797373 14.73
1.931445 12.808555 14.74
1.930264 12.819736 14.75
1.929087 12.830913 14.76
1.927909 12.842091 14.77
1.926737 12.853263 14.78
1.925561 12.864439 14.79
1.924389 12.875611 14.8
1.923219 12.886781 14.81
1.922051 12.897949 14.82
1.920884 12.909116 14.83
1.919719 12.920281 14.84
1.918555 12.931445 14.85
1.917393 12.942607 14.86
1.916232 12.953768 14.87
1.915074 12.964926 14.88
1.913917 12.976083 14.89
1.912761 12.987239 14.9
1.911607 12.998393 14.91
1.910453 13.009547 14.92
1.909303 13.020697 14.93
1.908153 13.031847 14.94
1.907006 13.042994 14.95
1.90586 13.054140 14.96
1.904712 13.065288 14.97
1.903571 13.076429 14.98
1.902432 13.087568 14.99
1.90129 13.098710 15.0
1.900152 13.109848 15.01
1.899014 13.120986 15.02
1.897879 13.132121 15.03
1.896745 13.143255 15.04
1.895613 13.154387 15.05
1.894481 13.165519 15.06
1.893353 13.176647 15.07
1.892222 13.187778 15.08
1.891098 13.198902 15.09
1.889973 13.210027 15.1
1.88885 13.221150 15.11
1.887729 13.232271 15.12
1.886608 13.243392 15.13
1.88549 13.254510 15.14
1.884372 13.265628 15.15
1.883258 13.276742 15.16
1.882144 13.287856 15.17
1.881029 13.298971 15.18
1.87992 13.310080 15.19
1.87881 13.321190 15.2
1.877702 13.332298 15.21
1.876593 13.343407 15.22
1.87549 13.354510 15.23
1.874384 13.365616 15.24
1.873281 13.376719 15.25
1.872181 13.387819 15.26
1.871081 13.398919 15.27
1.869984 13.410016 15.28
1.868888 13.421112 15.29
1.867792 13.432208 15.3
1.866698 13.443302 15.31
1.865606 13.454394 15.32
1.864516 13.465484 15.33
1.863426 13.476574 15.34
1.862338 13.487662 15.35
1.861253 13.498747 15.36
1.860168 13.509832 15.37
1.859082 13.520918 15.38
1.858 13.532000 15.39
1.85692 13.543080 15.4
1.855841 13.554159 15.41
1.854763 13.565237 15.42
1.853685 13.576315 15.43
1.852612 13.587388 15.44
1.851537 13.598463 15.45
1.850463 13.609537 15.46
1.849395 13.620605 15.47
1.848327 13.631673 15.48
1.847257 13.642743 15.49
1.846191 13.653809 15.5
1.845126 13.664874 15.51
1.844062 13.675938 15.52
1.842999 13.687001 15.53
1.841938 13.698062 15.54
1.840878 13.709122 15.55
1.839819 13.720181 15.56
1.838764 13.731236 15.57
1.837707 13.742293 15.58
1.836655 13.753345 15.59
1.8356 13.764400 15.6
1.834548 13.775452 15.61
1.833496 13.786504 15.62
1.832448 13.797552 15.63
1.8314 13.808600 15.64
1.830354 13.819646 15.65
1.829311 13.830689 15.66
1.828267 13.841733 15.67
1.827225 13.852775 15.68
1.826185 13.863815 15.69
1.825145 13.874855 15.7
1.824106 13.885894 15.71
1.82307 13.896930 15.72
1.822036 13.907964 15.73
1.821002 13.918998 15.74
1.819967 13.930033 15.75
1.818935 13.941065 15.76
1.817904 13.952096 15.77
1.816878 13.963122 15.78
1.815848 13.974152 15.79
1.814823 13.985177 15.8
1.813798 13.996202 15.81
1.812774 14.007226 15.82
1.811751 14.018249 15.83
1.81073 14.029270 15.84
1.809712 14.040288 15.85
1.808692 14.051308 15.86
1.807675 14.062325 15.87
1.80666 14.073340 15.88
1.805645 14.084355 15.89
1.804634 14.095366 15.9
1.80362 14.106380 15.91
1.80261 14.117390 15.92
1.801599 14.128401 15.93
1.800594 14.139406 15.94
1.799585 14.150415 15.95
1.798579 14.161421 15.96
1.797575 14.172425 15.97
1.796573 14.183427 15.98
1.795571 14.194429 15.99
1.79457 14.205430 16.0
1.793571 14.216429 16.01
1.79257 14.227430 16.02
1.791575 14.238425 16.03
1.790581 14.249419 16.04
1.789587 14.260413 16.05
1.788595 14.271405 16.06
1.787602 14.282398 16.07
1.78661 14.293390 16.08
1.785621 14.304379 16.09
1.784632 14.315368 16.1
1.783643 14.326357 16.11
1.78266 14.337340 16.12
1.781675 14.348325 16.13
1.780694 14.359306 16.14
1.779709 14.370291 16.15
1.778729 14.381271 16.16
1.77775 14.392250 16.17
1.776769 14.403231 16.18
1.775793 14.414207 16.19
1.774816 14.425184 16.2
1.773845 14.436155 16.21
1.77287 14.447130 16.22
1.771898 14.458102 16.23
1.770925 14.469075 16.24
1.769956 14.480044 16.25
1.768987 14.491013 16.26
1.768021 14.501979 16.27
1.767053 14.512947 16.28
1.766087 14.523913 16.29
1.765127 14.534873 16.3
1.764162 14.545838 16.31
1.7632 14.556800 16.32
1.76224 14.567760 16.33
1.761283 14.578717 16.34
1.760321 14.589679 16.35
1.759365 14.600635 16.36
1.758411 14.611589 16.37
1.757455 14.622545 16.38
1.756503 14.633497 16.39
1.75555 14.644450 16.4
1.754598 14.655402 16.41
1.753646 14.666354 16.42
1.7527 14.677300 16.43
1.751753 14.688247 16.44
1.750805 14.699195 16.45
1.749863 14.710137 16.46
1.748917 14.721083 16.47
1.747974 14.732026 16.48
1.74703 14.742970 16.49
1.74609 14.753910 16.5
1.745151 14.764849 16.51
1.744212 14.775788 16.52
1.743273 14.786727 16.53
1.742336 14.797664 16.54
1.741404 14.808596 16.55
1.74047 14.819530 16.56
1.739536 14.830464 16.57
1.738606 14.841394 16.58
1.737675 14.852325 16.59
1.736744 14.863256 16.6
1.735815 14.874185 16.61
1.734889 14.885111 16.62
1.733965 14.896035 16.63
1.733038 14.906962 16.64
1.732114 14.917886 16.65
1.731191 14.928809 16.66
1.730269 14.939731 16.67
1.729349 14.950651 16.68
1.72843 14.961570 16.69
1.727509 14.972491 16.7
1.726595 14.983405 16.71
1.725678 14.994322 16.72
1.724762 15.005238 16.73
1.723849 15.016151 16.74
1.722937 15.027063 16.75
1.722022 15.037978 16.76
1.721111 15.048889 16.77
1.720202 15.059798 16.78
1.719293 15.070707 16.79
1.718387 15.081613 16.8
1.717481 15.092519 16.81
1.716576 15.103424 16.82
1.715672 15.114328 16.83
1.714765 15.125235 16.84
1.713864 15.136136 16.85
1.712964 15.147036 16.86
1.712064 15.157936 16.87
1.711163 15.168837 16.88
1.710266 15.179734 16.89
1.709369 15.190631 16.9
1.708475 15.201525 16.91
1.707579 15.212421 16.92
1.706685 15.223315 16.93
1.705794 15.234206 16.94
1.704901 15.245099 16.95
1.704011 15.255989 16.96
1.703121 15.266879 16.97
1.702235 15.277765 16.98
1.701345 15.288655 16.99
1.700456 15.299544 17.0
1.699572 15.310428 17.01
1.698687 15.321313 17.02
1.697805 15.332195 17.03
1.69692 15.343080 17.04
1.696043 15.353957 17.05
1.695162 15.364838 17.06
1.694283 15.375717 17.07
1.693403 15.386597 17.08
1.692526 15.397474 17.09
1.691649 15.408351 17.1
1.690773 15.419227 17.11
1.689901 15.430099 17.12
1.68903 15.440970 17.13
1.688156 15.451844 17.14
1.687283 15.462717 17.15
1.686414 15.473586 17.16
1.685544 15.484456 17.17
1.684676 15.495324 17.18
1.68381 15.506190 17.19
1.682941 15.517059 17.2
1.682078 15.527922 17.21
1.681213 15.538787 17.22
1.680351 15.549649 17.23
1.679487 15.560513 17.24
1.678627 15.571373 17.25
1.677766 15.582234 17.26
1.676908 15.593092 17.27
1.676047 15.603953 17.28
1.675192 15.614808 17.29
1.674335 15.625665 17.3
1.673481 15.636519 17.31
1.672625 15.647375 17.32
1.67177 15.658230 17.33
1.670918 15.669082 17.34
1.670065 15.679935 17.35
1.669216 15.690784 17.36
1.668366 15.701634 17.37
1.667517 15.712483 17.38
1.666672 15.723328 17.39
1.665823 15.734177 17.4
1.664978 15.745022 17.41
1.664134 15.755866 17.42
1.663289 15.766711 17.43
1.662445 15.777555 17.44
1.661603 15.788397 17.45
1.660764 15.799236 17.46
1.659923 15.810077 17.47
1.659084 15.820916 17.48
1.658244 15.831756 17.49
1.657409 15.842591 17.5
1.656573 15.853427 17.51
1.655736 15.864264 17.52
1.6549 15.875100 17.53
1.654069 15.885931 17.54
1.653236 15.896764 17.55
1.652404 15.907596 17.56
1.651574 15.918426 17.57
1.650744 15.929256 17.58
1.649916 15.940084 17.59
1.649088 15.950912 17.6
1.648259 15.961741 17.61
1.647432 15.972568 17.62
1.646608 15.983392 17.63
1.645785 15.994215 17.64
1.644961 16.005039 17.65
1.644138 16.015862 17.66
1.643316 16.026684 17.67
1.642496 16.037504 17.68
1.641675 16.048325 17.69
1.640857 16.059143 17.7
1.640038 16.069962 17.71
1.639224 16.080776 17.72
1.638407 16.091593 17.73
1.637591 16.102409 17.74
1.636776 16.113224 17.75
1.635961 16.124039 17.76
1.63515 16.134850 17.77
1.634336 16.145664 17.78
1.633527 16.156473 17.79
1.632718 16.167282 17.8
1.631909 16.178091 17.81
1.6311 16.188900 17.82
1.630291 16.199709 17.83
1.629484 16.210516 17.84
1.628681 16.221319 17.85
1.627876 16.232124 17.86
1.627071 16.242929 17.87
1.626269 16.253731 17.88
1.625466 16.264534 17.89
1.624667 16.275333 17.9
1.623867 16.286133 17.91
1.623066 16.296934 17.92
1.622266 16.307734 17.93
1.621469 16.318531 17.94
1.620671 16.329329 17.95
1.619878 16.340122 17.96
1.619082 16.350918 17.97
1.618288 16.361712 17.98
1.617495 16.372505 17.99
1.616701 16.383299 18.0
1.615909 16.394091 18.01
1.615118 16.404882 18.02
1.61433 16.415670 18.03
1.613538 16.426462 18.04
1.61275 16.437250 18.05
1.611964 16.448036 18.06
1.611178 16.458822 18.07
1.610394 16.469606 18.08
1.609606 16.480394 18.09
1.608821 16.491179 18.1
1.608037 16.501963 18.11
1.607257 16.512743 18.12
1.606477 16.523523 18.13
1.605696 16.534304 18.14
1.604914 16.545086 18.15
1.604134 16.555866 18.16
1.603357 16.566643 18.17
1.602577 16.577423 18.18
1.601802 16.588198 18.19
1.601026 16.598974 18.2
1.600253 16.609747 18.21
1.599478 16.620522 18.22
1.598704 16.631296 18.23
1.597933 16.642067 18.24
1.59716 16.652840 18.25
1.596391 16.663609 18.26
1.595619 16.674381 18.27
1.59485 16.685150 18.28
1.594081 16.695919 18.29
1.593316 16.706684 18.3
1.592547 16.717453 18.31
1.591782 16.728218 18.32
1.591015 16.738985 18.33
1.59025 16.749750 18.34
1.589491 16.760509 18.35
1.588724 16.771276 18.36
1.587964 16.782036 18.37
1.587203 16.792797 18.38
1.586442 16.803558 18.39
1.585682 16.814318 18.4
1.584923 16.825077 18.41
1.584165 16.835835 18.42
1.583408 16.846592 18.43
1.582653 16.857347 18.44
1.581897 16.868103 18.45
1.581143 16.878857 18.46
1.580388 16.889612 18.47
1.579634 16.900366 18.48
1.578881 16.911119 18.49
1.578129 16.921871 18.5
1.577379 16.932621 18.51
1.576627 16.943373 18.52
1.575877 16.954123 18.53
1.57513 16.964870 18.54
1.574384 16.975616 18.55
1.573636 16.986364 18.56
1.57289 16.997110 18.57
1.572144 17.007856 18.58
1.571398 17.018602 18.59
1.570654 17.029346 18.6
1.569911 17.040089 18.61
1.569169 17.050831 18.62
1.568429 17.061571 18.63
1.567687 17.072313 18.64
1.566946 17.083054 18.65
1.566206 17.093794 18.66
1.565466 17.104534 18.67
1.564731 17.115269 18.68
1.563993 17.126007 18.69
1.563256 17.136744 18.7
1.562522 17.147478 18.71
1.561787 17.158213 18.72
1.561051 17.168949 18.73
1.56032 17.179680 18.74
1.559586 17.190414 18.75
1.558857 17.201143 18.76
1.558122 17.211878 18.77
1.557391 17.222609 18.78
1.556661 17.233339 18.79
1.555936 17.244064 18.8
1.555207 17.254793 18.81
1.55448 17.265520 18.82
1.553753 17.276247 18.83
1.553026 17.286974 18.84
1.552301 17.297699 18.85
1.551578 17.308422 18.86
1.550855 17.319145 18.87
1.550134 17.329866 18.88
1.549409 17.340591 18.89
1.548689 17.351311 18.9
1.547968 17.362032 18.91
1.547249 17.372751 18.92
1.546529 17.383471 18.93
1.545808 17.394192 18.94
1.545093 17.404907 18.95
1.544375 17.415625 18.96
1.54366 17.426340 18.97
1.542944 17.437056 18.98
1.542229 17.447771 18.99
1.541513 17.458487 19.0
1.5408 17.469200 19.01
1.540086 17.479914 19.02
1.539375 17.490625 19.03
1.538663 17.501337 19.04
1.537955 17.512045 19.05
1.537243 17.522757 19.06
1.536537 17.533463 19.07
1.535826 17.544174 19.08
1.535118 17.554882 19.09
1.53441 17.565590 19.1
1.533706 17.576294 19.11
1.532998 17.587002 19.12
1.532296 17.597704 19.13
1.531592 17.608408 19.14
1.530888 17.619112 19.15
1.530186 17.629814 19.16
1.529482 17.640518 19.17
1.528782 17.651218 19.18
1.528079 17.661921 19.19
1.527381 17.672619 19.2
1.526683 17.683317 19.21
1.525984 17.694016 19.22
1.525284 17.704716 19.23
1.524586 17.715414 19.24
1.523891 17.726109 19.25
1.523195 17.736805 19.26
1.522501 17.747499 19.27
1.521806 17.758194 19.28
1.521112 17.768888 19.29
1.520421 17.779579 19.3
1.519728 17.790272 19.31
1.519036 17.800964 19.32
1.518345 17.811655 19.33
1.517654 17.822346 19.34
1.516967 17.833033 19.35
1.516277 17.843723 19.36
1.515588 17.854412 19.37
1.514901 17.865099 19.38
1.514214 17.875786 19.39
1.513527 17.886473 19.4
1.512844 17.897156 19.41
1.512155 17.907845 19.42
1.511474 17.918526 19.43
1.510789 17.929211 19.44
1.510106 17.939894 19.45
1.509427 17.950573 19.46
1.508744 17.961256 19.47
1.508065 17.971935 19.48
1.507382 17.982618 19.49
1.506704 17.993296 19.5
1.506025 18.003975 19.51
1.505346 18.014654 19.52
1.504669 18.025331 19.53
1.503991 18.036009 19.54
1.503318 18.046682 19.55
1.502642 18.057358 19.56
1.501967 18.068033 19.57
1.501293 18.078707 19.58
1.50062 18.089380 19.59
1.499948 18.100052 19.6
1.499273 18.110727 19.61
1.498603 18.121397 19.62
1.497933 18.132067 19.63
1.497264 18.142736 19.64
1.496594 18.153406 19.65
1.495922 18.164078 19.66
1.495253 18.174747 19.67
1.494589 18.185411 19.68
1.493921 18.196079 19.69
1.493255 18.206745 19.7
1.492593 18.217407 19.71
1.491925 18.228075 19.72
1.491261 18.238739 19.73
1.490599 18.249401 19.74
1.489933 18.260067 19.75
1.489273 18.270727 19.76
1.488607 18.281393 19.77
1.487947 18.292053 19.78
1.487287 18.302713 19.79
1.486628 18.313372 19.8
1.485968 18.324032 19.81
1.48531 18.334690 19.82
1.484654 18.345346 19.83
1.483995 18.356005 19.84
1.483339 18.366661 19.85
1.482683 18.377317 19.86
1.482026 18.387974 19.87
1.481372 18.398628 19.88
1.480719 18.409281 19.89
1.480067 18.419933 19.9
1.479414 18.430586 19.91
1.478762 18.441238 19.92
1.478109 18.451891 19.93
1.477458 18.462542 19.94
1.476808 18.473192 19.95
1.476159 18.483841 19.96
1.475507 18.494493 19.97
1.474862 18.505138 19.98
1.474213 18.515787 19.99
1.473566 18.526434 20.0
