# 128.6 deg
6.953259 0.096741 7.05
6.855746 0.204254 7.06
6.780397 0.289603 7.07
6.717017 0.362983 7.08
6.661061 0.428939 7.09
6.610312 0.489688 7.1
6.563496 0.546504 7.11
6.519818 0.600182 7.12
6.478719 0.651281 7.13
6.439799 0.700201 7.14
6.402752 0.747248 7.15
6.367351 0.792649 7.16
6.333398 0.836602 7.17
6.300748 0.879252 7.18
6.269266 0.920734 7.19
6.23885 0.961150 7.2
6.209406 1.000594 7.21
6.180859 1.039141 7.22
6.153133 1.076867 7.23
6.126173 1.113827 7.24
6.099929 1.150071 7.25
6.07435 1.185650 7.26
6.049394 1.220606 7.27
6.025024 1.254976 7.28
6.001211 1.288789 7.29
5.977914 1.322086 7.3
5.955116 1.354884 7.31
5.932787 1.387213 7.32
5.910901 1.419099 7.33
5.88944 1.450560 7.34
5.868384 1.481616 7.35
5.847711 1.512289 7.36
5.827408 1.542592 7.37
5.80746 1.572540 7.38
5.787849 1.602151 7.39
5.768562 1.631438 7.4
5.749591 1.660409 7.41
5.730918 1.689082 7.42
5.712537 1.717463 7.43
5.694431 1.745569 7.44
5.676594 1.773406 7.45
5.659014 1.800986 7.46
5.64169 1.828310 7.47
5.624607 1.855393 7.48
5.607759 1.882241 7.49
5.591134 1.908866 7.5
5.57473 1.935270 7.51
5.558545 1.961455 7.52
5.542565 1.987435 7.53
5.526784 2.013216 7.54
5.511201 2.038799 7.55
5.495803 2.064197 7.56
5.480591 2.089409 7.57
5.465563 2.114437 7.58
5.450704 2.139296 7.59
5.436019 2.163981 7.6
5.421496 2.188504 7.61
5.407138 2.212862 7.62
5.392936 2.237064 7.63
5.378887 2.261113 7.64
5.36499 2.285010 7.65
5.351239 2.308761 7.66
5.337629 2.332371 7.67
5.32416 2.355840 7.68
5.310826 2.379174 7.69
5.297627 2.402373 7.7
5.284558 2.425442 7.71
5.271616 2.448384 7.72
5.258801 2.471199 7.73
5.246106 2.493894 7.74
5.23353 2.516470 7.75
5.221073 2.538927 7.76
5.20873 2.561270 7.77
5.196501 2.583499 7.78
5.18438 2.605620 7.79
5.172367 2.627633 7.8
5.160462 2.649538 7.81
5.148659 2.671341 7.82
5.136961 2.693039 7.83
5.12536 2.714640 7.84
5.113859 2.736141 7.85
5.102454 2.757546 7.86
5.091143 2.778857 7.87
5.079927 2.800073 7.88
5.0688 2.821200 7.89
5.057765 2.842235 7.9
5.046817 2.863183 7.91
5.035956 2.884044 7.92
5.025181 2.904819 7.93
5.014488 2.925512 7.94
5.00388 2.946120 7.95
4.993351 2.966649 7.96
4.982902 2.987098 7.97
4.972532 3.007468 7.98
4.96224 3.027760 7.99
4.952025 3.047975 8.0
4.941883 3.068117 8.01
4.931814 3.088186 8.02
4.92182 3.108180 8.03
4.911897 3.128103 8.04
4.902041 3.147959 8.05
4.892258 3.167742 8.06
4.882544 3.187456 8.07
4.872896 3.207104 8.08
4.863313 3.226687 8.09
4.853796 3.246204 8.1
4.844347 3.265653 8.11
4.834957 3.285043 8.12
4.825632 3.304368 8.13
4.816368 3.323632 8.14
4.807167 3.342833 8.15
4.798024 3.361976 8.16
4.78894 3.381060 8.17
4.779915 3.400085 8.18
4.770952 3.419048 8.19
4.762041 3.437959 8.2
4.753188 3.456812 8.21
4.744387 3.475613 8.22
4.735648 3.494352 8.23
4.726958 3.513042 8.24
4.718322 3.531678 8.25
4.709739 3.550261 8.26
4.70121 3.568790 8.27
4.692731 3.587269 8.28
4.684303 3.605697 8.29
4.675925 3.624075 8.3
4.667596 3.642404 8.31
4.659316 3.660684 8.32
4.651087 3.678913 8.33
4.642902 3.697098 8.34
4.634768 3.715232 8.35
4.62668 3.733320 8.36
4.618636 3.751364 8.37
4.610639 3.769361 8.38
4.602687 3.787313 8.39
4.594779 3.805221 8.4
4.586917 3.823083 8.41
4.579097 3.840903 8.42
4.57132 3.858680 8.43
4.563587 3.876413 8.44
4.555896 3.894104 8.45
4.548246 3.911754 8.46
4.540636 3.929364 8.47
4.53307 3.946930 8.48
4.525543 3.964457 8.49
4.518055 3.981945 8.5
4.510607 3.999393 8.51
4.503197 4.016803 8.52
4.495827 4.034173 8.53
4.488496 4.051504 8.54
4.481202 4.068798 8.55
4.473946 4.086054 8.56
4.466727 4.103273 8.57
4.459545 4.120455 8.58
4.452399 4.137601 8.59
4.445288 4.154712 8.6
4.438216 4.171784 8.61
4.431178 4.188822 8.62
4.424172 4.205828 8.63
4.417203 4.222797 8.64
4.410269 4.239731 8.65
4.403367 4.256633 8.66
4.3965 4.273500 8.67
4.389664 4.290336 8.68
4.382866 4.307134 8.69
4.376095 4.323905 8.7
4.369361 4.340639 8.71
4.362655 4.357345 8.72
4.355984 4.374016 8.73
4.349342 4.390658 8.74
4.342732 4.407268 8.75
4.336152 4.423848 8.76
4.329606 4.440394 8.77
4.323089 4.456911 8.78
4.3166 4.473400 8.79
4.310143 4.489857 8.8
4.303713 4.506287 8.81
4.297314 4.522686 8.82
4.290944 4.539056 8.83
4.284602 4.555398 8.84
4.278291 4.571709 8.85
4.272007 4.587993 8.86
4.265751 4.604249 8.87
4.259519 4.620481 8.88
4.253318 4.636682 8.89
4.247145 4.652855 8.9
4.240999 4.669001 8.91
4.234877 4.685123 8.92
4.228783 4.701217 8.93
4.222717 4.717283 8.94
4.216676 4.733324 8.95
4.21066 4.749340 8.96
4.204671 4.765329 8.97
4.198709 4.781291 8.98
4.192768 4.797232 8.99
4.186853 4.813147 9.0
4.180967 4.829033 9.01
4.175101 4.844899 9.02
4.169262 4.860738 9.03
4.163447 4.876553 9.04
4.157656 4.892344 9.05
4.15189 4.908110 9.06
4.146147 4.923853 9.07
4.140427 4.939573 9.08
4.13473 4.955270 9.09
4.129057 4.970943 9.1
4.123408 4.986592 9.11
4.117779 5.002221 9.12
4.112174 5.017826 9.13
4.106591 5.033409 9.14
4.101033 5.048967 9.15
4.095493 5.064507 9.16
4.089977 5.080023 9.17
4.084483 5.095517 9.18
4.079012 5.110988 9.19
4.073559 5.126441 9.2
4.06813 5.141870 9.21
4.06272 5.157280 9.22
4.057333 5.172667 9.23
4.051966 5.188034 9.24
4.04662 5.203380 9.25
4.041294 5.218706 9.26
4.035988 5.234012 9.27
4.030704 5.249296 9.28
4.02544 5.264560 9.29
4.020193 5.279807 9.3
4.014967 5.295033 9.31
4.009764 5.310236 9.32
4.004577 5.325423 9.33
3.99941 5.340590 9.34
3.994262 5.355738 9.35
3.989136 5.370864 9.36
3.984026 5.385974 9.37
3.978935 5.401065 9.38
3.973863 5.416137 9.39
3.968811 5.431189 9.4
3.963775 5.446225 9.41
3.958759 5.461241 9.42
3.95376 5.476240 9.43
3.948781 5.491219 9.44
3.943819 5.506181 9.45
3.938873 5.521127 9.46
3.933946 5.536054 9.47
3.92904 5.550960 9.48
3.924148 5.565852 9.49
3.919275 5.580725 9.5
3.914416 5.595584 9.51
3.909576 5.610424 9.52
3.904755 5.625245 9.53
3.899948 5.640052 9.54
3.895159 5.654841 9.55
3.890387 5.669613 9.56
3.885631 5.684369 9.57
3.880893 5.699107 9.58
3.87617 5.713830 9.59
3.871461 5.728539 9.6
3.866773 5.743227 9.61
3.862099 5.757901 9.62
3.85744 5.772560 9.63
3.852796 5.787204 9.64
3.848171 5.801829 9.65
3.843559 5.816441 9.66
3.838964 5.831036 9.67
3.834384 5.845616 9.68
3.829819 5.860181 9.69
3.825271 5.874729 9.7
3.820737 5.889263 9.71
3.816217 5.903783 9.72
3.811714 5.918286 9.73
3.807224 5.932776 9.74
3.802751 5.947249 9.75
3.79829 5.961710 9.76
3.793845 5.976155 9.77
3.789417 5.990583 9.78
3.785001 6.004999 9.79
3.780598 6.019402 9.8
3.776209 6.033791 9.81
3.771837 6.048163 9.82
3.76748 6.062520 9.83
3.763133 6.076867 9.84
3.758803 6.091197 9.85
3.754486 6.105514 9.86
3.750182 6.119818 9.87
3.74589 6.134110 9.88
3.741615 6.148385 9.89
3.737353 6.162647 9.9
3.733103 6.176897 9.91
3.728867 6.191133 9.92
3.724644 6.205356 9.93
3.720434 6.219566 9.94
3.716238 6.233762 9.95
3.712053 6.247947 9.96
3.707882 6.262118 9.97
3.703725 6.276275 9.98
3.699579 6.290421 9.99
3.695446 6.304554 10.0
3.691326 6.318674 10.01
3.687218 6.332782 10.02
3.683123 6.346877 10.03
3.679042 6.360958 10.04
3.674969 6.375031 10.05
3.670912 6.389088 10.06
3.666866 6.403134 10.07
3.662833 6.417167 10.08
3.65881 6.431190 10.09
3.6548 6.445200 10.1
3.650803 6.459197 10.11
3.646815 6.473185 10.12
3.64284 6.487160 10.13
3.638878 6.501122 10.14
3.634926 6.515074 10.15
3.630985 6.529015 10.16
3.627057 6.542943 10.17
3.62314 6.556860 10.18
3.619235 6.570765 10.19
3.615339 6.584661 10.2
3.611455 6.598545 10.21
3.607583 6.612417 10.22
3.603721 6.626279 10.23
3.599869 6.640131 10.24
3.596031 6.653969 10.25
3.592201 6.667799 10.26
3.588383 6.681617 10.27
3.584576 6.695424 10.28
3.580779 6.709221 10.29
3.576992 6.723008 10.3
3.573216 6.736784 10.31
3.569451 6.750549 10.32
3.565697 6.764303 10.33
3.561951 6.778049 10.34
3.558215 6.791785 10.35
3.554493 6.805507 10.36
3.55078 6.819220 10.37
3.547075 6.832925 10.38
3.543381 6.846619 10.39
3.5397 6.860300 10.4
3.536026 6.873974 10.41
3.532361 6.887639 10.42
3.528709 6.901291 10.43
3.525067 6.914933 10.44
3.521434 6.928566 10.45
3.517809 6.942191 10.46
3.514195 6.955805 10.47
3.510591 6.969409 10.48
3.506995 6.983005 10.49
3.503412 6.996588 10.5
3.499834 7.010166 10.51
3.496269 7.023731 10.52
3.492713 7.037287 10.53
3.489166 7.050834 10.54
3.485627 7.064373 10.55
3.482098 7.077902 10.56
3.478581 7.091419 10.57
3.475071 7.104929 10.58
3.471568 7.118432 10.59
3.468078 7.131922 10.6
3.464595 7.145405 10.61
3.461122 7.158878 10.62
3.457656 7.172344 10.63
3.454199 7.185801 10.64
3.450754 7.199246 10.65
3.447316 7.212684 10.66
3.443887 7.226113 10.67
3.440466 7.239534 10.68
3.437055 7.252945 10.69
3.433653 7.266347 10.7
3.430256 7.279744 10.71
3.426872 7.293128 10.72
3.423496 7.306504 10.73
3.420126 7.319874 10.74
3.416767 7.333233 10.75
3.413414 7.346586 10.76
3.410072 7.359928 10.77
3.406739 7.373261 10.78
3.403411 7.386589 10.79
3.400091 7.399909 10.8
3.396782 7.413218 10.81
3.393481 7.426519 10.82
3.390188 7.439812 10.83
3.386901 7.453099 10.84
3.383624 7.466376 10.85
3.380356 7.479644 10.86
3.377095 7.492905 10.87
3.373841 7.506159 10.88
3.370597 7.519403 10.89
3.36736 7.532640 10.9
3.36413 7.545870 10.91
3.360909 7.559091 10.92
3.357695 7.572305 10.93
3.35449 7.585510 10.94
3.351292 7.598708 10.95
3.348101 7.611899 10.96
3.344918 7.625082 10.97
3.341744 7.638256 10.98
3.338577 7.651423 10.99
3.335416 7.664584 11.0
3.332263 7.677737 11.01
3.329118 7.690882 11.02
3.325981 7.704019 11.03
3.322851 7.717149 11.04
3.319729 7.730271 11.05
3.316614 7.743386 11.06
3.313507 7.756493 11.07
3.310406 7.769594 11.08
3.307313 7.782687 11.09
3.304228 7.795772 11.1
3.301149 7.808851 11.11
3.298076 7.821924 11.12
3.295012 7.834988 11.13
3.291955 7.848045 11.14
3.288906 7.861094 11.15
3.285863 7.874137 11.16
3.282825 7.887175 11.17
3.279797 7.900203 11.18
3.276775 7.913225 11.19
3.27376 7.926240 11.2
3.270751 7.939249 11.21
3.26775 7.952250 11.22
3.264756 7.965244 11.23
3.261767 7.978233 11.24
3.258788 7.991212 11.25
3.255812 8.004188 11.26
3.252844 8.017156 11.27
3.249885 8.030115 11.28
3.246932 8.043068 11.29
3.243984 8.056016 11.3
3.241043 8.068957 11.31
3.238109 8.081891 11.32
3.235182 8.094818 11.33
3.23226 8.107740 11.34
3.229343 8.120657 11.35
3.226437 8.133563 11.36
3.223537 8.146463 11.37
3.22064 8.159360 11.38
3.217751 8.172249 11.39
3.21487 8.185130 11.4
3.211994 8.198006 11.41
3.209124 8.210876 11.42
3.206261 8.223739 11.43
3.203404 8.236596 11.44
3.200553 8.249447 11.45
3.197709 8.262291 11.46
3.19487 8.275130 11.47
3.192038 8.287962 11.48
3.189212 8.300788 11.49
3.186392 8.313608 11.5
3.183578 8.326422 11.51
3.180769 8.339231 11.52
3.177968 8.352032 11.53
3.175174 8.364826 11.54
3.172382 8.377618 11.55
3.169599 8.390401 11.56
3.166824 8.403176 11.57
3.16405 8.415950 11.58
3.161283 8.428717 11.59
3.158524 8.441476 11.6
3.15577 8.454230 11.61
3.153021 8.466979 11.62
3.15028 8.479720 11.63
3.147542 8.492458 11.64
3.144813 8.505187 11.65
3.142086 8.517914 11.66
3.139368 8.530632 11.67
3.136651 8.543349 11.68
3.133946 8.556054 11.69
3.131243 8.568757 11.7
3.128546 8.581454 11.71
3.125854 8.594146 11.72
3.123169 8.606831 11.73
3.120489 8.619511 11.74
3.117814 8.632186 11.75
3.115144 8.644856 11.76
3.112482 8.657518 11.77
3.109823 8.670177 11.78
3.107171 8.682829 11.79
3.104523 8.695477 11.8
3.101883 8.708117 11.81
3.099247 8.720753 11.82
3.096616 8.733384 11.83
3.09399 8.746010 11.84
3.091371 8.758629 11.85
3.088755 8.771245 11.86
3.086146 8.783854 11.87
3.083541 8.796459 11.88
3.080941 8.809059 11.89
3.078349 8.821651 11.9
3.07576 8.834240 11.91
3.073177 8.846823 11.92
3.070599 8.859401 11.93
3.068026 8.871974 11.94
3.065458 8.884542 11.95
3.062893 8.897107 11.96
3.060338 8.909662 11.97
3.057786 8.922214 11.98
3.055237 8.934763 11.99
3.052695 8.947305 12.0
3.050155 8.959845 12.01
3.047623 8.972377 12.02
3.045099 8.984901 12.03
3.042575 8.997425 12.04
3.040057 9.009943 12.05
3.037544 9.022456 12.06
3.035037 9.034963 12.07
3.032534 9.047466 12.08
3.030036 9.059964 12.09
3.027543 9.072457 12.1
3.025056 9.084944 12.11
3.022572 9.097428 12.12
3.020094 9.109906 12.13
3.017619 9.122381 12.14
3.01515 9.134850 12.15
3.012686 9.147314 12.16
3.010227 9.159773 12.17
3.007772 9.172228 12.18
3.005322 9.184678 12.19
3.002877 9.197123 12.2
3.000437 9.209563 12.21
2.998 9.222000 12.22
2.995569 9.234431 12.23
2.993142 9.246858 12.24
2.990719 9.259281 12.25
2.988302 9.271698 12.26
2.985889 9.284111 12.27
2.983481 9.296519 12.28
2.981075 9.308925 12.29
2.978679 9.321321 12.3
2.976283 9.333717 12.31
2.973892 9.346108 12.32
2.971506 9.358494 12.33
2.969124 9.370876 12.34
2.966748 9.383252 12.35
2.964376 9.395624 12.36
2.962007 9.407993 12.37
2.959642 9.420358 12.38
2.957283 9.432717 12.39
2.954929 9.445071 12.4
2.952579 9.457421 12.41
2.950231 9.469769 12.42
2.94789 9.482110 12.43
2.945553 9.494447 12.44
2.943218 9.506782 12.45
2.940889 9.519111 12.46
2.938564 9.531436 12.47
2.936244 9.543756 12.48
2.933928 9.556072 12.49
2.931615 9.568385 12.5
2.929308 9.580692 12.51
2.927003 9.592997 12.52
2.924704 9.605296 12.53
2.922409 9.617591 12.54
2.920118 9.629882 12.55
2.91783 9.642170 12.56
2.915548 9.654452 12.57
2.91327 9.666730 12.58
2.910994 9.679006 12.59
2.908722 9.691278 12.6
2.906457 9.703543 12.61
2.904194 9.715806 12.62
2.901934 9.728066 12.63
2.899679 9.740321 12.64
2.897428 9.752572 12.65
2.895182 9.764818 12.66
2.892939 9.777061 12.67
2.890701 9.789299 12.68
2.888466 9.801534 12.69
2.886235 9.813765 12.7
2.884008 9.825992 12.71
2.881784 9.838216 12.72
2.879567 9.850433 12.73
2.877351 9.862649 12.74
2.875138 9.874862 12.75
2.872932 9.887068 12.76
2.87073 9.899270 12.77
2.86853 9.911470 12.78
2.866334 9.923666 12.79
2.864141 9.935859 12.8
2.861954 9.948046 12.81
2.85977 9.960230 12.82
2.857591 9.972409 12.83
2.855414 9.984586 12.84
2.853242 9.996758 12.85
2.851074 10.008926 12.86
2.848909 10.021091 12.87
2.846749 10.033251 12.88
2.844591 10.045409 12.89
2.84244 10.057560 12.9
2.840291 10.069709 12.91
2.838144 10.081856 12.92
2.836002 10.093998 12.93
2.833865 10.106135 12.94
2.831733 10.118267 12.95
2.829601 10.130399 12.96
2.827475 10.142525 12.97
2.825352 10.154648 12.98
2.823235 10.166765 12.99
2.821119 10.178881 13.0
2.819007 10.190993 13.01
2.816901 10.203099 13.02
2.814798 10.215202 13.03
2.812697 10.227303 13.04
2.810601 10.239399 13.05
2.808511 10.251489 13.06
2.806422 10.263578 13.07
2.804339 10.275661 13.08
2.802256 10.287744 13.09
2.800179 10.299821 13.1
2.798107 10.311893 13.11
2.796038 10.323962 13.12
2.793971 10.336029 13.13
2.791909 10.348091 13.14
2.789854 10.360146 13.15
2.787797 10.372203 13.16
2.785747 10.384253 13.17
2.7837 10.396300 13.18
2.781656 10.408344 13.19
2.779616 10.420384 13.2
2.777579 10.432421 13.21
2.775547 10.444453 13.22
2.773517 10.456483 13.23
2.771493 10.468507 13.24
2.769468 10.480532 13.25
2.76745 10.492550 13.26
2.765434 10.504566 13.27
2.763424 10.516576 13.28
2.761415 10.528585 13.29
2.75941 10.540590 13.3
2.75741 10.552590 13.31
2.755412 10.564588 13.32
2.753419 10.576581 13.33
2.751427 10.588573 13.34
2.749439 10.600561 13.35
2.747454 10.612546 13.36
2.745475 10.624525 13.37
2.743498 10.636502 13.38
2.741524 10.648476 13.39
2.739557 10.660443 13.4
2.737587 10.672413 13.41
2.735626 10.684374 13.42
2.733663 10.696337 13.43
2.731708 10.708292 13.44
2.729754 10.720246 13.45
2.727803 10.732197 13.46
2.725857 10.744143 13.47
2.723915 10.756085 13.48
2.721976 10.768024 13.49
2.720038 10.779962 13.5
2.718103 10.791897 13.51
2.716174 10.803826 13.52
2.714249 10.815751 13.53
2.712323 10.827677 13.54
2.710402 10.839598 13.55
2.708484 10.851516 13.56
2.706572 10.863428 13.57
2.704661 10.875339 13.58
2.702755 10.887245 13.59
2.700849 10.899151 13.6
2.698948 10.911052 13.61
2.69705 10.922950 13.62
2.695155 10.934845 13.63
2.693263 10.946737 13.64
2.691375 10.958625 13.65
2.689491 10.970509 13.66
2.687607 10.982393 13.67
2.68573 10.994270 13.68
2.683853 11.006147 13.69
2.681978 11.018022 13.7
2.680111 11.029889 13.71
2.678243 11.041757 13.72
2.676381 11.053619 13.73
2.67452 11.065480 13.74
2.672662 11.077338 13.75
2.670808 11.089192 13.76
2.668956 11.101044 13.77
2.667109 11.112891 13.78
2.665265 11.124735 13.79
2.663421 11.136579 13.8
2.661583 11.148417 13.81
2.659747 11.160253 13.82
2.657913 11.172087 13.83
2.656082 11.183918 13.84
2.654257 11.195743 13.85
2.652432 11.207568 13.86
2.650612 11.219388 13.87
2.648792 11.231208 13.88
2.646977 11.243023 13.89
2.645166 11.254834 13.9
2.643355 11.266645 13.91
2.64155 11.278450 13.92
2.639745 11.290255 13.93
2.637946 11.302054 13.94
2.636148 11.313852 13.95
2.634351 11.325649 13.96
2.63256 11.337440 13.97
2.63077 11.349230 13.98
2.628985 11.361015 13.99
2.627202 11.372798 14.0
2.62542 11.384580 14.01
2.623643 11.396357 14.02
2.621867 11.408133 14.03
2.620096 11.419904 14.04
2.618326 11.431674 14.05
2.616561 11.443439 14.06
2.614797 11.455203 14.07
2.613039 11.466961 14.08
2.611277 11.478723 14.09
2.609523 11.490477 14.1
2.607769 11.502231 14.11
2.606023 11.513977 14.12
2.604275 11.525725 14.13
2.602532 11.537468 14.14
2.60079 11.549210 14.15
2.599052 11.560948 14.16
2.597314 11.572686 14.17
2.595582 11.584418 14.18
2.593853 11.596147 14.19
2.592125 11.607875 14.2
2.590398 11.619602 14.21
2.588676 11.631324 14.22
2.586957 11.643043 14.23
2.585241 11.654759 14.24
2.583527 11.666473 14.25
2.581815 11.678185 14.26
2.580104 11.689896 14.27
2.578398 11.701602 14.28
2.576697 11.713303 14.29
2.574995 11.725005 14.3
2.573295 11.736705 14.31
2.571602 11.748398 14.32
2.569906 11.760094 14.33
2.568217 11.771783 14.34
2.566528 11.783472 14.35
2.564844 11.795156 14.36
2.56316 11.806840 14.37
2.56148 11.818520 14.38
2.559804 11.830196 14.39
2.55813 11.841870 14.4
2.556457 11.853543 14.41
2.554787 11.865213 14.42
2.553118 11.876882 14.43
2.551456 11.888544 14.44
2.549791 11.900209 14.45
2.548132 11.911868 14.46
2.546473 11.923527 14.47
2.544822 11.935178 14.48
2.54317 11.946830 14.49
2.541521 11.958479 14.5
2.539873 11.970127 14.51
2.538226 11.981774 14.52
2.536586 11.993414 14.53
2.534945 12.005055 14.54
2.533308 12.016692 14.55
2.531673 12.028327 14.56
2.530042 12.039958 14.57
2.528412 12.051588 14.58
2.526783 12.063217 14.59
2.525159 12.074841 14.6
2.523537 12.086463 14.61
2.521916 12.098084 14.62
2.520299 12.109701 14.63
2.518684 12.121316 14.64
2.517072 12.132928 14.65
2.515458 12.144542 14.66
2.513852 12.156148 14.67
2.512248 12.167752 14.68
2.510643 12.179357 14.69
2.509043 12.190957 14.7
2.507444 12.202556 14.71
2.505848 12.214152 14.72
2.504255 12.225745 14.73
2.502664 12.237336 14.74
2.501073 12.248927 14.75
2.499487 12.260513 14.76
2.497902 12.272098 14.77
2.496321 12.283679 14.78
2.494741 12.295259 14.79
2.493163 12.306837 14.8
2.491588 12.318412 14.81
2.490016 12.329984 14.82
2.488446 12.341554 14.83
2.486878 12.353122 14.84
2.485311 12.364689 14.85
2.483749 12.376251 14.86
2.482186 12.387814 14.87
2.480627 12.399373 14.88
2.47907 12.410930 14.89
2.477517 12.422483 14.9
2.475965 12.434035 14.91
2.474414 12.445586 14.92
2.472866 12.457134 14.93
2.471321 12.468679 14.94
2.469778 12.480222 14.95
2.468236 12.491764 14.96
2.466696 12.503304 14.97
2.465162 12.514838 14.98
2.463629 12.526371 14.99
2.462095 12.537905 15.0
2.460565 12.549435 15.01
2.459037 12.560963 15.02
2.457513 12.572487 15.03
2.455988 12.584012 15.04
2.454469 12.595531 15.05
2.452949 12.607051 15.06
2.451433 12.618567 15.07
2.449916 12.630084 15.08
2.448405 12.641595 15.09
2.446894 12.653106 15.1
2.445386 12.664614 15.11
2.443881 12.676119 15.12
2.442378 12.687622 15.13
2.440875 12.699125 15.14
2.439375 12.710625 15.15
2.43788 12.722120 15.16
2.436383 12.733617 15.17
2.434887 12.745113 15.18
2.433401 12.756599 15.19
2.431911 12.768089 15.2
2.430422 12.779578 15.21
2.428937 12.791063 15.22
2.427455 12.802545 15.23
2.425974 12.814026 15.24
2.424495 12.825505 15.25
2.42302 12.836980 15.26
2.421544 12.848456 15.27
2.420072 12.859928 15.28
2.418603 12.871397 15.29
2.417134 12.882866 15.3
2.415668 12.894332 15.31
2.414203 12.905797 15.32
2.412742 12.917258 15.33
2.411281 12.928719 15.34
2.409824 12.940176 15.35
2.408368 12.951632 15.36
2.406915 12.963085 15.37
2.405461 12.974539 15.38
2.404011 12.985989 15.39
2.402563 12.997437 15.4
2.401117 13.008883 15.41
2.399675 13.020325 15.42
2.398232 13.031768 15.43
2.396793 13.043207 15.44
2.395354 13.054646 15.45
2.393918 13.066082 15.46
2.392484 13.077516 15.47
2.391054 13.088946 15.48
2.389622 13.100378 15.49
2.388195 13.111805 15.5
2.386769 13.123231 15.51
2.385345 13.134655 15.52
2.383923 13.146077 15.53
2.382505 13.157495 15.54
2.381085 13.168915 15.55
2.379668 13.180332 15.56
2.378252 13.191748 15.57
2.376841 13.203159 15.58
2.375431 13.214569 15.59
2.37402 13.225980 15.6
2.372614 13.237386 15.61
2.37121 13.248790 15.62
2.369807 13.260193 15.63
2.368404 13.271596 15.64
2.367008 13.282992 15.65
2.36561 13.294390 15.66
2.364216 13.305784 15.67
2.362821 13.317179 15.68
2.361431 13.328569 15.69
2.360039 13.339961 15.7
2.358651 13.351349 15.71
2.357266 13.362734 15.72
2.355884 13.374116 15.73
2.3545 13.385500 15.74
2.353119 13.396881 15.75
2.351742 13.408258 15.76
2.350363 13.419637 15.77
2.34899 13.431010 15.78
2.347616 13.442384 15.79
2.346246 13.453754 15.8
2.344877 13.465123 15.81
2.343509 13.476491 15.82
2.342144 13.487856 15.83
2.340779 13.499221 15.84
2.339416 13.510584 15.85
2.338057 13.521943 15.86
2.336698 13.533302 15.87
2.335342 13.544658 15.88
2.333988 13.556012 15.89
2.332637 13.567363 15.9
2.331284 13.578716 15.91
2.329935 13.590065 15.92
2.328586 13.601414 15.93
2.327241 13.612759 15.94
2.325896 13.624104 15.95
2.324554 13.635446 15.96
2.323213 13.646787 15.97
2.321875 13.658125 15.98
2.320537 13.669463 15.99
2.319203 13.680797 16.0
2.31787 13.692130 16.01
2.316536 13.703464 16.02
2.315208 13.714792 16.03
2.31388 13.726120 16.04
2.312554 13.737446 16.05
2.311231 13.748769 16.06
2.309907 13.760093 16.07
2.308584 13.771416 16.08
2.307266 13.782734 16.09
2.305949 13.794051 16.1
2.304631 13.805369 16.11
2.303316 13.816684 16.12
2.302005 13.827995 16.13
2.300697 13.839303 16.14
2.299384 13.850616 16.15
2.298076 13.861924 16.16
2.296772 13.873228 16.17
2.295466 13.884534 16.18
2.294164 13.895836 16.19
2.292862 13.907138 16.2
2.291566 13.918434 16.21
2.290268 13.929732 16.22
2.288972 13.941028 16.23
2.287678 13.952322 16.24
2.286386 13.963614 16.25
2.285094 13.974906 16.26
2.283807 13.986193 16.27
2.282517 13.997483 16.28
2.281231 14.008769 16.29
2.279949 14.020051 16.3
2.278667 14.031333 16.31
2.277384 14.042616 16.32
2.276106 14.053894 16.33
2.274831 14.065169 16.34
2.273553 14.076447 16.35
2.272279 14.087721 16.36
2.271007 14.098993 16.37
2.269735 14.110265 16.38
2.268467 14.121533 16.39
2.267198 14.132802 16.4
2.265932 14.144068 16.41
2.264666 14.155334 16.42
2.263405 14.166595 16.43
2.262145 14.177855 16.44
2.260884 14.189116 16.45
2.259627 14.200373 16.46
2.25837 14.211630 16.47
2.257116 14.222884 16.48
2.25586 14.234140 16.49
2.254611 14.245389 16.5
2.253359 14.256641 16.51
2.25211 14.267890 16.52
2.250862 14.279138 16.53
2.249616 14.290384 16.54
2.248376 14.301624 16.55
2.247132 14.312868 16.56
2.245892 14.324108 16.57
2.244653 14.335347 16.58
2.243414 14.346586 16.59
2.242179 14.357821 16.6
2.240943 14.369057 16.61
2.23971 14.380290 16.62
2.238481 14.391519 16.63
2.23725 14.402750 16.64
2.236021 14.413979 16.65
2.234794 14.425206 16.66
2.233569 14.436431 16.67
2.232346 14.447654 16.68
2.231123 14.458877 16.69
2.229901 14.470099 16.7
2.228683 14.481317 16.71
2.227465 14.492535 16.72
2.226249 14.503751 16.73
2.225035 14.514965 16.74
2.223823 14.526177 16.75
2.222609 14.537391 16.76
2.221399 14.548601 16.77
2.22019 14.559810 16.78
2.218982 14.571018 16.79
2.217779 14.582221 16.8
2.216576 14.593424 16.81
2.215374 14.604626 16.82
2.214171 14.615829 16.83
2.21297 14.627030 16.84
2.211773 14.638227 16.85
2.210575 14.649425 16.86
2.209379 14.660621 16.87
2.208186 14.671814 16.88
2.206994 14.683006 16.89
2.205802 14.694198 16.9
2.204616 14.705384 16.91
2.203425 14.716575 16.92
2.202239 14.727761 16.93
2.201054 14.738946 16.94
2.199872 14.750128 16.95
2.198689 14.761311 16.96
2.197509 14.772491 16.97
2.19633 14.783670 16.98
2.195152 14.794848 16.99
2.193974 14.806026 17.0
2.192799 14.817201 17.01
2.191626 14.828374 17.02
2.190454 14.839546 17.03
2.189281 14.850719 17.04
2.188117 14.861883 17.05
2.186947 14.873053 17.06
2.185779 14.884221 17.07
2.184616 14.895384 17.08
2.183451 14.906549 17.09
2.182287 14.917713 17.1
2.181129 14.928871 17.11
2.179967 14.940033 17.12
2.178813 14.951187 17.13
2.177655 14.962345 17.14
2.1765 14.973500 17.15
2.175346 14.984654 17.16
2.174192 14.995808 17.17
2.173042 15.006958 17.18
2.171892 15.018108 17.19
2.17074 15.029260 17.2
2.169598 15.040402 17.21
2.168451 15.051549 17.22
2.167306 15.062694 17.23
2.166162 15.073838 17.24
2.165022 15.084978 17.25
2.163882 15.096118 17.26
2.162743 15.107257 17.27
2.161603 15.118397 17.28
2.160468 15.129532 17.29
2.159335 15.140665 17.3
2.158202 15.151798 17.31
2.157069 15.162931 17.32
2.155937 15.174063 17.33
2.154808 15.185192 17.34
2.153679 15.196321 17.35
2.152554 15.207446 17.36
2.151428 15.218572 17.37
2.150305 15.229695 17.38
2.149182 15.240818 17.39
2.14806 15.251940 17.4
2.146939 15.263061 17.41
2.145821 15.274179 17.42
2.144704 15.285296 17.43
2.143586 15.296414 17.44
2.142471 15.307529 17.45
2.141358 15.318642 17.46
2.140246 15.329754 17.47
2.139135 15.340865 17.48
2.138025 15.351975 17.49
2.136918 15.363082 17.5
2.135811 15.374189 17.51
2.134702 15.385298 17.52
2.1336 15.396400 17.53
2.132496 15.407504 17.54
2.131396 15.418604 17.55
2.130294 15.429706 17.56
2.129196 15.440804 17.57
2.128097 15.451903 17.58
2.127002 15.462998 17.59
2.125904 15.474096 17.6
2.124809 15.485191 17.61
2.123716 15.496284 17.62
2.122625 15.507375 17.63
2.121536 15.518464 17.64
2.120445 15.529555 17.65
2.119359 15.540641 17.66
2.118273 15.551727 17.67
2.117185 15.562815 17.68
2.116101 15.573899 17.69
2.115017 15.584983 17.7
2.113936 15.596064 17.71
2.112858 15.607142 17.72
2.111778 15.618222 17.73
2.110699 15.629301 17.74
2.109622 15.640378 17.75
2.108547 15.651453 17.76
2.107472 15.662528 17.77
2.106397 15.673603 17.78
2.105326 15.684674 17.79
2.104256 15.695744 17.8
2.103187 15.706813 17.81
2.102118 15.717882 17.82
2.101052 15.728948 17.83
2.099984 15.740016 17.84
2.09892 15.751080 17.85
2.097857 15.762143 17.86
2.096795 15.773205 17.87
2.095734 15.784266 17.88
2.094674 15.795326 17.89
2.093617 15.806383 17.9
2.092559 15.817441 17.91
2.091501 15.828499 17.92
2.090445 15.839555 17.93
2.089392 15.850608 17.94
2.08834 15.861660 17.95
2.08729 15.872710 17.96
2.086241 15.883759 17.97
2.08519 15.894810 17.98
2.084141 15.905859 17.99
2.083096 15.916904 18.0
2.08205 15.927950 18.01
2.081004 15.938996 18.02
2.079962 15.950038 18.03
2.078919 15.961081 18.04
2.077879 15.972121 18.05
2.07684 15.983160 18.06
2.075801 15.994199 18.07
2.074764 16.005236 18.08
2.073727 16.016273 18.09
2.072692 16.027308 18.1
2.071657 16.038343 18.11
2.070624 16.049376 18.12
2.069594 16.060406 18.13
2.068564 16.071436 18.14
2.067534 16.082466 18.15
2.066506 16.093494 18.16
2.065479 16.104521 18.17
2.064451 16.115549 18.18
2.063426 16.126574 18.19
2.062402 16.137598 18.2
2.061381 16.148619 18.21
2.060359 16.159641 18.22
2.059338 16.170662 18.23
2.058321 16.181679 18.24
2.057302 16.192698 18.25
2.056286 16.203714 18.26
2.055269 16.214731 18.27
2.054254 16.225746 18.28
2.053241 16.236759 18.29
2.05223 16.247770 18.3
2.051217 16.258783 18.31
2.050207 16.269793 18.32
2.049198 16.280802 18.33
2.048189 16.291811 18.34
2.047184 16.302816 18.35
2.046176 16.313824 18.36
2.045173 16.324827 18.37
2.044169 16.335831 18.38
2.043168 16.346832 18.39
2.042164 16.357836 18.4
2.041163 16.368837 18.41
2.040165 16.379835 18.42
2.039165 16.390835 18.43
2.038169 16.401831 18.44
2.037173 16.412827 18.45
2.03618 16.423820 18.46
2.035186 16.434814 18.47
2.034192 16.445808 18.48
2.0332 16.456800 18.49
2.032209 16.467791 18.5
2.031221 16.478779 18.51
2.030229 16.489771 18.52
2.029243 16.500757 18.53
2.028255 16.511745 18.54
2.027274 16.522726 18.55
2.026288 16.533712 18.56
2.025305 16.544695 18.57
2.024323 16.555677 18.58
2.02334 16.566660 18.59
2.022359 16.577641 18.6
2.021381 16.588619 18.61
2.020402 16.599598 18.62
2.019429 16.610571 18.63
2.01845 16.621550 18.64
2.017474 16.632526 18.65
2.016503 16.643497 18.66
2.015528 16.654472 18.67
2.01456 16.665440 18.68
2.013586 16.676414 18.69
2.012616 16.687384 18.7
2.011647 16.698353 18.71
2.010682 16.709318 18.72
2.009713 16.720287 18.73
2.008749 16.731251 18.74
2.007786 16.742214 18.75
2.00682 16.753180 18.76
2.005857 16.764143 18.77
2.004895 16.775105 18.78
2.003934 16.786066 18.79
2.002978 16.797022 18.8
2.002019 16.807981 18.81
2.001061 16.818939 18.82
2.000107 16.829893 18.83
1.999149 16.840851 18.84
1.998193 16.851807 18.85
1.997241 16.862759 18.86
1.996287 16.873713 18.87
1.995339 16.884661 18.88
1.994387 16.895613 18.89
1.993439 16.906561 18.9
1.992491 16.917509 18.91
1.991541 16.928459 18.92
1.990598 16.939402 18.93
1.98965 16.950350 18.94
1.988708 16.961292 18.95
1.987763 16.972237 18.96
1.986821 16.983179 18.97
1.98588 16.994120 18.98
1.98494 17.005060 18.99
1.983999 17.016001 19.0
1.983059 17.026941 19.01
1.982122 17.037878 19.02
1.981185 17.048815 19.03
1.98025 17.059750 19.04
1.979317 17.070683 19.05
1.978383 17.081617 19.06
1.97745 17.092550 19.07
1.976517 17.103483 19.08
1.975588 17.114412 19.09
1.974659 17.125341 19.1
1.973729 17.136271 19.11
1.972798 17.147202 19.12
1.971875 17.158125 19.13
1.97095 17.169050 19.14
1.970024 17.179976 19.15
1.969099 17.190901 19.16
1.968176 17.201824 19.17
1.967256 17.212744 19.18
1.966333 17.223667 19.19
1.965413 17.234587 19.2
1.964498 17.245502 19.21
1.963576 17.256424 19.22
1.962658 17.267342 19.23
1.961741 17.278259 19.24
1.960827 17.289173 19.25
1.959913 17.300087 19.26
1.958997 17.311003 19.27
1.958085 17.321915 19.28
1.957173 17.332827 19.29
1.956265 17.343735 19.3
1.955353 17.354647 19.31
1.954443 17.365557 19.32
1.953537 17.376463 19.33
1.952629 17.387371 19.34
1.951725 17.398275 19.35
1.950818 17.409182 19.36
1.949914 17.420086 19.37
1.949012 17.430988 19.38
1.948107 17.441893 19.39
1.947205 17.452795 19.4
1.946308 17.463692 19.41
1.945404 17.474596 19.42
1.944509 17.485491 19.43
1.943611 17.496389 19.44
1.94271 17.507290 19.45
1.941819 17.518181 19.46
1.940922 17.529078 19.47
1.94003 17.539970 19.48
1.939135 17.550865 19.49
1.938244 17.561756 19.5
1.937351 17.572649 19.51
1.93646 17.583540 19.52
1.935571 17.594429 19.53
1.934682 17.605318 19.54
1.933797 17.616203 19.55
1.932908 17.627092 19.56
1.93202 17.637980 19.57
1.931137 17.648863 19.58
1.930254 17.659746 19.59
1.92937 17.670630 19.6
1.928483 17.681517 19.61
1.927604 17.692396 19.62
1.926726 17.703274 19.63
1.925845 17.714155 19.64
1.924967 17.725033 19.65
1.924086 17.735914 19.66
1.92321 17.746790 19.67
1.922334 17.757666 19.68
1.921457 17.768543 19.69
1.920583 17.779417 19.7
1.919713 17.790287 19.71
1.918839 17.801161 19.72
1.917965 17.812035 19.73
1.917095 17.822905 19.74
1.916225 17.833775 19.75
1.915355 17.844645 19.76
1.914485 17.855515 19.77
1.913617 17.866383 19.78
1.912751 17.877249 19.79
1.911889 17.888111 19.8
1.911021 17.898979 19.81
1.91016 17.909840 19.82
1.909296 17.920704 19.83
1.908432 17.931568 19.84
1.907571 17.942429 19.85
1.906711 17.953289 19.86
1.905851 17.964149 19.87
1.90499 17.975010 19.88
1.904133 17.985867 19.89
1.903279 17.996721 19.9
1.90242 18.007580 19.91
1.901564 18.018436 19.92
1.900709 18.029291 19.93
1.899856 18.040144 19.94
1.899001 18.050999 19.95
1.89815 18.061850 19.96
1.897298 18.072702 19.97
1.896449 18.083551 19.98
1.8956 18.094400 19.99
1.894751 18.105249 20.0
