# 100.8 deg
6.143631 0.016369 6.16
6.049092 0.120908 6.17
5.965711 0.214289 6.18
5.899309 0.290691 6.19
5.842565 0.357435 6.2
5.792076 0.417924 6.21
5.74609 0.473910 6.22
5.703544 0.526456 6.23
5.663772 0.576228 6.24
5.626301 0.623699 6.25
5.590772 0.669228 6.26
5.556932 0.713068 6.27
5.524572 0.755428 6.28
5.493523 0.796477 6.29
5.46365 0.836350 6.3
5.434843 0.875157 6.31
5.406998 0.913002 6.32
5.380045 0.949955 6.33
5.353902 0.986098 6.34
5.328518 1.021482 6.35
5.30383 1.056170 6.36
5.2798 1.090200 6.37
5.256375 1.123625 6.38
5.233523 1.156477 6.39
5.21121 1.188790 6.4
5.189402 1.220598 6.41
5.168076 1.251924 6.42
5.147204 1.282796 6.43
5.126763 1.313237 6.44
5.106733 1.343267 6.45
5.087091 1.372909 6.46
5.067823 1.402177 6.47
5.048909 1.431091 6.48
5.030336 1.459664 6.49
5.012087 1.487913 6.5
4.994151 1.515849 6.51
4.976516 1.543484 6.52
4.959168 1.570832 6.53
4.942098 1.597902 6.54
4.925295 1.624705 6.55
4.908749 1.651251 6.56
4.892451 1.677549 6.57
4.876394 1.703606 6.58
4.860568 1.729432 6.59
4.844966 1.755034 6.6
4.829579 1.780421 6.61
4.814405 1.805595 6.62
4.799432 1.830568 6.63
4.784658 1.855342 6.64
4.770074 1.879926 6.65
4.755678 1.904322 6.66
4.74146 1.928540 6.67
4.727419 1.952581 6.68
4.713548 1.976452 6.69
4.699844 2.000156 6.7
4.686301 2.023699 6.71
4.672916 2.047084 6.72
4.659682 2.070318 6.73
4.646601 2.093399 6.74
4.633663 2.116337 6.75
4.620868 2.139132 6.76
4.608211 2.161789 6.77
4.595691 2.184309 6.78
4.583303 2.206697 6.79
4.571044 2.228956 6.8
4.558911 2.251089 6.81
4.546901 2.273099 6.82
4.535012 2.294988 6.83
4.523242 2.316758 6.84
4.511587 2.338413 6.85
4.500044 2.359956 6.86
4.488613 2.381387 6.87
4.477291 2.402709 6.88
4.466073 2.423927 6.89
4.454962 2.445038 6.9
4.44395 2.466050 6.91
4.433042 2.486958 6.92
4.42223 2.507770 6.93
4.411514 2.528486 6.94
4.400892 2.549108 6.95
4.390363 2.569637 6.96
4.379926 2.590074 6.97
4.369577 2.610423 6.98
4.359316 2.630684 6.99
4.34914 2.650860 7.0
4.339051 2.670949 7.01
4.329043 2.690957 7.02
4.319118 2.710882 7.03
4.309272 2.730728 7.04
4.299506 2.750494 7.05
4.289818 2.770182 7.06
4.280204 2.789796 7.07
4.270667 2.809333 7.08
4.261204 2.828796 7.09
4.251813 2.848187 7.1
4.242493 2.867507 7.11
4.233244 2.886756 7.12
4.224064 2.905936 7.13
4.214953 2.925047 7.14
4.205907 2.944093 7.15
4.19693 2.963070 7.16
4.188016 2.981984 7.17
4.179167 3.000833 7.18
4.170381 3.019619 7.19
4.161657 3.038343 7.2
4.152995 3.057005 7.21
4.144395 3.075605 7.22
4.135851 3.094149 7.23
4.127368 3.112632 7.24
4.118943 3.131057 7.25
4.110575 3.149425 7.26
4.102262 3.167738 7.27
4.094005 3.185995 7.28
4.085805 3.204195 7.29
4.077656 3.222344 7.3
4.069563 3.240437 7.31
4.061522 3.258478 7.32
4.053533 3.276467 7.33
4.045595 3.294405 7.34
4.037708 3.312292 7.35
4.02987 3.330130 7.36
4.022081 3.347919 7.37
4.014342 3.365658 7.38
4.006652 3.383348 7.39
3.999007 3.400993 7.4
3.991411 3.418589 7.41
3.983861 3.436139 7.42
3.976358 3.453642 7.43
3.968898 3.471102 7.44
3.961482 3.488518 7.45
3.95411 3.505890 7.46
3.946784 3.523216 7.47
3.939501 3.540499 7.48
3.932261 3.557739 7.49
3.925059 3.574941 7.5
3.917901 3.592099 7.51
3.910786 3.609214 7.52
3.903711 3.626289 7.53
3.896676 3.643324 7.54
3.889681 3.660319 7.55
3.882723 3.677277 7.56
3.875805 3.694195 7.57
3.868928 3.711072 7.58
3.862086 3.727914 7.59
3.855284 3.744716 7.6
3.848516 3.761484 7.61
3.841788 3.778212 7.62
3.835095 3.794905 7.63
3.828438 3.811562 7.64
3.821818 3.828182 7.65
3.815233 3.844767 7.66
3.808681 3.861319 7.67
3.802165 3.877835 7.68
3.795683 3.894317 7.69
3.789235 3.910765 7.7
3.782821 3.927179 7.71
3.776439 3.943561 7.72
3.770091 3.959909 7.73
3.763775 3.976225 7.74
3.75749 3.992510 7.75
3.751239 4.008761 7.76
3.745018 4.024982 7.77
3.738829 4.041171 7.78
3.73267 4.057330 7.79
3.726543 4.073457 7.8
3.720446 4.089554 7.81
3.714378 4.105622 7.82
3.708342 4.121658 7.83
3.702332 4.137668 7.84
3.696354 4.153646 7.85
3.690405 4.169595 7.86
3.684483 4.185517 7.87
3.678591 4.201409 7.88
3.672726 4.217274 7.89
3.66689 4.233110 7.9
3.661081 4.248919 7.91
3.655299 4.264701 7.92
3.649544 4.280456 7.93
3.643817 4.296183 7.94
3.638117 4.311883 7.95
3.632441 4.327559 7.96
3.626793 4.343207 7.97
3.62117 4.358830 7.98
3.615574 4.374426 7.99
3.610003 4.389997 8.0
3.604458 4.405542 8.01
3.598935 4.421065 8.02
3.593441 4.436559 8.03
3.587969 4.452031 8.04
3.58252 4.467480 8.05
3.577098 4.482902 8.06
3.5717 4.498300 8.07
3.566325 4.513675 8.08
3.560973 4.529027 8.09
3.555645 4.544355 8.1
3.550342 4.559658 8.11
3.545059 4.574941 8.12
3.539801 4.590199 8.13
3.534565 4.605435 8.14
3.529352 4.620648 8.15
3.524161 4.635839 8.16
3.51899 4.651010 8.17
3.513842 4.666158 8.18
3.508719 4.681281 8.19
3.503615 4.696385 8.2
3.498532 4.711468 8.21
3.493468 4.726532 8.22
3.488431 4.741569 8.23
3.483411 4.756589 8.24
3.478412 4.771588 8.25
3.473433 4.786567 8.26
3.468476 4.801524 8.27
3.463539 4.816461 8.28
3.458622 4.831378 8.29
3.453725 4.846275 8.3
3.448846 4.861154 8.31
3.44399 4.876010 8.32
3.439152 4.890848 8.33
3.434332 4.905668 8.34
3.429533 4.920467 8.35
3.424754 4.935246 8.36
3.419992 4.950008 8.37
3.415248 4.964752 8.38
3.410525 4.979475 8.39
3.405818 4.994182 8.4
3.401132 5.008868 8.41
3.396462 5.023538 8.42
3.391811 5.038189 8.43
3.387179 5.052821 8.44
3.382564 5.067436 8.45
3.377967 5.082033 8.46
3.373387 5.096613 8.47
3.368826 5.111174 8.48
3.364281 5.125719 8.49
3.359754 5.140246 8.5
3.355243 5.154757 8.51
3.350748 5.169252 8.52
3.346273 5.183727 8.53
3.341814 5.198186 8.54
3.33737 5.212630 8.55
3.332943 5.227057 8.56
3.328533 5.241467 8.57
3.32414 5.255860 8.58
3.319763 5.270237 8.59
3.3154 5.284600 8.6
3.311056 5.298944 8.61
3.306727 5.313273 8.62
3.302411 5.327589 8.63
3.298113 5.341887 8.64
3.293832 5.356168 8.65
3.289562 5.370438 8.66
3.285312 5.384688 8.67
3.281074 5.398926 8.68
3.276855 5.413145 8.69
3.272647 5.427353 8.7
3.268456 5.441544 8.71
3.264279 5.455721 8.72
3.260118 5.469882 8.73
3.255969 5.484031 8.74
3.251837 5.498163 8.75
3.247717 5.512283 8.76
3.243614 5.526386 8.77
3.239526 5.540474 8.78
3.235451 5.554549 8.79
3.231389 5.568611 8.8
3.227342 5.582658 8.81
3.223307 5.596693 8.82
3.219288 5.610712 8.83
3.215282 5.624718 8.84
3.211291 5.638709 8.85
3.207313 5.652687 8.86
3.203349 5.666651 8.87
3.199396 5.680604 8.88
3.195458 5.694542 8.89
3.191533 5.708467 8.9
3.187622 5.722378 8.91
3.183722 5.736278 8.92
3.179836 5.750164 8.93
3.175966 5.764034 8.94
3.172106 5.777894 8.95
3.168258 5.791742 8.96
3.164424 5.805576 8.97
3.160604 5.819396 8.98
3.156792 5.833208 8.99
3.152995 5.847005 9.0
3.149213 5.860787 9.01
3.145439 5.874561 9.02
3.14168 5.888320 9.03
3.137932 5.902068 9.04
3.134197 5.915803 9.05
3.130474 5.929526 9.06
3.126763 5.943237 9.07
3.123063 5.956937 9.08
3.119375 5.970625 9.09
3.115699 5.984301 9.1
3.112036 5.997964 9.11
3.108383 6.011617 9.12
3.104742 6.025258 9.13
3.101111 6.038889 9.14
3.097495 6.052505 9.15
3.093887 6.066113 9.16
3.090291 6.079709 9.17
3.086707 6.093293 9.18
3.083137 6.106863 9.19
3.079573 6.120427 9.2
3.076023 6.133977 9.21
3.072483 6.147517 9.22
3.068954 6.161046 9.23
3.065436 6.174564 9.24
3.061929 6.188071 9.25
3.058432 6.201568 9.26
3.054946 6.215054 9.27
3.051472 6.228528 9.28
3.048008 6.241992 9.29
3.044553 6.255447 9.3
3.041109 6.268891 9.31
3.037678 6.282322 9.32
3.034254 6.295746 9.33
3.03084 6.309160 9.34
3.027439 6.322561 9.35
3.024048 6.335952 9.36
3.020665 6.349335 9.37
3.017293 6.362707 9.38
3.013931 6.376069 9.39
3.01058 6.389420 9.4
3.007238 6.402762 9.41
3.003906 6.416094 9.42
3.000582 6.429418 9.43
2.997271 6.442729 9.44
2.993968 6.456032 9.45
2.990674 6.469326 9.46
2.98739 6.482610 9.47
2.984118 6.495882 9.48
2.980853 6.509147 9.49
2.977599 6.522401 9.5
2.974351 6.535649 9.51
2.971116 6.548884 9.52
2.96789 6.562110 9.53
2.964671 6.575329 9.54
2.961462 6.588538 9.55
2.958263 6.601737 9.56
2.955073 6.614927 9.57
2.951892 6.628108 9.58
2.94872 6.641280 9.59
2.945556 6.654444 9.6
2.942404 6.667596 9.61
2.939258 6.680742 9.62
2.936122 6.693878 9.63
2.932993 6.707007 9.64
2.929876 6.720124 9.65
2.926766 6.733234 9.66
2.923664 6.746336 9.67
2.920571 6.759429 9.68
2.917487 6.772513 9.69
2.914413 6.785587 9.7
2.911346 6.798654 9.71
2.908286 6.811714 9.72
2.905237 6.824763 9.73
2.902195 6.837805 9.74
2.899163 6.850837 9.75
2.896137 6.863863 9.76
2.89312 6.876880 9.77
2.890113 6.889887 9.78
2.887113 6.902887 9.79
2.884118 6.915882 9.8
2.881135 6.928865 9.81
2.878159 6.941841 9.82
2.875192 6.954808 9.83
2.87223 6.967770 9.84
2.869279 6.980721 9.85
2.866336 6.993664 9.86
2.863399 7.006601 9.87
2.860469 7.019531 9.88
2.857549 7.032451 9.89
2.854638 7.045362 9.9
2.851732 7.058268 9.91
2.848833 7.071167 9.92
2.845943 7.084057 9.93
2.84306 7.096940 9.94
2.840185 7.109815 9.95
2.837318 7.122682 9.96
2.834458 7.135542 9.97
2.831605 7.148395 9.98
2.82876 7.161240 9.99
2.825921 7.174079 10.0
2.823089 7.186911 10.01
2.820265 7.199735 10.02
2.81745 7.212550 10.03
2.814642 7.225358 10.04
2.811837 7.238163 10.05
2.809043 7.250957 10.06
2.806255 7.263745 10.07
2.803475 7.276525 10.08
2.8007 7.289300 10.09
2.797932 7.302068 10.1
2.795173 7.314827 10.11
2.79242 7.327580 10.12
2.789672 7.340328 10.13
2.786933 7.353067 10.14
2.784201 7.365799 10.15
2.781473 7.378527 10.16
2.778754 7.391246 10.17
2.776041 7.403959 10.18
2.773336 7.416664 10.19
2.770635 7.429365 10.2
2.767942 7.442058 10.21
2.765256 7.454744 10.22
2.762575 7.467425 10.23
2.759901 7.480099 10.24
2.757233 7.492767 10.25
2.754571 7.505429 10.26
2.751916 7.518084 10.27
2.749268 7.530732 10.28
2.746625 7.543375 10.29
2.743989 7.556011 10.3
2.741359 7.568641 10.31
2.738735 7.581265 10.32
2.736117 7.593883 10.33
2.733506 7.606494 10.34
2.730899 7.619101 10.35
2.728301 7.631699 10.36
2.725707 7.644293 10.37
2.72312 7.656880 10.38
2.720537 7.669463 10.39
2.717966 7.682034 10.4
2.715396 7.694604 10.41
2.71283 7.707170 10.42
2.710273 7.719727 10.43
2.707724 7.732276 10.44
2.705179 7.744821 10.45
2.702638 7.757362 10.46
2.700104 7.769896 10.47
2.697577 7.782423 10.48
2.695054 7.794946 10.49
2.692539 7.807461 10.5
2.690027 7.819973 10.51
2.687522 7.832478 10.52
2.685024 7.844976 10.53
2.68253 7.857470 10.54
2.680042 7.869958 10.55
2.677558 7.882442 10.56
2.675083 7.894917 10.57
2.672612 7.907388 10.58
2.670145 7.919855 10.59
2.667686 7.932314 10.6
2.665232 7.944768 10.61
2.662782 7.957218 10.62
2.660337 7.969663 10.63
2.657899 7.982101 10.64
2.655467 7.994533 10.65
2.653039 8.006961 10.66
2.650618 8.019382 10.67
2.6482 8.031800 10.68
2.64579 8.044210 10.69
2.643383 8.056617 10.7
2.640982 8.069018 10.71
2.638586 8.081414 10.72
2.636197 8.093803 10.73
2.63381 8.106190 10.74
2.631431 8.118569 10.75
2.629055 8.130945 10.76
2.626686 8.143314 10.77
2.624322 8.155678 10.78
2.621963 8.168037 10.79
2.619605 8.180395 10.8
2.617257 8.192743 10.81
2.614913 8.205087 10.82
2.612576 8.217424 10.83
2.61024 8.229760 10.84
2.60791 8.242090 10.85
2.605587 8.254413 10.86
2.603268 8.266732 10.87
2.600952 8.279048 10.88
2.598644 8.291356 10.89
2.59634 8.303660 10.9
2.594039 8.315961 10.91
2.591745 8.328255 10.92
2.589454 8.340546 10.93
2.58717 8.352830 10.94
2.584891 8.365109 10.95
2.582613 8.377387 10.96
2.580343 8.389657 10.97
2.578078 8.401922 10.98
2.575814 8.414186 10.99
2.573559 8.426441 11.0
2.571305 8.438695 11.01
2.569059 8.450941 11.02
2.566816 8.463184 11.03
2.564578 8.475422 11.04
2.562344 8.487656 11.05
2.560116 8.499884 11.06
2.557893 8.512107 11.07
2.555673 8.524327 11.08
2.553457 8.536543 11.09
2.551248 8.548752 11.1
2.549041 8.560959 11.11
2.546838 8.573162 11.12
2.54464 8.585360 11.13
2.54245 8.597550 11.14
2.540262 8.609738 11.15
2.538078 8.621922 11.16
2.535897 8.634103 11.17
2.533724 8.646276 11.18
2.531552 8.658448 11.19
2.529386 8.670614 11.2
2.527225 8.682775 11.21
2.525066 8.694934 11.22
2.522913 8.707087 11.23
2.520763 8.719237 11.24
2.51862 8.731380 11.25
2.516479 8.743521 11.26
2.514341 8.755659 11.27
2.51221 8.767790 11.28
2.510084 8.779916 11.29
2.507959 8.792041 11.3
2.50584 8.804160 11.31
2.503724 8.816276 11.32
2.501615 8.828385 11.33
2.499507 8.840493 11.34
2.497401 8.852599 11.35
2.495305 8.864695 11.36
2.493211 8.876789 11.37
2.491119 8.888881 11.38
2.489034 8.900966 11.39
2.486952 8.913048 11.4
2.484875 8.925125 11.41
2.482799 8.937201 11.42
2.48073 8.949270 11.43
2.478663 8.961337 11.44
2.476601 8.973399 11.45
2.474543 8.985457 11.46
2.472488 8.997512 11.47
2.470438 9.009562 11.48
2.468392 9.021608 11.49
2.466348 9.033652 11.5
2.464309 9.045691 11.51
2.462274 9.057726 11.52
2.460243 9.069757 11.53
2.458218 9.081782 11.54
2.456192 9.093808 11.55
2.454174 9.105826 11.56
2.452159 9.117841 11.57
2.450147 9.129853 11.58
2.448138 9.141862 11.59
2.446134 9.153866 11.6
2.444133 9.165867 11.61
2.442137 9.177863 11.62
2.440143 9.189857 11.63
2.438154 9.201846 11.64
2.436169 9.213831 11.65
2.434186 9.225814 11.66
2.432208 9.237792 11.67
2.430232 9.249768 11.68
2.428262 9.261738 11.69
2.426295 9.273705 11.7
2.424331 9.285669 11.71
2.422372 9.297628 11.72
2.420415 9.309585 11.73
2.418462 9.321538 11.74
2.416512 9.333488 11.75
2.414567 9.345433 11.76
2.412624 9.357376 11.77
2.410685 9.369315 11.78
2.408751 9.381249 11.79
2.406818 9.393182 11.8
2.40489 9.405110 11.81
2.402967 9.417033 11.82
2.401045 9.428955 11.83
2.399126 9.440874 11.84
2.397214 9.452786 11.85
2.395302 9.464698 11.86
2.393396 9.476604 11.87
2.391491 9.488509 11.88
2.38959 9.500410 11.89
2.387693 9.512307 11.9
2.385801 9.524199 11.91
2.383909 9.536091 11.92
2.382022 9.547978 11.93
2.380139 9.559861 11.94
2.378258 9.571742 11.95
2.37638 9.583620 11.96
2.374507 9.595493 11.97
2.372639 9.607361 11.98
2.37077 9.619230 11.99
2.368907 9.631093 12.0
2.367044 9.642956 12.01
2.365188 9.654812 12.02
2.363335 9.666665 12.03
2.361485 9.678515 12.04
2.359636 9.690364 12.05
2.357791 9.702209 12.06
2.355951 9.714049 12.07
2.354112 9.725888 12.08
2.352277 9.737723 12.09
2.350446 9.749554 12.1
2.348618 9.761382 12.11
2.346791 9.773209 12.12
2.344972 9.785028 12.13
2.34315 9.796850 12.14
2.341335 9.808665 12.15
2.339521 9.820479 12.16
2.337712 9.832288 12.17
2.335906 9.844094 12.18
2.334104 9.855896 12.19
2.332302 9.867698 12.2
2.330505 9.879495 12.21
2.328711 9.891289 12.22
2.326921 9.903079 12.23
2.325133 9.914867 12.24
2.323347 9.926653 12.25
2.321566 9.938434 12.26
2.319787 9.950213 12.27
2.318013 9.961987 12.28
2.316238 9.973762 12.29
2.31447 9.985530 12.3
2.312704 9.997296 12.31
2.31094 10.009060 12.32
2.309181 10.020819 12.33
2.307422 10.032578 12.34
2.305669 10.044331 12.35
2.30392 10.056080 12.36
2.302171 10.067829 12.37
2.300425 10.079575 12.38
2.298684 10.091316 12.39
2.296946 10.103054 12.4
2.295212 10.114788 12.41
2.293477 10.126523 12.42
2.291748 10.138252 12.43
2.290023 10.149977 12.44
2.288299 10.161701 12.45
2.286578 10.173422 12.46
2.28486 10.185140 12.47
2.283147 10.196853 12.48
2.281435 10.208565 12.49
2.279728 10.220272 12.5
2.278023 10.231977 12.51
2.27632 10.243680 12.52
2.27462 10.255380 12.53
2.272924 10.267076 12.54
2.271231 10.278769 12.55
2.269542 10.290458 12.56
2.267855 10.302145 12.57
2.266172 10.313828 12.58
2.26449 10.325510 12.59
2.262811 10.337189 12.6
2.26114 10.348860 12.61
2.259466 10.360534 12.62
2.257796 10.372204 12.63
2.256132 10.383868 12.64
2.254467 10.395533 12.65
2.252807 10.407193 12.66
2.25115 10.418850 12.67
2.249497 10.430503 12.68
2.247845 10.442155 12.69
2.246197 10.453803 12.7
2.244549 10.465451 12.71
2.242906 10.477094 12.72
2.241266 10.488734 12.73
2.239628 10.500372 12.74
2.237994 10.512006 12.75
2.236363 10.523637 12.76
2.234734 10.535266 12.77
2.23311 10.546890 12.78
2.231485 10.558515 12.79
2.229864 10.570136 12.8
2.228245 10.581755 12.81
2.226631 10.593369 12.82
2.225019 10.604981 12.83
2.223409 10.616591 12.84
2.221803 10.628197 12.85
2.220198 10.639802 12.86
2.218598 10.651402 12.87
2.216999 10.663001 12.88
2.215401 10.674599 12.89
2.213809 10.686191 12.9
2.21222 10.697780 12.91
2.210631 10.709369 12.92
2.209045 10.720955 12.93
2.207464 10.732536 12.94
2.205885 10.744115 12.95
2.204307 10.755693 12.96
2.202733 10.767267 12.97
2.201161 10.778839 12.98
2.199591 10.790409 12.99
2.198026 10.801974 13.0
2.19646 10.813540 13.01
2.194898 10.825102 13.02
2.193342 10.836658 13.03
2.191784 10.848216 13.04
2.19023 10.859770 13.05
2.18868 10.871320 13.06
2.187131 10.882869 13.07
2.185586 10.894414 13.08
2.184044 10.905956 13.09
2.1825 10.917500 13.1
2.180964 10.929036 13.11
2.179428 10.940572 13.12
2.177894 10.952106 13.13
2.176365 10.963635 13.14
2.174838 10.975162 13.15
2.173309 10.986691 13.16
2.171787 10.998213 13.17
2.170267 11.009733 13.18
2.16875 11.021250 13.19
2.167234 11.032766 13.2
2.16572 11.044280 13.21
2.16421 11.055790 13.22
2.162702 11.067298 13.23
2.161197 11.078803 13.24
2.159693 11.090307 13.25
2.158192 11.101808 13.26
2.156692 11.113308 13.27
2.155199 11.124801 13.28
2.153705 11.136295 13.29
2.152213 11.147787 13.3
2.150725 11.159275 13.31
2.14924 11.170760 13.32
2.147757 11.182243 13.33
2.146273 11.193727 13.34
2.144794 11.205206 13.35
2.143316 11.216684 13.36
2.141844 11.228156 13.37
2.140372 11.239628 13.38
2.138902 11.251098 13.39
2.137435 11.262565 13.4
2.135969 11.274031 13.41
2.134508 11.285492 13.42
2.133047 11.296953 13.43
2.131589 11.308411 13.44
2.130133 11.319867 13.45
2.128679 11.331321 13.46
2.127228 11.342772 13.47
2.125781 11.354219 13.48
2.124336 11.365664 13.49
2.12289 11.377110 13.5
2.121447 11.388553 13.51
2.12001 11.399990 13.52
2.118573 11.411427 13.53
2.117137 11.422863 13.54
2.115704 11.434296 13.55
2.114273 11.445727 13.56
2.112845 11.457155 13.57
2.111421 11.468579 13.58
2.109997 11.480003 13.59
2.108574 11.491426 13.6
2.107155 11.502845 13.61
2.105737 11.514263 13.62
2.104324 11.525676 13.63
2.10291 11.537090 13.64
2.1015 11.548500 13.65
2.100093 11.559907 13.66
2.098685 11.571315 13.67
2.097281 11.582719 13.68
2.095879 11.594121 13.69
2.09448 11.605520 13.7
2.093082 11.616918 13.71
2.091688 11.628312 13.72
2.090295 11.639705 13.73
2.088904 11.651096 13.74
2.087515 11.662485 13.75
2.086129 11.673871 13.76
2.084743 11.685257 13.77
2.083363 11.696637 13.78
2.081983 11.708017 13.79
2.080602 11.719398 13.8
2.079228 11.730772 13.81
2.077855 11.742145 13.82
2.076482 11.753518 13.83
2.075111 11.764889 13.84
2.073745 11.776255 13.85
2.072379 11.787621 13.86
2.071016 11.798984 13.87
2.069653 11.810347 13.88
2.068295 11.821705 13.89
2.066938 11.833062 13.9
2.065581 11.844419 13.91
2.06423 11.855770 13.92
2.062878 11.867122 13.93
2.06153 11.878470 13.94
2.060183 11.889817 13.95
2.058836 11.901164 13.96
2.057493 11.912507 13.97
2.056152 11.923848 13.98
2.054815 11.935185 13.99
2.053477 11.946523 14.0
2.052144 11.957856 14.01
2.05081 11.969190 14.02
2.049479 11.980521 14.03
2.048149 11.991851 14.04
2.046821 12.003179 14.05
2.045497 12.014503 14.06
2.044175 12.025825 14.07
2.042856 12.037144 14.08
2.041534 12.048466 14.09
2.040217 12.059783 14.1
2.038901 12.071099 14.11
2.03759 12.082410 14.12
2.036279 12.093721 14.13
2.03497 12.105030 14.14
2.033663 12.116337 14.15
2.032356 12.127644 14.16
2.031053 12.138947 14.17
2.029751 12.150249 14.18
2.028453 12.161547 14.19
2.027154 12.172846 14.2
2.025859 12.184141 14.21
2.024564 12.195436 14.22
2.023272 12.206728 14.23
2.021982 12.218018 14.24
2.020694 12.229306 14.25
2.019408 12.240592 14.26
2.018122 12.251878 14.27
2.016839 12.263161 14.28
2.015559 12.274441 14.29
2.014281 12.285719 14.3
2.013003 12.296997 14.31
2.011729 12.308271 14.32
2.010453 12.319547 14.33
2.009185 12.330815 14.34
2.007914 12.342086 14.35
2.006646 12.353354 14.36
2.00538 12.364620 14.37
2.004117 12.375883 14.38
2.002853 12.387147 14.39
2.001595 12.398405 14.4
2.000334 12.409666 14.41
1.999079 12.420921 14.42
1.997822 12.432178 14.43
1.996572 12.443428 14.44
1.995317 12.454683 14.45
1.994068 12.465932 14.46
1.99282 12.477180 14.47
1.991575 12.488425 14.48
1.990331 12.499669 14.49
1.989088 12.510912 14.5
1.987846 12.522154 14.51
1.986606 12.533394 14.52
1.98537 12.544630 14.53
1.984135 12.555865 14.54
1.982901 12.567099 14.55
1.981669 12.578331 14.56
1.980439 12.589561 14.57
1.979212 12.600788 14.58
1.977982 12.612018 14.59
1.976756 12.623244 14.6
1.975536 12.634464 14.61
1.974313 12.645687 14.62
1.973094 12.656906 14.63
1.971877 12.668123 14.64
1.970661 12.679339 14.65
1.969443 12.690557 14.66
1.968233 12.701767 14.67
1.967021 12.712979 14.68
1.96581 12.724190 14.69
1.964603 12.735397 14.7
1.963396 12.746604 14.71
1.962191 12.757809 14.72
1.960989 12.769011 14.73
1.959788 12.780212 14.74
1.958587 12.791413 14.75
1.95739 12.802610 14.76
1.956194 12.813806 14.77
1.955 12.825000 14.78
1.953806 12.836194 14.79
1.952617 12.847383 14.8
1.951425 12.858575 14.81
1.950239 12.869761 14.82
1.949053 12.880947 14.83
1.947867 12.892133 14.84
1.946684 12.903316 14.85
1.945505 12.914495 14.86
1.944324 12.925676 14.87
1.943145 12.936855 14.88
1.941969 12.948031 14.89
1.940794 12.959206 14.9
1.939621 12.970379 14.91
1.938449 12.981551 14.92
1.937278 12.992722 14.93
1.936111 13.003889 14.94
1.934945 13.015055 14.95
1.93378 13.026220 14.96
1.932614 13.037386 14.97
1.931454 13.048546 14.98
1.930295 13.059705 14.99
1.929134 13.070866 15.0
1.927978 13.082022 15.01
1.926821 13.093179 15.02
1.925667 13.104333 15.03
1.924516 13.115484 15.04
1.923363 13.126637 15.05
1.922214 13.137786 15.06
1.921068 13.148932 15.07
1.919918 13.160082 15.08
1.918775 13.171225 15.09
1.917631 13.182369 15.1
1.91649 13.193510 15.11
1.91535 13.204650 15.12
1.91421 13.215790 15.13
1.913073 13.226927 15.14
1.911941 13.238059 15.15
1.910807 13.249193 15.16
1.909674 13.260326 15.17
1.908539 13.271461 15.18
1.907413 13.282587 15.19
1.906285 13.293715 15.2
1.905159 13.304841 15.21
1.904031 13.315969 15.22
1.902909 13.327091 15.23
1.901788 13.338212 15.24
1.900666 13.349334 15.25
1.899548 13.360452 15.26
1.89843 13.371570 15.27
1.897314 13.382686 15.28
1.8962 13.393800 15.29
1.895088 13.404912 15.3
1.893974 13.416026 15.31
1.892866 13.427134 15.32
1.891758 13.438242 15.33
1.890649 13.449351 15.34
1.889544 13.460456 15.35
1.88844 13.471560 15.36
1.887338 13.482662 15.37
1.886235 13.493765 15.38
1.885137 13.504863 15.39
1.884037 13.515963 15.4
1.882939 13.527061 15.41
1.881845 13.538155 15.42
1.88075 13.549250 15.43
1.879659 13.560341 15.44
1.878568 13.571432 15.45
1.877478 13.582522 15.46
1.876388 13.593612 15.47
1.875304 13.604696 15.48
1.874215 13.615785 15.49
1.873133 13.626867 15.5
1.872051 13.637949 15.51
1.870968 13.649032 15.52
1.86989 13.660110 15.53
1.868813 13.671187 15.54
1.867734 13.682266 15.55
1.866658 13.693342 15.56
1.865583 13.704417 15.57
1.86451 13.715490 15.58
1.863441 13.726559 15.59
1.862368 13.737632 15.6
1.8613 13.748700 15.61
1.860233 13.759767 15.62
1.859168 13.770832 15.63
1.858101 13.781899 15.64
1.85704 13.792960 15.65
1.855979 13.804021 15.66
1.854918 13.815082 15.67
1.853859 13.826141 15.68
1.852803 13.837197 15.69
1.851746 13.848254 15.7
1.850688 13.859312 15.71
1.849635 13.870365 15.72
1.848584 13.881416 15.73
1.847533 13.892467 15.74
1.846483 13.903517 15.75
1.845436 13.914564 15.76
1.844387 13.925613 15.77
1.843343 13.936657 15.78
1.842299 13.947701 15.79
1.841256 13.958744 15.8
1.840213 13.969787 15.81
1.839174 13.980826 15.82
1.838135 13.991865 15.83
1.837096 14.002904 15.84
1.836063 14.013937 15.85
1.835025 14.024975 15.86
1.833991 14.036009 15.87
1.832961 14.047039 15.88
1.831928 14.058072 15.89
1.830902 14.069098 15.9
1.829872 14.080128 15.91
1.828846 14.091154 15.92
1.827819 14.102181 15.93
1.826795 14.113205 15.94
1.825771 14.124229 15.95
1.824749 14.135251 15.96
1.823728 14.146272 15.97
1.822709 14.157291 15.98
1.821691 14.168309 15.99
1.820675 14.179325 16.0
1.81966 14.190340 16.01
1.818642 14.201358 16.02
1.817631 14.212369 16.03
1.81662 14.223380 16.04
1.815612 14.234388 16.05
1.814601 14.245399 16.06
1.813595 14.256405 16.07
1.812586 14.267414 16.08
1.811581 14.278419 16.09
1.810577 14.289423 16.1
1.809574 14.300426 16.11
1.808573 14.311427 16.12
1.807574 14.322426 16.13
1.806574 14.333426 16.14
1.805575 14.344425 16.15
1.804579 14.355421 16.16
1.803582 14.366418 16.17
1.802587 14.377413 16.18
1.801595 14.388405 16.19
1.800603 14.399397 16.2
1.799616 14.410384 16.21
1.798627 14.421373 16.22
1.797637 14.432363 16.23
1.796652 14.443348 16.24
1.795664 14.454336 16.25
1.794679 14.465321 16.26
1.793698 14.476302 16.27
1.792715 14.487285 16.28
1.791735 14.498265 16.29
1.790757 14.509243 16.3
1.789779 14.520221 16.31
1.788801 14.531199 16.32
1.787825 14.542175 16.33
1.786852 14.553148 16.34
1.785876 14.564124 16.35
1.784904 14.575096 16.36
1.783935 14.586065 16.37
1.782963 14.597037 16.38
1.781996 14.608004 16.39
1.781026 14.618974 16.4
1.780061 14.629939 16.41
1.779094 14.640906 16.42
1.778133 14.651867 16.43
1.77717 14.662830 16.44
1.776205 14.673795 16.45
1.775248 14.684752 16.46
1.774289 14.695711 16.47
1.773331 14.706669 16.48
1.772372 14.717628 16.49
1.771417 14.728583 16.5
1.770462 14.739538 16.51
1.769506 14.750494 16.52
1.768552 14.761448 16.53
1.767604 14.772396 16.54
1.766656 14.783344 16.55
1.765707 14.794293 16.56
1.764757 14.805243 16.57
1.763812 14.816188 16.58
1.762865 14.827135 16.59
1.761921 14.838079 16.6
1.760977 14.849023 16.61
1.760037 14.859963 16.62
1.759097 14.870903 16.63
1.758155 14.881845 16.64
1.757218 14.892782 16.65
1.756279 14.903721 16.66
1.755342 14.914658 16.67
1.754408 14.925592 16.68
1.753474 14.936526 16.69
1.75254 14.947460 16.7
1.751609 14.958391 16.71
1.750677 14.969323 16.72
1.749748 14.980252 16.73
1.74882 14.991180 16.74
1.747892 15.002108 16.75
1.746963 15.013037 16.76
1.746037 15.023963 16.77
1.745115 15.034885 16.78
1.744192 15.045808 16.79
1.74327 15.056730 16.8
1.742351 15.067649 16.81
1.741432 15.078568 16.82
1.740511 15.089489 16.83
1.739591 15.100409 16.84
1.738679 15.111321 16.85
1.737761 15.122239 16.86
1.736845 15.133155 16.87
1.735934 15.144066 16.88
1.73502 15.154980 16.89
1.734108 15.165892 16.9
1.7332 15.176800 16.91
1.732292 15.187708 16.92
1.731382 15.198618 16.93
1.730477 15.209523 16.94
1.729571 15.220429 16.95
1.728667 15.231333 16.96
1.727763 15.242237 16.97
1.726861 15.253139 16.98
1.725957 15.264043 16.99
1.725054 15.274946 17.0
1.724157 15.285843 17.01
1.723258 15.296742 17.02
1.722362 15.307638 17.03
1.721464 15.318536 17.04
1.720572 15.329428 17.05
1.719678 15.340322 17.06
1.718784 15.351216 17.07
1.71789 15.362110 17.08
1.716999 15.373001 17.09
1.716107 15.383893 17.1
1.71522 15.394780 17.11
1.71433 15.405670 17.12
1.713447 15.416553 17.13
1.712559 15.427441 17.14
1.711673 15.438327 17.15
1.71079 15.449210 17.16
1.709907 15.460093 17.17
1.709025 15.470975 17.18
1.708145 15.481855 17.19
1.707262 15.492738 17.2
1.706386 15.503614 17.21
1.705507 15.514493 17.22
1.704631 15.525369 17.23
1.703755 15.536245 17.24
1.702879 15.547121 17.25
1.702007 15.557993 17.26
1.701134 15.568866 17.27
1.70026 15.579740 17.28
1.69939 15.590610 17.29
1.698521 15.601479 17.3
1.697651 15.612349 17.31
1.696783 15.623217 17.32
1.695916 15.634084 17.33
1.695049 15.644951 17.34
1.694184 15.655816 17.35
1.693322 15.666678 17.36
1.692455 15.677545 17.37
1.691596 15.688404 17.38
1.690737 15.699263 17.39
1.689875 15.710125 17.4
1.689016 15.720984 17.41
1.688159 15.731841 17.42
1.687299 15.742701 17.43
1.686443 15.753557 17.44
1.685589 15.764411 17.45
1.684735 15.775265 17.46
1.683881 15.786119 17.47
1.683029 15.796971 17.48
1.682176 15.807824 17.49
1.681328 15.818672 17.5
1.680477 15.829523 17.51
1.679628 15.840372 17.52
1.67878 15.851220 17.53
1.677935 15.862065 17.54
1.67709 15.872910 17.55
1.676244 15.883756 17.56
1.675402 15.894598 17.57
1.674558 15.905442 17.58
1.673716 15.916284 17.59
1.672874 15.927126 17.6
1.672033 15.937967 17.61
1.671194 15.948806 17.62
1.670358 15.959642 17.63
1.669521 15.970479 17.64
1.668682 15.981318 17.65
1.667848 15.992152 17.66
1.667015 16.002985 17.67
1.666179 16.013821 17.68
1.665348 16.024652 17.69
1.664514 16.035486 17.7
1.663686 16.046314 17.71
1.662856 16.057144 17.72
1.662026 16.067974 17.73
1.661198 16.078802 17.74
1.660372 16.089628 17.75
1.659544 16.100456 17.76
1.658718 16.111282 17.77
1.657893 16.122107 17.78
1.657069 16.132931 17.79
1.656249 16.143751 17.8
1.655427 16.154573 17.81
1.654604 16.165396 17.82
1.653786 16.176214 17.83
1.652965 16.187035 17.84
1.652147 16.197853 17.85
1.65133 16.208670 17.86
1.650514 16.219486 17.87
1.649699 16.230301 17.88
1.648883 16.241117 17.89
1.648072 16.251928 17.9
1.647259 16.262741 17.91
1.646444 16.273556 17.92
1.645633 16.284367 17.93
1.644823 16.295177 17.94
1.644014 16.305986 17.95
1.643207 16.316793 17.96
1.642401 16.327599 17.97
1.641592 16.338408 17.98
1.640785 16.349215 17.99
1.63998 16.360020 18.0
1.639175 16.370825 18.01
1.638374 16.381626 18.02
1.637573 16.392427 18.03
1.636769 16.403231 18.04
1.635968 16.414032 18.05
1.635171 16.424829 18.06
1.634371 16.435629 18.07
1.633574 16.446426 18.08
1.632774 16.457226 18.09
1.631979 16.468021 18.1
1.631185 16.478815 18.11
1.630387 16.489613 18.12
1.629598 16.500402 18.13
1.628802 16.511198 18.14
1.62801 16.521990 18.15
1.627218 16.532782 18.16
1.626429 16.543571 18.17
1.625637 16.554363 18.18
1.624849 16.565151 18.19
1.624061 16.575939 18.2
1.623275 16.586725 18.21
1.622491 16.597509 18.22
1.621705 16.608295 18.23
1.62092 16.619080 18.24
1.620134 16.629866 18.25
1.619352 16.640648 18.26
1.61857 16.651430 18.27
1.61779 16.662210 18.28
1.617009 16.672991 18.29
1.616231 16.683769 18.3
1.61545 16.694550 18.31
1.614674 16.705326 18.32
1.613894 16.716106 18.33
1.613119 16.726881 18.34
1.612342 16.737658 18.35
1.611568 16.748432 18.36
1.610795 16.759205 18.37
1.610024 16.769976 18.38
1.60925 16.780750 18.39
1.608479 16.791521 18.4
1.607706 16.802294 18.41
1.606939 16.813061 18.42
1.606168 16.823832 18.43
1.6054 16.834600 18.44
1.604633 16.845367 18.45
1.603867 16.856133 18.46
1.603101 16.866899 18.47
1.602337 16.877663 18.48
1.60157 16.888430 18.49
1.600809 16.899191 18.5
1.600048 16.909952 18.51
1.599285 16.920715 18.52
1.598521 16.931479 18.53
1.59776 16.942240 18.54
1.597005 16.952995 18.55
1.596245 16.963755 18.56
1.595488 16.974512 18.57
1.594729 16.985271 18.58
1.593973 16.996027 18.59
1.593216 17.006784 18.6
1.592462 17.017538 18.61
1.591708 17.028292 18.62
1.590958 17.039042 18.63
1.590205 17.049795 18.64
1.589453 17.060547 18.65
1.588699 17.071301 18.66
1.58795 17.082050 18.67
1.587204 17.092796 18.68
1.586452 17.103548 18.69
1.585704 17.114296 18.7
1.584958 17.125042 18.71
1.584214 17.135786 18.72
1.583468 17.146532 18.73
1.582724 17.157276 18.74
1.581978 17.168022 18.75
1.581236 17.178764 18.76
1.580492 17.189508 18.77
1.579749 17.200251 18.78
1.579009 17.210991 18.79
1.578271 17.221729 18.8
1.57753 17.232470 18.81
1.57679 17.243210 18.82
1.576056 17.253944 18.83
1.575315 17.264685 18.84
1.574579 17.275421 18.85
1.573844 17.286156 18.86
1.57311 17.296890 18.87
1.572379 17.307621 18.88
1.571643 17.318357 18.89
1.570912 17.329088 18.9
1.570179 17.339821 18.91
1.569446 17.350554 18.92
1.568718 17.361282 18.93
1.567987 17.372013 18.94
1.567258 17.382742 18.95
1.566531 17.393469 18.96
1.565806 17.404194 18.97
1.565077 17.414923 18.98
1.564352 17.425648 18.99
1.563625 17.436375 19.0
1.5629 17.447100 19.01
1.562177 17.457823 19.02
1.561454 17.468546 19.03
1.560731 17.479269 19.04
1.560012 17.489988 19.05
1.55929 17.500710 19.06
1.558571 17.511429 19.07
1.55785 17.522150 19.08
1.557133 17.532867 19.09
1.556413 17.543587 19.1
1.555696 17.554304 19.11
1.554978 17.565022 19.12
1.554267 17.575733 19.13
1.553551 17.586449 19.14
1.552836 17.597164 19.15
1.552122 17.607878 19.16
1.551409 17.618591 19.17
1.550697 17.629303 19.18
1.549985 17.640015 19.19
1.549276 17.650724 19.2
1.548566 17.661434 19.21
1.547858 17.672142 19.22
1.547146 17.682854 19.23
1.546438 17.693562 19.24
1.545732 17.704268 19.25
1.545025 17.714975 19.26
1.544319 17.725681 19.27
1.543615 17.736385 19.28
1.542909 17.747091 19.29
1.542207 17.757793 19.3
1.541504 17.768496 19.31
1.5408 17.779200 19.32
1.5401 17.789900 19.33
1.539398 17.800602 19.34
1.5387 17.811300 19.35
1.537999 17.822001 19.36
1.537299 17.832701 19.37
1.536605 17.843395 19.38
1.535905 17.854095 19.39
1.535208 17.864792 19.4
1.534514 17.875486 19.41
1.533815 17.886185 19.42
1.533125 17.896875 19.43
1.532428 17.907572 19.44
1.531734 17.918266 19.45
1.531045 17.928955 19.46
1.530352 17.939648 19.47
1.529662 17.950338 19.48
1.528969 17.961031 19.49
1.52828 17.971720 19.5
1.52759 17.982410 19.51
1.526901 17.993099 19.52
1.526214 18.003786 19.53
1.525527 18.014473 19.54
1.524842 18.025158 19.55
1.524155 18.035845 19.56
1.523468 18.046532 19.57
1.522785 18.057215 19.58
1.522102 18.067898 19.59
1.521419 18.078581 19.6
1.520734 18.089266 19.61
1.520053 18.099947 19.62
1.519376 18.110624 19.63
1.518695 18.121305 19.64
1.518011 18.131989 19.65
1.517332 18.142668 19.66
1.516653 18.153347 19.67
1.515978 18.164022 19.68
1.5153 18.174700 19.69
1.514625 18.185375 19.7
1.513951 18.196049 19.71
1.513274 18.206726 19.72
1.512598 18.217402 19.73
1.511927 18.228073 19.74
1.511251 18.238749 19.75
1.51058 18.249420 19.76
1.509906 18.260094 19.77
1.509235 18.270765 19.78
1.508565 18.281435 19.79
1.507897 18.292103 19.8
1.507227 18.302773 19.81
1.50656 18.313440 19.82
1.50589 18.324110 19.83
1.505222 18.334778 19.84
1.504558 18.345442 19.85
1.50389 18.356110 19.86
1.503224 18.366776 19.87
1.502561 18.377439 19.88
1.501897 18.388103 19.89
1.501236 18.398764 19.9
1.50057 18.409430 19.91
1.499906 18.420094 19.92
1.499246 18.430754 19.93
1.498586 18.441414 19.94
1.497926 18.452074 19.95
1.497268 18.462732 19.96
1.496604 18.473396 19.97
1.495949 18.484051 19.98
1.495291 18.494709 19.99
1.494633 18.505367 20.0
