# 118.2 deg
6.498288 0.071712 6.57
6.400242 0.179758 6.58
6.3247 0.265300 6.59
6.261969 0.338031 6.6
6.206996 0.403004 6.61
6.157372 0.462628 6.62
6.111735 0.518265 6.63
6.069248 0.570752 6.64
6.029332 0.620668 6.65
5.991588 0.668412 6.66
5.955697 0.714303 6.67
5.921431 0.758569 6.68
5.888592 0.801408 6.69
5.857036 0.842964 6.7
5.826627 0.883373 6.71
5.797263 0.922737 6.72
5.76885 0.961150 6.73
5.741316 0.998684 6.74
5.714586 1.035414 6.75
5.688605 1.071395 6.76
5.66332 1.106680 6.77
5.638687 1.141313 6.78
5.614664 1.175336 6.79
5.591211 1.208789 6.8
5.568298 1.241702 6.81
5.545892 1.274108 6.82
5.523968 1.306032 6.83
5.502502 1.337498 6.84
5.481468 1.368532 6.85
5.460845 1.399155 6.86
5.440617 1.429383 6.87
5.420765 1.459235 6.88
5.401269 1.488731 6.89
5.382119 1.517881 6.9
5.363296 1.546704 6.91
5.344792 1.575208 6.92
5.326589 1.603411 6.93
5.308679 1.631321 6.94
5.291047 1.658953 6.95
5.273686 1.686314 6.96
5.256589 1.713411 6.97
5.239741 1.740259 6.98
5.223138 1.766862 6.99
5.206768 1.793232 7.0
5.190627 1.819373 7.01
5.174707 1.845293 7.02
5.158999 1.871001 7.03
5.143499 1.896501 7.04
5.128198 1.921802 7.05
5.113095 1.946905 7.06
5.098178 1.971822 7.07
5.083447 1.996553 7.08
5.068894 2.021106 7.09
5.054515 2.045485 7.1
5.040303 2.069697 7.11
5.026259 2.093741 7.12
5.012374 2.117626 7.13
4.998646 2.141354 7.14
4.985069 2.164931 7.15
4.971643 2.188357 7.16
4.95836 2.211640 7.17
4.94522 2.234780 7.18
4.932217 2.257783 7.19
4.919351 2.280649 7.2
4.906616 2.303384 7.21
4.894011 2.325989 7.22
4.881531 2.348469 7.23
4.869174 2.370826 7.24
4.856939 2.393061 7.25
4.844822 2.415178 7.26
4.83282 2.437180 7.27
4.820931 2.459069 7.28
4.809155 2.480845 7.29
4.797484 2.502516 7.3
4.785923 2.524077 7.31
4.774467 2.545533 7.32
4.763111 2.566889 7.33
4.751857 2.588143 7.34
4.740702 2.609298 7.35
4.729642 2.630358 7.36
4.718677 2.651323 7.37
4.707807 2.672193 7.38
4.697028 2.692972 7.39
4.686337 2.713663 7.4
4.675737 2.734263 7.41
4.665222 2.754778 7.42
4.654795 2.775205 7.43
4.644449 2.795551 7.44
4.634186 2.815814 7.45
4.624001 2.835999 7.46
4.6139 2.856100 7.47
4.603875 2.876125 7.48
4.59393 2.896070 7.49
4.584056 2.915944 7.5
4.574257 2.935743 7.51
4.564536 2.955464 7.52
4.554886 2.975114 7.53
4.545306 2.994694 7.54
4.535797 3.014203 7.55
4.526354 3.033646 7.56
4.51698 3.053020 7.57
4.507676 3.072324 7.58
4.498434 3.091566 7.59
4.489261 3.110739 7.6
4.480148 3.129852 7.61
4.471101 3.148899 7.62
4.462115 3.167885 7.63
4.45319 3.186810 7.64
4.444327 3.205673 7.65
4.435524 3.224476 7.66
4.426778 3.243222 7.67
4.41809 3.261910 7.68
4.409459 3.280541 7.69
4.400886 3.299114 7.7
4.392368 3.317632 7.71
4.383904 3.336096 7.72
4.375496 3.354504 7.73
4.367141 3.372859 7.74
4.358837 3.391163 7.75
4.350586 3.409414 7.76
4.342387 3.427613 7.77
4.33424 3.445760 7.78
4.326141 3.463859 7.79
4.318093 3.481907 7.8
4.310093 3.499907 7.81
4.302141 3.517859 7.82
4.294239 3.535761 7.83
4.286382 3.553618 7.84
4.278573 3.571427 7.85
4.27081 3.589190 7.86
4.263092 3.606908 7.87
4.255419 3.624581 7.88
4.24779 3.642210 7.89
4.240206 3.659794 7.9
4.232664 3.677336 7.91
4.225166 3.694834 7.92
4.217711 3.712289 7.93
4.210296 3.729704 7.94
4.202926 3.747074 7.95
4.195593 3.764407 7.96
4.188303 3.781697 7.97
4.181052 3.798948 7.98
4.173842 3.816158 7.99
4.166671 3.833329 8.0
4.159539 3.850461 8.01
4.152443 3.867557 8.02
4.145388 3.884612 8.03
4.138369 3.901631 8.04
4.131386 3.918614 8.05
4.124442 3.935558 8.06
4.117535 3.952465 8.07
4.110663 3.969337 8.08
4.103826 3.986174 8.09
4.097025 4.002975 8.1
4.090261 4.019739 8.11
4.083529 4.036471 8.12
4.076831 4.053169 8.13
4.070168 4.069832 8.14
4.063539 4.086461 8.15
4.056943 4.103057 8.16
4.050379 4.119621 8.17
4.043847 4.136153 8.18
4.037352 4.152648 8.19
4.030884 4.169116 8.2
4.02445 4.185550 8.21
4.018044 4.201956 8.22
4.011676 4.218324 8.23
4.005333 4.234667 8.24
3.999022 4.250978 8.25
3.99274 4.267260 8.26
3.986489 4.283511 8.27
3.980269 4.299731 8.28
3.974078 4.315922 8.29
3.967915 4.332085 8.3
3.96178 4.348220 8.31
3.955676 4.364324 8.32
3.9496 4.380400 8.33
3.94355 4.396450 8.34
3.93753 4.412470 8.35
3.931537 4.428463 8.36
3.925571 4.444429 8.37
3.919631 4.460369 8.38
3.91372 4.476280 8.39
3.907834 4.492166 8.4
3.901976 4.508024 8.41
3.896142 4.523858 8.42
3.890335 4.539665 8.43
3.884555 4.555445 8.44
3.8788 4.571200 8.45
3.87307 4.586930 8.46
3.867364 4.602636 8.47
3.861684 4.618316 8.48
3.856029 4.633971 8.49
3.850397 4.649603 8.5
3.84479 4.665210 8.51
3.839207 4.680793 8.52
3.833648 4.696352 8.53
3.828114 4.711886 8.54
3.822601 4.727399 8.55
3.817112 4.742888 8.56
3.811647 4.758353 8.57
3.806205 4.773795 8.58
3.800785 4.789215 8.59
3.795387 4.804613 8.6
3.790014 4.819986 8.61
3.784662 4.835338 8.62
3.77933 4.850670 8.63
3.774021 4.865979 8.64
3.768735 4.881265 8.65
3.763468 4.896532 8.66
3.758225 4.911775 8.67
3.753001 4.926999 8.68
3.747801 4.942199 8.69
3.742618 4.957382 8.7
3.737459 4.972541 8.71
3.732318 4.987682 8.72
3.7272 5.002800 8.73
3.7221 5.017900 8.74
3.717021 5.032979 8.75
3.71196 5.048040 8.76
3.706922 5.063078 8.77
3.701904 5.078096 8.78
3.696903 5.093097 8.79
3.691922 5.108078 8.8
3.68696 5.123040 8.81
3.682018 5.137982 8.82
3.677095 5.152905 8.83
3.672189 5.167811 8.84
3.667304 5.182696 8.85
3.662437 5.197563 8.86
3.657589 5.212411 8.87
3.652757 5.227243 8.88
3.647944 5.242056 8.89
3.64315 5.256850 8.9
3.638374 5.271626 8.91
3.633614 5.286386 8.92
3.628873 5.301127 8.93
3.624151 5.315849 8.94
3.619445 5.330555 8.95
3.614755 5.345245 8.96
3.610083 5.359917 8.97
3.60543 5.374570 8.98
3.600791 5.389209 8.99
3.596169 5.403831 9.0
3.591566 5.418434 9.01
3.586977 5.433023 9.02
3.582407 5.447593 9.03
3.577852 5.462148 9.04
3.573314 5.476686 9.05
3.568791 5.491209 9.06
3.564287 5.505713 9.07
3.559796 5.520204 9.08
3.555322 5.534678 9.09
3.550863 5.549137 9.1
3.546421 5.563579 9.11
3.541993 5.578007 9.12
3.537581 5.592419 9.13
3.533184 5.606816 9.14
3.528804 5.621196 9.15
3.524436 5.635564 9.16
3.520086 5.649914 9.17
3.515749 5.664251 9.18
3.51143 5.678570 9.19
3.507122 5.692878 9.2
3.50283 5.707170 9.21
3.498552 5.721448 9.22
3.49429 5.735710 9.23
3.490042 5.749958 9.24
3.485807 5.764193 9.25
3.481588 5.778412 9.26
3.477382 5.792618 9.27
3.473191 5.806809 9.28
3.469014 5.820986 9.29
3.46485 5.835150 9.3
3.460699 5.849301 9.31
3.456563 5.863437 9.32
3.452441 5.877559 9.33
3.448332 5.891668 9.34
3.444235 5.905765 9.35
3.440155 5.919845 9.36
3.436085 5.933915 9.37
3.432029 5.947971 9.38
3.427987 5.962013 9.39
3.423958 5.976042 9.4
3.419941 5.990059 9.41
3.415937 6.004063 9.42
3.411946 6.018054 9.43
3.407969 6.032031 9.44
3.404004 6.045996 9.45
3.40005 6.059950 9.46
3.396109 6.073891 9.47
3.392184 6.087816 9.48
3.38827 6.101730 9.49
3.384367 6.115633 9.5
3.380474 6.129526 9.51
3.376596 6.143404 9.52
3.372731 6.157269 9.53
3.368876 6.171124 9.54
3.365034 6.184966 9.55
3.361203 6.198797 9.56
3.357385 6.212615 9.57
3.35358 6.226420 9.58
3.349784 6.240216 9.59
3.345999 6.254001 9.6
3.34223 6.267770 9.61
3.338469 6.281531 9.62
3.33472 6.295280 9.63
3.330982 6.309018 9.64
3.327258 6.322742 9.65
3.323542 6.336458 9.66
3.319839 6.350161 9.67
3.316146 6.363854 9.68
3.312465 6.377535 9.69
3.308797 6.391203 9.7
3.305138 6.404862 9.71
3.301489 6.418511 9.72
3.297851 6.432149 9.73
3.294224 6.445776 9.74
3.29061 6.459390 9.75
3.287004 6.472996 9.76
3.28341 6.486590 9.77
3.279826 6.500174 9.78
3.276253 6.513747 9.79
3.27269 6.527310 9.8
3.269137 6.540863 9.81
3.265595 6.554405 9.82
3.262065 6.567935 9.83
3.258541 6.581459 9.84
3.25503 6.594970 9.85
3.251529 6.608471 9.86
3.248037 6.621963 9.87
3.244555 6.635445 9.88
3.241084 6.648916 9.89
3.237623 6.662377 9.9
3.234172 6.675828 9.91
3.23073 6.689270 9.92
3.227297 6.702703 9.93
3.223874 6.716126 9.94
3.220462 6.729538 9.95
3.217058 6.742942 9.96
3.213663 6.756337 9.97
3.21028 6.769720 9.98
3.206905 6.783095 9.99
3.203538 6.796462 10.0
3.20018 6.809820 10.01
3.196834 6.823166 10.02
3.193496 6.836504 10.03
3.190167 6.849833 10.04
3.186846 6.863154 10.05
3.183536 6.876464 10.06
3.180234 6.889766 10.07
3.176941 6.903059 10.08
3.173656 6.916344 10.09
3.170381 6.929619 10.1
3.167115 6.942885 10.11
3.163856 6.956144 10.12
3.160606 6.969394 10.13
3.157367 6.982633 10.14
3.154135 6.995865 10.15
3.150911 7.009089 10.16
3.147695 7.022305 10.17
3.144489 7.035511 10.18
3.141292 7.048708 10.19
3.138102 7.061898 10.2
3.13492 7.075080 10.21
3.131747 7.088253 10.22
3.128581 7.101419 10.23
3.125424 7.114576 10.24
3.122275 7.127725 10.25
3.119133 7.140867 10.26
3.116 7.154000 10.27
3.112877 7.167123 10.28
3.109758 7.180242 10.29
3.10665 7.193350 10.3
3.103548 7.206452 10.31
3.100455 7.219545 10.32
3.09737 7.232630 10.33
3.094291 7.245709 10.34
3.09122 7.258780 10.35
3.088158 7.271842 10.36
3.085103 7.284897 10.37
3.082055 7.297945 10.38
3.079015 7.310985 10.39
3.075985 7.324015 10.4
3.072961 7.337039 10.41
3.069942 7.350058 10.42
3.066932 7.363068 10.43
3.063933 7.376067 10.44
3.060938 7.389062 10.45
3.05795 7.402050 10.46
3.054969 7.415031 10.47
3.051998 7.428002 10.48
3.049032 7.440968 10.49
3.046075 7.453925 10.5
3.043123 7.466877 10.51
3.040179 7.479821 10.52
3.037243 7.492757 10.53
3.034314 7.505686 10.54
3.031391 7.518609 10.55
3.028475 7.531525 10.56
3.025568 7.544432 10.57
3.022667 7.557333 10.58
3.019772 7.570228 10.59
3.016884 7.583116 10.6
3.014005 7.595995 10.61
3.011131 7.608869 10.62
3.008263 7.621737 10.63
3.005402 7.634598 10.64
3.00255 7.647450 10.65
2.999704 7.660296 10.66
2.996864 7.673136 10.67
2.99403 7.685970 10.68
2.991204 7.698796 10.69
2.988384 7.711616 10.7
2.98557 7.724430 10.71
2.982764 7.737236 10.72
2.979965 7.750035 10.73
2.97717 7.762830 10.74
2.974382 7.775618 10.75
2.971601 7.788399 10.76
2.968827 7.801173 10.77
2.96606 7.813940 10.78
2.963298 7.826702 10.79
2.96054 7.839460 10.8
2.957793 7.852207 10.81
2.95505 7.864950 10.82
2.952315 7.877685 10.83
2.949583 7.890417 10.84
2.946859 7.903141 10.85
2.944142 7.915858 10.86
2.941432 7.928568 10.87
2.938725 7.941275 10.88
2.936026 7.953974 10.89
2.933332 7.966668 10.9
2.930646 7.979354 10.91
2.927965 7.992035 10.92
2.925289 8.004711 10.93
2.92262 8.017380 10.94
2.919957 8.030043 10.95
2.917299 8.042701 10.96
2.914648 8.055352 10.97
2.912004 8.067996 10.98
2.909363 8.080637 10.99
2.906728 8.093272 11.0
2.9041 8.105900 11.01
2.901478 8.118522 11.02
2.898862 8.131138 11.03
2.896252 8.143748 11.04
2.893646 8.156354 11.05
2.891047 8.168953 11.06
2.888455 8.181545 11.07
2.885866 8.194134 11.08
2.883283 8.206717 11.09
2.880708 8.219292 11.1
2.878135 8.231865 11.11
2.875569 8.244431 11.12
2.873009 8.256991 11.13
2.870455 8.269545 11.14
2.867907 8.282093 11.15
2.865363 8.294637 11.16
2.862823 8.307177 11.17
2.860292 8.319708 11.18
2.857764 8.332236 11.19
2.855242 8.344758 11.2
2.852726 8.357274 11.21
2.850213 8.369787 11.22
2.847709 8.382291 11.23
2.845206 8.394794 11.24
2.842713 8.407287 11.25
2.840222 8.419778 11.26
2.837736 8.432264 11.27
2.835258 8.444742 11.28
2.832784 8.457216 11.29
2.830313 8.469687 11.3
2.827849 8.482151 11.31
2.825391 8.494609 11.32
2.822937 8.507063 11.33
2.820487 8.519513 11.34
2.818042 8.531958 11.35
2.815606 8.544394 11.36
2.813172 8.556828 11.37
2.810742 8.569258 11.38
2.808319 8.581681 11.39
2.805901 8.594099 11.4
2.803488 8.606512 11.41
2.801078 8.618922 11.42
2.798673 8.631327 11.43
2.796277 8.643723 11.44
2.793882 8.656118 11.45
2.791494 8.668506 11.46
2.789108 8.680892 11.47
2.786729 8.693271 11.48
2.784354 8.705646 11.49
2.781984 8.718016 11.5
2.779619 8.730381 11.51
2.777258 8.742742 11.52
2.774904 8.755096 11.53
2.772553 8.767447 11.54
2.770205 8.779795 11.55
2.767864 8.792136 11.56
2.765529 8.804471 11.57
2.763196 8.816804 11.58
2.760868 8.829132 11.59
2.758545 8.841455 11.6
2.756227 8.853773 11.61
2.753914 8.866086 11.62
2.751604 8.878396 11.63
2.749298 8.890702 11.64
2.746999 8.903001 11.65
2.744703 8.915297 11.66
2.742413 8.927587 11.67
2.740124 8.939876 11.68
2.737844 8.952156 11.69
2.735566 8.964434 11.7
2.733292 8.976708 11.71
2.731024 8.988976 11.72
2.72876 9.001240 11.73
2.7265 9.013500 11.74
2.724244 9.025756 11.75
2.721992 9.038008 11.76
2.719745 9.050255 11.77
2.717503 9.062497 11.78
2.715264 9.074736 11.79
2.71303 9.086970 11.8
2.710801 9.099199 11.81
2.708577 9.111423 11.82
2.706354 9.123646 11.83
2.704137 9.135863 11.84
2.701925 9.148075 11.85
2.699716 9.160284 11.86
2.697512 9.172488 11.87
2.69531 9.184690 11.88
2.693114 9.196886 11.89
2.690923 9.209077 11.9
2.688736 9.221264 11.91
2.686551 9.233449 11.92
2.684373 9.245627 11.93
2.682196 9.257804 11.94
2.680025 9.269975 11.95
2.677855 9.282145 11.96
2.675693 9.294307 11.97
2.673536 9.306464 11.98
2.671379 9.318621 11.99
2.669228 9.330772 12.0
2.667079 9.342921 12.01
2.664937 9.355063 12.02
2.662798 9.367202 12.03
2.660662 9.379338 12.04
2.65853 9.391470 12.05
2.656402 9.403598 12.06
2.654279 9.415721 12.07
2.652159 9.427841 12.08
2.650042 9.439958 12.09
2.64793 9.452070 12.1
2.645823 9.464177 12.11
2.643718 9.476282 12.12
2.641618 9.488382 12.13
2.639518 9.500482 12.14
2.637428 9.512572 12.15
2.635337 9.524663 12.16
2.633252 9.536748 12.17
2.631171 9.548829 12.18
2.629094 9.560906 12.19
2.627019 9.572981 12.2
2.624948 9.585052 12.21
2.622881 9.597119 12.22
2.620819 9.609181 12.23
2.618759 9.621241 12.24
2.616702 9.633298 12.25
2.61465 9.645350 12.26
2.612603 9.657397 12.27
2.610557 9.669443 12.28
2.608515 9.681485 12.29
2.606479 9.693521 12.3
2.604444 9.705556 12.31
2.602413 9.717587 12.32
2.600387 9.729613 12.33
2.598363 9.741637 12.34
2.596344 9.753656 12.35
2.594327 9.765673 12.36
2.592313 9.777687 12.37
2.590303 9.789697 12.38
2.588298 9.801702 12.39
2.586296 9.813704 12.4
2.584299 9.825701 12.41
2.582302 9.837698 12.42
2.58031 9.849690 12.43
2.578323 9.861677 12.44
2.576337 9.873663 12.45
2.574354 9.885646 12.46
2.572377 9.897623 12.47
2.570403 9.909597 12.48
2.568432 9.921568 12.49
2.566463 9.933537 12.5
2.5645 9.945500 12.51
2.562538 9.957462 12.52
2.560581 9.969419 12.53
2.558627 9.981373 12.54
2.556678 9.993322 12.55
2.55473 10.005270 12.56
2.552787 10.017213 12.57
2.550848 10.029152 12.58
2.54891 10.041090 12.59
2.546975 10.053025 12.6
2.545047 10.064953 12.61
2.543121 10.076879 12.62
2.541197 10.088803 12.63
2.539277 10.100723 12.64
2.537362 10.112638 12.65
2.535448 10.124552 12.66
2.533539 10.136461 12.67
2.531632 10.148368 12.68
2.52973 10.160270 12.69
2.527832 10.172168 12.7
2.525935 10.184065 12.71
2.524042 10.195958 12.72
2.522153 10.207847 12.73
2.520267 10.219733 12.74
2.518385 10.231615 12.75
2.516505 10.243495 12.76
2.514631 10.255369 12.77
2.512759 10.267241 12.78
2.51089 10.279110 12.79
2.509023 10.290977 12.8
2.507161 10.302839 12.81
2.505304 10.314696 12.82
2.503449 10.326551 12.83
2.501595 10.338405 12.84
2.499748 10.350252 12.85
2.4979 10.362100 12.86
2.49606 10.373940 12.87
2.494222 10.385778 12.88
2.492384 10.397616 12.89
2.490552 10.409448 12.9
2.488723 10.421277 12.91
2.486896 10.433104 12.92
2.485073 10.444927 12.93
2.483254 10.456746 12.94
2.481438 10.468562 12.95
2.479624 10.480376 12.96
2.477812 10.492188 12.97
2.476006 10.503994 12.98
2.474202 10.515798 12.99
2.472401 10.527599 13.0
2.470603 10.539397 13.01
2.468808 10.551192 13.02
2.467016 10.562984 13.03
2.465229 10.574771 13.04
2.463443 10.586557 13.05
2.461661 10.598339 13.06
2.459881 10.610119 13.07
2.458105 10.621895 13.08
2.456332 10.633668 13.09
2.45456 10.645440 13.1
2.452793 10.657207 13.11
2.451029 10.668971 13.12
2.449267 10.680733 13.13
2.44751 10.692490 13.14
2.445757 10.704243 13.15
2.444001 10.715999 13.16
2.442254 10.727746 13.17
2.440507 10.739493 13.18
2.438764 10.751236 13.19
2.437024 10.762976 13.2
2.435286 10.774714 13.21
2.433553 10.786447 13.22
2.43182 10.798180 13.23
2.430093 10.809907 13.24
2.428366 10.821634 13.25
2.426642 10.833358 13.26
2.424923 10.845077 13.27
2.423208 10.856792 13.28
2.421493 10.868507 13.29
2.419781 10.880219 13.3
2.418072 10.891928 13.31
2.416367 10.903633 13.32
2.414665 10.915335 13.33
2.412964 10.927036 13.34
2.411266 10.938734 13.35
2.409572 10.950428 13.36
2.40788 10.962120 13.37
2.406192 10.973808 13.38
2.404506 10.985494 13.39
2.402825 10.997175 13.4
2.401143 11.008857 13.41
2.399467 11.020533 13.42
2.39779 11.032210 13.43
2.39612 11.043880 13.44
2.39445 11.055550 13.45
2.392782 11.067218 13.46
2.39112 11.078880 13.47
2.389458 11.090542 13.48
2.3878 11.102200 13.49
2.386143 11.113857 13.5
2.384491 11.125509 13.51
2.382841 11.137159 13.52
2.381195 11.148805 13.53
2.379548 11.160452 13.54
2.377907 11.172093 13.55
2.376266 11.183734 13.56
2.374629 11.195371 13.57
2.372995 11.207005 13.58
2.371364 11.218636 13.59
2.369735 11.230265 13.6
2.368108 11.241892 13.61
2.366484 11.253516 13.62
2.364863 11.265137 13.63
2.363245 11.276755 13.64
2.361628 11.288372 13.65
2.360016 11.299984 13.66
2.358403 11.311597 13.67
2.356795 11.323205 13.68
2.355191 11.334809 13.69
2.353586 11.346414 13.7
2.351987 11.358013 13.71
2.350388 11.369612 13.72
2.348793 11.381207 13.73
2.347201 11.392799 13.74
2.345611 11.404389 13.75
2.344021 11.415979 13.76
2.342435 11.427565 13.77
2.340856 11.439144 13.78
2.339274 11.450726 13.79
2.337696 11.462304 13.8
2.336121 11.473879 13.81
2.334549 11.485451 13.82
2.332977 11.497023 13.83
2.331409 11.508591 13.84
2.329846 11.520154 13.85
2.328281 11.531719 13.86
2.32672 11.543280 13.87
2.325162 11.554838 13.88
2.323607 11.566393 13.89
2.322054 11.577946 13.9
2.320501 11.589499 13.91
2.318954 11.601046 13.92
2.317408 11.612592 13.93
2.315865 11.624135 13.94
2.314324 11.635676 13.95
2.312783 11.647217 13.96
2.311248 11.658752 13.97
2.309713 11.670287 13.98
2.308182 11.681818 13.99
2.306652 11.693348 14.0
2.305125 11.704875 14.01
2.303602 11.716398 14.02
2.302079 11.727921 14.03
2.30056 11.739440 14.04
2.299042 11.750958 14.05
2.297527 11.762473 14.06
2.296014 11.773986 14.07
2.294505 11.785495 14.08
2.292995 11.797005 14.09
2.291488 11.808512 14.1
2.289983 11.820017 14.11
2.288485 11.831515 14.12
2.286984 11.843016 14.13
2.28549 11.854510 14.14
2.283995 11.866005 14.15
2.282503 11.877497 14.16
2.281012 11.888988 14.17
2.279524 11.900476 14.18
2.27804 11.911960 14.19
2.276555 11.923445 14.2
2.275073 11.934927 14.21
2.273596 11.946404 14.22
2.272118 11.957882 14.23
2.270644 11.969356 14.24
2.269172 11.980828 14.25
2.267703 11.992297 14.26
2.266234 12.003766 14.27
2.264769 12.015231 14.28
2.263307 12.026693 14.29
2.261845 12.038155 14.3
2.260385 12.049615 14.31
2.25893 12.061070 14.32
2.257474 12.072526 14.33
2.256023 12.083977 14.34
2.254572 12.095428 14.35
2.253124 12.106876 14.36
2.251677 12.118323 14.37
2.250234 12.129766 14.38
2.248792 12.141208 14.39
2.247354 12.152646 14.4
2.245916 12.164084 14.41
2.24448 12.175520 14.42
2.243046 12.186954 14.43
2.241619 12.198381 14.44
2.240185 12.209815 14.45
2.23876 12.221240 14.46
2.237336 12.232664 14.47
2.235914 12.244086 14.48
2.234493 12.255507 14.49
2.233075 12.266925 14.5
2.231659 12.278341 14.51
2.230242 12.289758 14.52
2.228832 12.301168 14.53
2.227421 12.312579 14.54
2.226013 12.323987 14.55
2.224606 12.335394 14.56
2.223204 12.346796 14.57
2.221802 12.358198 14.58
2.220401 12.369599 14.59
2.219001 12.380999 14.6
2.217606 12.392394 14.61
2.216212 12.403788 14.62
2.214821 12.415179 14.63
2.213432 12.426568 14.64
2.212045 12.437955 14.65
2.210655 12.449345 14.66
2.209275 12.460725 14.67
2.207893 12.472107 14.68
2.206512 12.483488 14.69
2.205134 12.494866 14.7
2.203758 12.506242 14.71
2.202383 12.517617 14.72
2.201012 12.528988 14.73
2.199643 12.540357 14.74
2.198274 12.551726 14.75
2.196908 12.563092 14.76
2.195544 12.574456 14.77
2.194183 12.585817 14.78
2.192821 12.597179 14.79
2.191462 12.608538 14.8
2.190107 12.619893 14.81
2.188752 12.631248 14.82
2.1874 12.642600 14.83
2.18605 12.653950 14.84
2.1847 12.665300 14.85
2.183354 12.676646 14.86
2.18201 12.687990 14.87
2.180667 12.699333 14.88
2.179325 12.710675 14.89
2.177986 12.722014 14.9
2.176649 12.733351 14.91
2.175313 12.744687 14.92
2.173979 12.756021 14.93
2.172648 12.767352 14.94
2.171319 12.778681 14.95
2.16999 12.790010 14.96
2.168664 12.801336 14.97
2.167339 12.812661 14.98
2.166019 12.823981 14.99
2.164697 12.835303 15.0
2.163378 12.846622 15.01
2.16206 12.857940 15.02
2.160746 12.869254 15.03
2.159432 12.880568 15.04
2.158122 12.891878 15.05
2.156811 12.903189 15.06
2.155505 12.914495 15.07
2.154197 12.925803 15.08
2.152894 12.937106 15.09
2.15159 12.948410 15.1
2.150292 12.959708 15.11
2.148992 12.971008 15.12
2.147695 12.982305 15.13
2.1464 12.993600 15.14
2.145108 13.004892 15.15
2.143816 13.016184 15.16
2.142527 13.027473 15.17
2.141237 13.038763 15.18
2.139952 13.050048 15.19
2.138667 13.061333 15.2
2.137384 13.072616 15.21
2.136103 13.083897 15.22
2.134824 13.095176 15.23
2.133546 13.106454 15.24
2.132269 13.117731 15.25
2.130996 13.129004 15.26
2.129723 13.140277 15.27
2.128454 13.151546 15.28
2.127185 13.162815 15.29
2.125918 13.174082 15.3
2.124651 13.185349 15.31
2.123388 13.196612 15.32
2.122127 13.207873 15.33
2.120867 13.219133 15.34
2.119608 13.230392 15.35
2.118352 13.241648 15.36
2.117097 13.252903 15.37
2.115843 13.264157 15.38
2.11459 13.275410 15.39
2.113341 13.286659 15.4
2.112091 13.297909 15.41
2.110845 13.309155 15.42
2.109601 13.320399 15.43
2.108356 13.331644 15.44
2.107116 13.342884 15.45
2.105873 13.354127 15.46
2.104636 13.365364 15.47
2.103401 13.376599 15.48
2.102165 13.387835 15.49
2.100932 13.399068 15.5
2.0997 13.410300 15.51
2.09847 13.421530 15.52
2.097242 13.432758 15.53
2.096016 13.443984 15.54
2.094788 13.455212 15.55
2.093565 13.466435 15.56
2.092344 13.477656 15.57
2.091123 13.488877 15.58
2.089907 13.500093 15.59
2.088687 13.511313 15.6
2.087473 13.522527 15.61
2.086258 13.533742 15.62
2.085046 13.544954 15.63
2.083833 13.556167 15.64
2.082626 13.567374 15.65
2.081418 13.578582 15.66
2.080213 13.589787 15.67
2.079009 13.600991 15.68
2.077805 13.612195 15.69
2.076604 13.623396 15.7
2.075403 13.634597 15.71
2.074206 13.645794 15.72
2.07301 13.656990 15.73
2.071817 13.668183 15.74
2.070621 13.679379 15.75
2.06943 13.690570 15.76
2.068238 13.701762 15.77
2.067051 13.712949 15.78
2.065865 13.724135 15.79
2.064679 13.735321 15.8
2.063494 13.746506 15.81
2.062312 13.757688 15.82
2.061133 13.768867 15.83
2.059952 13.780048 15.84
2.058774 13.791226 15.85
2.057597 13.802403 15.86
2.056422 13.813578 15.87
2.055251 13.824749 15.88
2.054077 13.835923 15.89
2.052909 13.847091 15.9
2.05174 13.858260 15.91
2.050571 13.869429 15.92
2.049405 13.880595 15.93
2.048244 13.891756 15.94
2.047079 13.902921 15.95
2.045917 13.914083 15.96
2.044758 13.925242 15.97
2.043599 13.936401 15.98
2.042444 13.947556 15.99
2.041289 13.958711 16.0
2.040135 13.969865 16.01
2.03898 13.981020 16.02
2.037831 13.992169 16.03
2.036681 14.003319 16.04
2.035536 14.014464 16.05
2.034389 14.025611 16.06
2.033243 14.036757 16.07
2.0321 14.047900 16.08
2.030958 14.059042 16.09
2.029817 14.070183 16.1
2.028675 14.081325 16.11
2.027538 14.092462 16.12
2.026404 14.103596 16.13
2.02527 14.114730 16.14
2.024135 14.125865 16.15
2.023003 14.136997 16.16
2.021872 14.148128 16.17
2.020743 14.159257 16.18
2.019615 14.170385 16.19
2.018488 14.181512 16.2
2.017367 14.192633 16.21
2.016242 14.203758 16.22
2.01512 14.214880 16.23
2.014 14.226000 16.24
2.012879 14.237121 16.25
2.011761 14.248239 16.26
2.010645 14.259355 16.27
2.009531 14.270469 16.28
2.008418 14.281582 16.29
2.007307 14.292693 16.3
2.006197 14.303803 16.31
2.005085 14.314915 16.32
2.003978 14.326022 16.33
2.002874 14.337126 16.34
2.001764 14.348236 16.35
2.000661 14.359339 16.36
1.99956 14.370440 16.37
1.99846 14.381540 16.38
1.99736 14.392640 16.39
1.99626 14.403740 16.4
1.995164 14.414836 16.41
1.994067 14.425933 16.42
1.992974 14.437026 16.43
1.991883 14.448117 16.44
1.990789 14.459211 16.45
1.989702 14.470298 16.46
1.988611 14.481389 16.47
1.987525 14.492475 16.48
1.986436 14.503564 16.49
1.985353 14.514647 16.5
1.98427 14.525730 16.51
1.983186 14.536814 16.52
1.982104 14.547896 16.53
1.981027 14.558973 16.54
1.979951 14.570049 16.55
1.978873 14.581127 16.56
1.977796 14.592204 16.57
1.976724 14.603276 16.58
1.97565 14.614350 16.59
1.974578 14.625422 16.6
1.973508 14.636492 16.61
1.97244 14.647560 16.62
1.971373 14.658627 16.63
1.970305 14.669695 16.64
1.969241 14.680759 16.65
1.968178 14.691822 16.66
1.967113 14.702887 16.67
1.966054 14.713946 16.68
1.964995 14.725005 16.69
1.963934 14.736066 16.7
1.962878 14.747122 16.71
1.961822 14.758178 16.72
1.960767 14.769233 16.73
1.959714 14.780286 16.74
1.958664 14.791336 16.75
1.957611 14.802389 16.76
1.95656 14.813440 16.77
1.955511 14.824489 16.78
1.954466 14.835534 16.79
1.953421 14.846579 16.8
1.952378 14.857622 16.81
1.951334 14.868666 16.82
1.950294 14.879706 16.83
1.949249 14.890751 16.84
1.948209 14.901791 16.85
1.947173 14.912827 16.86
1.946136 14.923864 16.87
1.945101 14.934899 16.88
1.944067 14.945933 16.89
1.943032 14.956968 16.9
1.942002 14.967998 16.91
1.940969 14.979031 16.92
1.93994 14.990060 16.93
1.938913 15.001087 16.94
1.937885 15.012115 16.95
1.936859 15.023141 16.96
1.935835 15.034165 16.97
1.934814 15.045186 16.98
1.933789 15.056211 16.99
1.932767 15.067233 17.0
1.931749 15.078251 17.01
1.930729 15.089271 17.02
1.929714 15.100286 17.03
1.928696 15.111304 17.04
1.927684 15.122316 17.05
1.926671 15.133329 17.06
1.925657 15.144343 17.07
1.924645 15.155355 17.08
1.923633 15.166367 17.09
1.922625 15.177375 17.1
1.921618 15.188382 17.11
1.92061 15.199390 17.12
1.919608 15.210392 17.13
1.918604 15.221396 17.14
1.917598 15.232402 17.15
1.916598 15.243402 17.16
1.915595 15.254405 17.17
1.914598 15.265402 17.18
1.913598 15.276402 17.19
1.9126 15.287400 17.2
1.911607 15.298393 17.21
1.910612 15.309388 17.22
1.909618 15.320382 17.23
1.908624 15.331376 17.24
1.907632 15.342368 17.25
1.906644 15.353356 17.26
1.905655 15.364345 17.27
1.904666 15.375334 17.28
1.903681 15.386319 17.29
1.902695 15.397305 17.3
1.901711 15.408289 17.31
1.900727 15.419273 17.32
1.899744 15.430256 17.33
1.898764 15.441236 17.34
1.897782 15.452218 17.35
1.896804 15.463196 17.36
1.895826 15.474174 17.37
1.894851 15.485149 17.38
1.893877 15.496123 17.39
1.892901 15.507099 17.4
1.891928 15.518072 17.41
1.890957 15.529043 17.42
1.889985 15.540015 17.43
1.889014 15.550986 17.44
1.888045 15.561955 17.45
1.887079 15.572921 17.46
1.886111 15.583889 17.47
1.885148 15.594852 17.48
1.884182 15.605818 17.49
1.883219 15.616781 17.5
1.882257 15.627743 17.51
1.881296 15.638704 17.52
1.880336 15.649664 17.53
1.879378 15.660622 17.54
1.878422 15.671578 17.55
1.877464 15.682536 17.56
1.876508 15.693492 17.57
1.875553 15.704447 17.58
1.874601 15.715399 17.59
1.873648 15.726352 17.6
1.872695 15.737305 17.61
1.871745 15.748255 17.62
1.870799 15.759201 17.63
1.869851 15.770149 17.64
1.868903 15.781097 17.65
1.867956 15.792044 17.66
1.867013 15.802987 17.67
1.866068 15.813932 17.68
1.865125 15.824875 17.69
1.864185 15.835815 17.7
1.863244 15.846756 17.71
1.862304 15.857696 17.72
1.861369 15.868631 17.73
1.860428 15.879572 17.74
1.859492 15.890508 17.75
1.858557 15.901443 17.76
1.857622 15.912378 17.77
1.856688 15.923312 17.78
1.855756 15.934244 17.79
1.854828 15.945172 17.8
1.853897 15.956103 17.81
1.852968 15.967032 17.82
1.852039 15.977961 17.83
1.851109 15.988891 17.84
1.850186 15.999814 17.85
1.849262 16.010738 17.86
1.848338 16.021662 17.87
1.847415 16.032585 17.88
1.846491 16.043509 17.89
1.845572 16.054428 17.9
1.844652 16.065348 17.91
1.843733 16.076267 17.92
1.842813 16.087187 17.93
1.841896 16.098104 17.94
1.840984 16.109016 17.95
1.840068 16.119932 17.96
1.839156 16.130844 17.97
1.838242 16.141758 17.98
1.837328 16.152672 17.99
1.83642 16.163580 18.0
1.835508 16.174492 18.01
1.8346 16.185400 18.02
1.833692 16.196308 18.03
1.832786 16.207214 18.04
1.831881 16.218119 18.05
1.830977 16.229023 18.06
1.830071 16.239929 18.07
1.82917 16.250830 18.08
1.828266 16.261734 18.09
1.827364 16.272636 18.1
1.826465 16.283535 18.11
1.825566 16.294434 18.12
1.82467 16.305330 18.13
1.823773 16.316227 18.14
1.822878 16.327122 18.15
1.821982 16.338018 18.16
1.821089 16.348911 18.17
1.820194 16.359806 18.18
1.819301 16.370699 18.19
1.81841 16.381590 18.2
1.817521 16.392479 18.21
1.816632 16.403368 18.22
1.815743 16.414257 18.23
1.814858 16.425142 18.24
1.813971 16.436029 18.25
1.813085 16.446915 18.26
1.812202 16.457798 18.27
1.811319 16.468681 18.28
1.810435 16.479565 18.29
1.809554 16.490446 18.3
1.808672 16.501328 18.31
1.807793 16.512207 18.32
1.806913 16.523087 18.33
1.806036 16.533964 18.34
1.80516 16.544840 18.35
1.804283 16.555717 18.36
1.803409 16.566591 18.37
1.802537 16.577463 18.38
1.801663 16.588337 18.39
1.800789 16.599211 18.4
1.799915 16.610085 18.41
1.799049 16.620951 18.42
1.798177 16.631823 18.43
1.797309 16.642691 18.44
1.796443 16.653557 18.45
1.795577 16.664423 18.46
1.794713 16.675287 18.47
1.793847 16.686153 18.48
1.792982 16.697018 18.49
1.792118 16.707882 18.5
1.79126 16.718740 18.51
1.790395 16.729605 18.52
1.789535 16.740465 18.53
1.788674 16.751326 18.54
1.78782 16.762180 18.55
1.786959 16.773041 18.56
1.786105 16.783895 18.57
1.785248 16.794752 18.58
1.784393 16.805607 18.59
1.783537 16.816463 18.6
1.782686 16.827314 18.61
1.781833 16.838167 18.62
1.780986 16.849014 18.63
1.780133 16.859867 18.64
1.779282 16.870718 18.65
1.778433 16.881567 18.66
1.777586 16.892414 18.67
1.776743 16.903257 18.68
1.775894 16.914106 18.69
1.775048 16.924952 18.7
1.774205 16.935795 18.71
1.773364 16.946636 18.72
1.772521 16.957479 18.73
1.771679 16.968321 18.74
1.770838 16.979162 18.75
1.769998 16.990002 18.76
1.769159 17.000841 18.77
1.768321 17.011679 18.78
1.767482 17.022518 18.79
1.766648 17.033352 18.8
1.765812 17.044188 18.81
1.764977 17.055023 18.82
1.764147 17.065853 18.83
1.763311 17.076689 18.84
1.762479 17.087521 18.85
1.761649 17.098351 18.86
1.760818 17.109182 18.87
1.759992 17.120008 18.88
1.75916 17.130840 18.89
1.758334 17.141666 18.9
1.757506 17.152494 18.91
1.756681 17.163319 18.92
1.755857 17.174143 18.93
1.755029 17.184971 18.94
1.754207 17.195793 18.95
1.753386 17.206614 18.96
1.752564 17.217436 18.97
1.751744 17.228256 18.98
1.750923 17.239077 18.99
1.750103 17.249897 19.0
1.749286 17.260714 19.01
1.748466 17.271534 19.02
1.747649 17.282351 19.03
1.746835 17.293165 19.04
1.746022 17.303978 19.05
1.745205 17.314795 19.06
1.744393 17.325607 19.07
1.743582 17.336418 19.08
1.742769 17.347231 19.09
1.741958 17.358042 19.1
1.741147 17.368853 19.11
1.740337 17.379663 19.12
1.739531 17.390469 19.13
1.738724 17.401276 19.14
1.737917 17.412083 19.15
1.737112 17.422888 19.16
1.736303 17.433697 19.17
1.735504 17.444496 19.18
1.734697 17.455303 19.19
1.733895 17.466105 19.2
1.733096 17.476904 19.21
1.732295 17.487705 19.22
1.731493 17.498507 19.23
1.730692 17.509308 19.24
1.729895 17.520105 19.25
1.729097 17.530903 19.26
1.7283 17.541700 19.27
1.727502 17.552498 19.28
1.726708 17.563292 19.29
1.725913 17.574087 19.3
1.725121 17.584879 19.31
1.724325 17.595675 19.32
1.723536 17.606464 19.33
1.722742 17.617258 19.34
1.721954 17.628046 19.35
1.721164 17.638836 19.36
1.720374 17.649626 19.37
1.719588 17.660412 19.38
1.7188 17.671200 19.39
1.718012 17.681988 19.4
1.717228 17.692772 19.41
1.71644 17.703560 19.42
1.71566 17.714340 19.43
1.714876 17.725124 19.44
1.71409 17.735910 19.45
1.713311 17.746689 19.46
1.712529 17.757471 19.47
1.711749 17.768251 19.48
1.710968 17.779032 19.49
1.710192 17.789808 19.5
1.709411 17.800589 19.51
1.708635 17.811365 19.52
1.707858 17.822142 19.53
1.707084 17.832916 19.54
1.706311 17.843689 19.55
1.705535 17.854465 19.56
1.704762 17.865238 19.57
1.703989 17.876011 19.58
1.703218 17.886782 19.59
1.702448 17.897552 19.6
1.701675 17.908325 19.61
1.700906 17.919094 19.62
1.700139 17.929861 19.63
1.699372 17.940628 19.64
1.698603 17.951397 19.65
1.697836 17.962164 19.66
1.697067 17.972933 19.67
1.696306 17.983694 19.68
1.695541 17.994459 19.69
1.694778 18.005222 19.7
1.694018 18.015982 19.71
1.693255 18.026745 19.72
1.692492 18.037508 19.73
1.691733 18.048267 19.74
1.690973 18.059027 19.75
1.690216 18.069784 19.76
1.689455 18.080545 19.77
1.688697 18.091303 19.78
1.687942 18.102058 19.79
1.687186 18.112814 19.8
1.686431 18.123569 19.81
1.685677 18.134323 19.82
1.684923 18.145077 19.83
1.684168 18.155832 19.84
1.683418 18.166582 19.85
1.682666 18.177334 19.86
1.681914 18.188086 19.87
1.681165 18.198835 19.88
1.680417 18.209583 19.89
1.679671 18.220329 19.9
1.678921 18.231079 19.91
1.678173 18.241827 19.92
1.677427 18.252573 19.93
1.676681 18.263319 19.94
1.675935 18.274065 19.95
1.675193 18.284807 19.96
1.674447 18.295553 19.97
1.673703 18.306297 19.98
1.672964 18.317036 19.99
1.672222 18.327778 20.0
