# 134.3 deg
7.337726 0.082274 7.42
7.233174 0.196826 7.43
7.153489 0.286511 7.44
7.087058 0.362942 7.45
7.028657 0.431343 7.46
6.975828 0.494172 7.47
6.927171 0.552829 7.48
6.881821 0.608179 7.49
6.839176 0.660824 7.5
6.798816 0.711184 7.51
6.760429 0.759571 7.52
6.723752 0.806248 7.53
6.688588 0.851412 7.54
6.65478 0.895220 7.55
6.622184 0.937816 7.56
6.590697 0.979303 7.57
6.560227 1.019773 7.58
6.530678 1.059322 7.59
6.50199 1.098010 7.6
6.474092 1.135908 7.61
6.446938 1.173062 7.62
6.42047 1.209530 7.63
6.394649 1.245351 7.64
6.36944 1.280560 7.65
6.3448 1.315200 7.66
6.320698 1.349302 7.67
6.297109 1.382891 7.68
6.274003 1.415997 7.69
6.25136 1.448640 7.7
6.229154 1.480846 7.71
6.207364 1.512636 7.72
6.185976 1.544024 7.73
6.164968 1.575032 7.74
6.144321 1.605679 7.75
6.124027 1.635973 7.76
6.104068 1.665932 7.77
6.084433 1.695567 7.78
6.065105 1.724895 7.79
6.046076 1.753924 7.8
6.027336 1.782664 7.81
6.008871 1.811129 7.82
5.990678 1.839322 7.83
5.972739 1.867261 7.84
5.955053 1.894947 7.85
5.937608 1.922392 7.86
5.920396 1.949604 7.87
5.903414 1.976586 7.88
5.886649 2.003351 7.89
5.870099 2.029901 7.9
5.853756 2.056244 7.91
5.837614 2.082386 7.92
5.821668 2.108332 7.93
5.805911 2.134089 7.94
5.790343 2.159657 7.95
5.774949 2.185051 7.96
5.759734 2.210266 7.97
5.744689 2.235311 7.98
5.72981 2.260190 7.99
5.715096 2.284904 8.0
5.700537 2.309463 8.01
5.686132 2.333868 8.02
5.671882 2.358118 8.03
5.657777 2.382223 8.04
5.643813 2.406187 8.05
5.629992 2.430008 8.06
5.616311 2.453689 8.07
5.602761 2.477239 8.08
5.589343 2.500657 8.09
5.576053 2.523947 8.1
5.562894 2.547106 8.11
5.549852 2.570148 8.12
5.536933 2.593067 8.13
5.524133 2.615867 8.14
5.511449 2.638551 8.15
5.498879 2.661121 8.16
5.486417 2.683583 8.17
5.474066 2.705934 8.18
5.461827 2.728173 8.19
5.449688 2.750312 8.2
5.437653 2.772347 8.21
5.425716 2.794284 8.22
5.413886 2.816114 8.23
5.402149 2.837851 8.24
5.390506 2.859494 8.25
5.378959 2.881041 8.26
5.367505 2.902495 8.27
5.356143 2.923857 8.28
5.34487 2.945130 8.29
5.333683 2.966317 8.3
5.322583 2.987417 8.31
5.311569 3.008431 8.32
5.30064 3.029360 8.33
5.289789 3.050211 8.34
5.279023 3.070977 8.35
5.268336 3.091664 8.36
5.257726 3.112274 8.37
5.247193 3.132807 8.38
5.236737 3.153263 8.39
5.226355 3.173645 8.4
5.216048 3.193952 8.41
5.205813 3.214187 8.42
5.195648 3.234352 8.43
5.185556 3.254444 8.44
5.175532 3.274468 8.45
5.165576 3.294424 8.46
5.155688 3.314312 8.47
5.145869 3.334131 8.48
5.136112 3.353888 8.49
5.12642 3.373580 8.5
5.116792 3.393208 8.51
5.107227 3.412773 8.52
5.097725 3.432275 8.53
5.088285 3.451715 8.54
5.078903 3.471097 8.55
5.06958 3.490420 8.56
5.060319 3.509681 8.57
5.051115 3.528885 8.58
5.041967 3.548033 8.59
5.032875 3.567125 8.6
5.023843 3.586157 8.61
5.014863 3.605137 8.62
5.005936 3.624064 8.63
4.997064 3.642936 8.64
4.988247 3.661753 8.65
4.979479 3.680521 8.66
4.970765 3.699235 8.67
4.962101 3.717899 8.68
4.953491 3.736509 8.69
4.944926 3.755074 8.7
4.936413 3.773587 8.71
4.927947 3.792053 8.72
4.919532 3.810468 8.73
4.911161 3.828839 8.74
4.90284 3.847160 8.75
4.894563 3.865437 8.76
4.886335 3.883665 8.77
4.878153 3.901847 8.78
4.870014 3.919986 8.79
4.861919 3.938081 8.8
4.853869 3.956131 8.81
4.845862 3.974138 8.82
4.837898 3.992102 8.83
4.829976 4.010024 8.84
4.822099 4.027901 8.85
4.814262 4.045738 8.86
4.806467 4.063533 8.87
4.798709 4.081291 8.88
4.790994 4.099006 8.89
4.78332 4.116680 8.9
4.775685 4.134315 8.91
4.768087 4.151913 8.92
4.760529 4.169471 8.93
4.753012 4.186988 8.94
4.745531 4.204469 8.95
4.738085 4.221915 8.96
4.730679 4.239321 8.97
4.723311 4.256689 8.98
4.715975 4.274025 8.99
4.708678 4.291322 9.0
4.701418 4.308582 9.01
4.694189 4.325811 9.02
4.686999 4.343001 9.03
4.679843 4.360157 9.04
4.67272 4.377280 9.05
4.665633 4.394367 9.06
4.658579 4.411421 9.07
4.651558 4.428442 9.08
4.64457 4.445430 9.09
4.637615 4.462385 9.1
4.630693 4.479307 9.11
4.623803 4.496197 9.12
4.616944 4.513056 9.13
4.610117 4.529883 9.14
4.603323 4.546677 9.15
4.596556 4.563444 9.16
4.589824 4.580176 9.17
4.58312 4.596880 9.18
4.576448 4.613552 9.19
4.569804 4.630196 9.2
4.563191 4.646809 9.21
4.556606 4.663394 9.22
4.550053 4.679947 9.23
4.543527 4.696473 9.24
4.537029 4.712971 9.25
4.53056 4.729440 9.26
4.524119 4.745881 9.27
4.517707 4.762293 9.28
4.511323 4.778677 9.29
4.504965 4.795035 9.3
4.498634 4.811366 9.31
4.492332 4.827668 9.32
4.486055 4.843945 9.33
4.479804 4.860196 9.34
4.473581 4.876419 9.35
4.467385 4.892615 9.36
4.461212 4.908788 9.37
4.455067 4.924933 9.38
4.448947 4.941053 9.39
4.442853 4.957147 9.4
4.436782 4.973218 9.41
4.430737 4.989263 9.42
4.424716 5.005284 9.43
4.418721 5.021279 9.44
4.41275 5.037250 9.45
4.406802 5.053198 9.46
4.400877 5.069123 9.47
4.394981 5.085019 9.48
4.389104 5.100896 9.49
4.383253 5.116747 9.5
4.37742 5.132580 9.51
4.371615 5.148385 9.52
4.365834 5.164166 9.53
4.360071 5.179929 9.54
4.354333 5.195667 9.55
4.348617 5.211383 9.56
4.342924 5.227076 9.57
4.337252 5.242748 9.58
4.331602 5.258398 9.59
4.325973 5.274027 9.6
4.320368 5.289632 9.61
4.314783 5.305217 9.62
4.309219 5.320781 9.63
4.303675 5.336325 9.64
4.298154 5.351846 9.65
4.292652 5.367348 9.66
4.287172 5.382828 9.67
4.281711 5.398289 9.68
4.276272 5.413728 9.69
4.270855 5.429145 9.7
4.265455 5.444545 9.71
4.260074 5.459926 9.72
4.254715 5.475285 9.73
4.249375 5.490625 9.74
4.244055 5.505945 9.75
4.238753 5.521247 9.76
4.23347 5.536530 9.77
4.228209 5.551791 9.78
4.222966 5.567034 9.79
4.217739 5.582261 9.8
4.212533 5.597467 9.81
4.207345 5.612655 9.82
4.202177 5.627823 9.83
4.197025 5.642975 9.84
4.191892 5.658108 9.85
4.186777 5.673223 9.86
4.181681 5.688319 9.87
4.1766 5.703400 9.88
4.17154 5.718460 9.89
4.166497 5.733503 9.9
4.161471 5.748529 9.91
4.156461 5.763539 9.92
4.151468 5.778532 9.93
4.146493 5.793507 9.94
4.141537 5.808463 9.95
4.136595 5.823405 9.96
4.13167 5.838330 9.97
4.126764 5.853236 9.98
4.121873 5.868127 9.99
4.116997 5.883003 10.0
4.112138 5.897862 10.01
4.107296 5.912704 10.02
4.10247 5.927530 10.03
4.097661 5.942339 10.04
4.092864 5.957136 10.05
4.088086 5.971914 10.06
4.083323 5.986677 10.07
4.078576 6.001424 10.08
4.073844 6.016156 10.09
4.069126 6.030874 10.1
4.064427 6.045573 10.11
4.05974 6.060260 10.12
4.055067 6.074933 10.13
4.050413 6.089587 10.14
4.045772 6.104228 10.15
4.041144 6.118856 10.16
4.036531 6.133469 10.17
4.031934 6.148066 10.18
4.027353 6.162647 10.19
4.022783 6.177217 10.2
4.018228 6.191772 10.21
4.013688 6.206312 10.22
4.009161 6.220839 10.23
4.004649 6.235351 10.24
4.000151 6.249849 10.25
3.995666 6.264334 10.26
3.991195 6.278805 10.27
3.986738 6.293262 10.28
3.982294 6.307706 10.29
3.977864 6.322136 10.3
3.973447 6.336553 10.31
3.969044 6.350956 10.32
3.964655 6.365345 10.33
3.960277 6.379723 10.34
3.955912 6.394088 10.35
3.951562 6.408438 10.36
3.947225 6.422775 10.37
3.942899 6.437101 10.38
3.938587 6.451413 10.39
3.934291 6.465709 10.4
3.930003 6.479997 10.41
3.925727 6.494273 10.42
3.921467 6.508533 10.43
3.917221 6.522779 10.44
3.912984 6.537016 10.45
3.908759 6.551241 10.46
3.904546 6.565454 10.47
3.900348 6.579652 10.48
3.89616 6.593840 10.49
3.891987 6.608013 10.5
3.887822 6.622178 10.51
3.883672 6.636328 10.52
3.879533 6.650467 10.53
3.875405 6.664595 10.54
3.87129 6.678710 10.55
3.867186 6.692814 10.56
3.863095 6.706905 10.57
3.859013 6.720987 10.58
3.854943 6.735057 10.59
3.850886 6.749114 10.6
3.846841 6.763159 10.61
3.842806 6.777194 10.62
3.838781 6.791219 10.63
3.834768 6.805232 10.64
3.830768 6.819232 10.65
3.826778 6.833222 10.66
3.822799 6.847201 10.67
3.81883 6.861170 10.68
3.814874 6.875126 10.69
3.810928 6.889072 10.7
3.806991 6.903009 10.71
3.803066 6.916934 10.72
3.799153 6.930847 10.73
3.795249 6.944751 10.74
3.791356 6.958644 10.75
3.787473 6.972527 10.76
3.783601 6.986399 10.77
3.779742 7.000258 10.78
3.775889 7.014111 10.79
3.772046 7.027954 10.8
3.768217 7.041783 10.81
3.764397 7.055603 10.82
3.760589 7.069411 10.83
3.756788 7.083212 10.84
3.752997 7.097003 10.85
3.749218 7.110782 10.86
3.74545 7.124550 10.87
3.741689 7.138311 10.88
3.737939 7.152061 10.89
3.734199 7.165801 10.9
3.730468 7.179532 10.91
3.726748 7.193252 10.92
3.723037 7.206963 10.93
3.719335 7.220665 10.94
3.715644 7.234356 10.95
3.711961 7.248039 10.96
3.708289 7.261711 10.97
3.704627 7.275373 10.98
3.700972 7.289028 10.99
3.697327 7.302673 11.0
3.693692 7.316308 11.01
3.690065 7.329935 11.02
3.686449 7.343551 11.03
3.682842 7.357158 11.04
3.679243 7.370757 11.05
3.675654 7.384346 11.06
3.672074 7.397926 11.07
3.668503 7.411497 11.08
3.664942 7.425058 11.09
3.661388 7.438612 11.1
3.657843 7.452157 11.11
3.654307 7.465693 11.12
3.65078 7.479220 11.13
3.647262 7.492738 11.14
3.643754 7.506246 11.15
3.640254 7.519746 11.16
3.63676 7.533240 11.17
3.633278 7.546722 11.18
3.629802 7.560198 11.19
3.626336 7.573664 11.2
3.622878 7.587122 11.21
3.619427 7.600573 11.22
3.615989 7.614011 11.23
3.612554 7.627446 11.24
3.609131 7.640869 11.25
3.605714 7.654286 11.26
3.602305 7.667695 11.27
3.598907 7.681093 11.28
3.595516 7.694484 11.29
3.592132 7.707868 11.3
3.588757 7.721243 11.31
3.585389 7.734611 11.32
3.582031 7.747969 11.33
3.578679 7.761321 11.34
3.575334 7.774666 11.35
3.572002 7.787998 11.36
3.568675 7.801325 11.37
3.565354 7.814646 11.38
3.562043 7.827957 11.39
3.55874 7.841260 11.4
3.555443 7.854557 11.41
3.552154 7.867846 11.42
3.548873 7.881127 11.43
3.545601 7.894399 11.44
3.542335 7.907665 11.45
3.539079 7.920921 11.46
3.535826 7.934174 11.47
3.532585 7.947415 11.48
3.529349 7.960651 11.49
3.526121 7.973879 11.5
3.5229 7.987100 11.51
3.519686 8.000314 11.52
3.516482 8.013518 11.53
3.513285 8.026715 11.54
3.510092 8.039908 11.55
3.506908 8.053092 11.56
3.503733 8.066267 11.57
3.500563 8.079437 11.58
3.4974 8.092600 11.59
3.494245 8.105755 11.6
3.491098 8.118902 11.61
3.487956 8.132044 11.62
3.484821 8.145179 11.63
3.481695 8.158305 11.64
3.478577 8.171423 11.65
3.475463 8.184537 11.66
3.472358 8.197642 11.67
3.469256 8.210744 11.68
3.466167 8.223833 11.69
3.463081 8.236919 11.7
3.460002 8.249998 11.71
3.45693 8.263070 11.72
3.453866 8.276134 11.73
3.450808 8.289192 11.74
3.447756 8.302244 11.75
3.44471 8.315290 11.76
3.441672 8.328328 11.77
3.438642 8.341358 11.78
3.435616 8.354384 11.79
3.432597 8.367403 11.8
3.429585 8.380415 11.81
3.426582 8.393418 11.82
3.423582 8.406418 11.83
3.420588 8.419412 11.84
3.417603 8.432397 11.85
3.414624 8.445376 11.86
3.411651 8.458349 11.87
3.408684 8.471316 11.88
3.405722 8.484278 11.89
3.402769 8.497231 11.9
3.399821 8.510179 11.91
3.396879 8.523121 11.92
3.393944 8.536056 11.93
3.391015 8.548985 11.94
3.388092 8.561908 11.95
3.385174 8.574826 11.96
3.382264 8.587736 11.97
3.379362 8.600638 11.98
3.376462 8.613538 11.99
3.373569 8.626431 12.0
3.37068 8.639320 12.01
3.367801 8.652199 12.02
3.364929 8.665071 12.03
3.36206 8.677940 12.04
3.359196 8.690804 12.05
3.35634 8.703660 12.06
3.35349 8.716510 12.07
3.350644 8.729356 12.08
3.347805 8.742195 12.09
3.344973 8.755027 12.1
3.342146 8.767854 12.11
3.339323 8.780677 12.12
3.336509 8.793491 12.13
3.333696 8.806304 12.14
3.330894 8.819106 12.15
3.328096 8.831904 12.16
3.325303 8.844697 12.17
3.322515 8.857485 12.18
3.319735 8.870265 12.19
3.316959 8.883041 12.2
3.314188 8.895812 12.21
3.311422 8.908578 12.22
3.308664 8.921336 12.23
3.30591 8.934090 12.24
3.303161 8.946839 12.25
3.300419 8.959581 12.26
3.297682 8.972318 12.27
3.294949 8.985051 12.28
3.292222 8.997778 12.29
3.289503 9.010497 12.3
3.286788 9.023212 12.31
3.284076 9.035924 12.32
3.281373 9.048627 12.33
3.278671 9.061329 12.34
3.27598 9.074020 12.35
3.27329 9.086710 12.36
3.270605 9.099395 12.37
3.267926 9.112074 12.38
3.265254 9.124746 12.39
3.262586 9.137414 12.4
3.259925 9.150075 12.41
3.257265 9.162735 12.42
3.254613 9.175387 12.43
3.251967 9.188033 12.44
3.249324 9.200676 12.45
3.246685 9.213315 12.46
3.244055 9.225945 12.47
3.241428 9.238572 12.48
3.238806 9.251194 12.49
3.236189 9.263811 12.5
3.233577 9.276423 12.51
3.230969 9.289031 12.52
3.228366 9.301634 12.53
3.22577 9.314230 12.54
3.223179 9.326821 12.55
3.220591 9.339409 12.56
3.218008 9.351992 12.57
3.215433 9.364567 12.58
3.212859 9.377141 12.59
3.210289 9.389711 12.6
3.20773 9.402270 12.61
3.205171 9.414829 12.62
3.202617 9.427383 12.63
3.200068 9.439932 12.64
3.197524 9.452476 12.65
3.194986 9.465014 12.66
3.192451 9.477549 12.67
3.189922 9.490078 12.68
3.187398 9.502602 12.69
3.184879 9.515121 12.7
3.182361 9.527639 12.71
3.179849 9.540151 12.72
3.177345 9.552655 12.73
3.174843 9.565157 12.74
3.172346 9.577654 12.75
3.169854 9.590146 12.76
3.167366 9.602634 12.77
3.164884 9.615116 12.78
3.162404 9.627596 12.79
3.159929 9.640071 12.8
3.157459 9.652541 12.81
3.154994 9.665006 12.82
3.152534 9.677466 12.83
3.150077 9.689923 12.84
3.147626 9.702374 12.85
3.145177 9.714823 12.86
3.142733 9.727267 12.87
3.140296 9.739704 12.88
3.13786 9.752140 12.89
3.135431 9.764569 12.9
3.133007 9.776993 12.91
3.130584 9.789416 12.92
3.128165 9.801835 12.93
3.125754 9.814246 12.94
3.123347 9.826653 12.95
3.12094 9.839060 12.96
3.118542 9.851458 12.97
3.116147 9.863853 12.98
3.113755 9.876245 12.99
3.111368 9.888632 13.0
3.108984 9.901016 13.01
3.106606 9.913394 13.02
3.104233 9.925767 13.03
3.101863 9.938137 13.04
3.099496 9.950504 13.05
3.097136 9.962864 13.06
3.094777 9.975223 13.07
3.092425 9.987575 13.08
3.090076 9.999924 13.09
3.08773 10.012270 13.1
3.08539 10.024610 13.11
3.083054 10.036946 13.12
3.080721 10.049279 13.13
3.078395 10.061605 13.14
3.076073 10.073927 13.15
3.073751 10.086249 13.16
3.071435 10.098565 13.17
3.069124 10.110876 13.18
3.066818 10.123182 13.19
3.064516 10.135484 13.2
3.062216 10.147784 13.21
3.059925 10.160075 13.22
3.057632 10.172368 13.23
3.055347 10.184653 13.24
3.053064 10.196936 13.25
3.050786 10.209214 13.26
3.048511 10.221489 13.27
3.046243 10.233757 13.28
3.043978 10.246022 13.29
3.041714 10.258286 13.3
3.039457 10.270543 13.31
3.037205 10.282795 13.32
3.034958 10.295042 13.33
3.032711 10.307289 13.34
3.030469 10.319531 13.35
3.028234 10.331766 13.36
3.026001 10.343999 13.37
3.023771 10.356229 13.38
3.021548 10.368452 13.39
3.019329 10.380671 13.4
3.017109 10.392891 13.41
3.014899 10.405101 13.42
3.012687 10.417313 13.43
3.010484 10.429516 13.44
3.008282 10.441718 13.45
3.006084 10.453916 13.46
3.003891 10.466109 13.47
3.001701 10.478299 13.48
2.999518 10.490482 13.49
2.997335 10.502665 13.5
2.995155 10.514845 13.51
2.992982 10.527018 13.52
2.990815 10.539185 13.53
2.988647 10.551353 13.54
2.986484 10.563516 13.55
2.984323 10.575677 13.56
2.982169 10.587831 13.57
2.980019 10.599981 13.58
2.977871 10.612129 13.59
2.975727 10.624273 13.6
2.973585 10.636415 13.61
2.971449 10.648551 13.62
2.969316 10.660684 13.63
2.967187 10.672813 13.64
2.965063 10.684937 13.65
2.962941 10.697059 13.66
2.960822 10.709178 13.67
2.958708 10.721292 13.68
2.956595 10.733405 13.69
2.954489 10.745511 13.7
2.952386 10.757614 13.71
2.950286 10.769714 13.72
2.94819 10.781810 13.73
2.946097 10.793903 13.74
2.944007 10.805993 13.75
2.941921 10.818079 13.76
2.939839 10.830161 13.77
2.937762 10.842238 13.78
2.935686 10.854314 13.79
2.933613 10.866387 13.8
2.931545 10.878455 13.81
2.929482 10.890518 13.82
2.92742 10.902580 13.83
2.925362 10.914638 13.84
2.923311 10.926689 13.85
2.921256 10.938744 13.86
2.91921 10.950790 13.87
2.917167 10.962833 13.88
2.915126 10.974874 13.89
2.913089 10.986911 13.9
2.911054 10.998946 13.91
2.909026 11.010974 13.92
2.906998 11.023002 13.93
2.904975 11.035025 13.94
2.902957 11.047043 13.95
2.900936 11.059064 13.96
2.898924 11.071076 13.97
2.896913 11.083087 13.98
2.894907 11.095093 13.99
2.892903 11.107097 14.0
2.890904 11.119096 14.01
2.888908 11.131092 14.02
2.886915 11.143085 14.03
2.884924 11.155076 14.04
2.882935 11.167065 14.05
2.880952 11.179048 14.06
2.878971 11.191029 14.07
2.876997 11.203003 14.08
2.87502 11.214980 14.09
2.873049 11.226951 14.1
2.87108 11.238920 14.11
2.86912 11.250880 14.12
2.867158 11.262842 14.13
2.865201 11.274799 14.14
2.863247 11.286753 14.15
2.861295 11.298705 14.16
2.859345 11.310655 14.17
2.857401 11.322599 14.18
2.855461 11.334539 14.19
2.853521 11.346479 14.2
2.851582 11.358418 14.21
2.849649 11.370351 14.22
2.847721 11.382279 14.23
2.845794 11.394206 14.24
2.84387 11.406130 14.25
2.841951 11.418049 14.26
2.840033 11.429967 14.27
2.838118 11.441882 14.28
2.836208 11.453792 14.29
2.834301 11.465699 14.3
2.832395 11.477605 14.31
2.830493 11.489507 14.32
2.828593 11.501407 14.33
2.826699 11.513301 14.34
2.824804 11.525196 14.35
2.822915 11.537085 14.36
2.821029 11.548971 14.37
2.819145 11.560855 14.38
2.817262 11.572738 14.39
2.815387 11.584613 14.4
2.81351 11.596490 14.41
2.811638 11.608362 14.42
2.809768 11.620232 14.43
2.807906 11.632094 14.44
2.806037 11.643963 14.45
2.804179 11.655821 14.46
2.80232 11.667680 14.47
2.800468 11.679532 14.48
2.798617 11.691383 14.49
2.796766 11.703234 14.5
2.794921 11.715079 14.51
2.793077 11.726923 14.52
2.791237 11.738763 14.53
2.7894 11.750600 14.54
2.787566 11.762434 14.55
2.785734 11.774266 14.56
2.783906 11.786094 14.57
2.782081 11.797919 14.58
2.780255 11.809745 14.59
2.778434 11.821566 14.6
2.776618 11.833382 14.61
2.774803 11.845197 14.62
2.772991 11.857009 14.63
2.771185 11.868815 14.64
2.769378 11.880622 14.65
2.767571 11.892429 14.66
2.765773 11.904227 14.67
2.763976 11.916024 14.68
2.762178 11.927822 14.69
2.760387 11.939613 14.7
2.758596 11.951404 14.71
2.756808 11.963192 14.72
2.755026 11.974974 14.73
2.753244 11.986756 14.74
2.751464 11.998536 14.75
2.749687 12.010313 14.76
2.747914 12.022086 14.77
2.746144 12.033856 14.78
2.744375 12.045625 14.79
2.742609 12.057391 14.8
2.740847 12.069153 14.81
2.739086 12.080914 14.82
2.737329 12.092671 14.83
2.735573 12.104427 14.84
2.733821 12.116179 14.85
2.732073 12.127927 14.86
2.730326 12.139674 14.87
2.728581 12.151419 14.88
2.72684 12.163160 14.89
2.7251 12.174900 14.9
2.723364 12.186636 14.91
2.721629 12.198371 14.92
2.719897 12.210103 14.93
2.71817 12.221830 14.94
2.716443 12.233557 14.95
2.714719 12.245281 14.96
2.712996 12.257004 14.97
2.711278 12.268722 14.98
2.709564 12.280436 14.99
2.70785 12.292150 15.0
2.706137 12.303863 15.01
2.704429 12.315571 15.02
2.702725 12.327275 15.03
2.70102 12.338980 15.04
2.699321 12.350679 15.05
2.697621 12.362379 15.06
2.695926 12.374074 15.07
2.69423 12.385770 15.08
2.692541 12.397459 15.09
2.690852 12.409148 15.1
2.689166 12.420834 15.11
2.687484 12.432516 15.12
2.685801 12.444199 15.13
2.684124 12.455876 15.14
2.682447 12.467553 15.15
2.680775 12.479225 15.16
2.679103 12.490897 15.17
2.677432 12.502568 15.18
2.675767 12.514233 15.19
2.674104 12.525896 15.2
2.67244 12.537560 15.21
2.670781 12.549219 15.22
2.669125 12.560875 15.23
2.66747 12.572530 15.24
2.665817 12.584183 15.25
2.664169 12.595831 15.26
2.66252 12.607480 15.27
2.660876 12.619124 15.28
2.659233 12.630767 15.29
2.657594 12.642406 15.3
2.655955 12.654045 15.31
2.654321 12.665679 15.32
2.652687 12.677313 15.33
2.651056 12.688944 15.34
2.649428 12.700572 15.35
2.647803 12.712197 15.36
2.646177 12.723823 15.37
2.644556 12.735444 15.38
2.642936 12.747064 15.39
2.64132 12.758680 15.4
2.639704 12.770296 15.41
2.638093 12.781907 15.42
2.636483 12.793517 15.43
2.634875 12.805125 15.44
2.63327 12.816730 15.45
2.631665 12.828335 15.46
2.630065 12.839935 15.47
2.628467 12.851533 15.48
2.626868 12.863132 15.49
2.625276 12.874724 15.5
2.623684 12.886316 15.51
2.622094 12.897906 15.52
2.620507 12.909493 15.53
2.618922 12.921078 15.54
2.617338 12.932662 15.55
2.615757 12.944243 15.56
2.614179 12.955821 15.57
2.612601 12.967399 15.58
2.611029 12.978971 15.59
2.609455 12.990545 15.6
2.607886 13.002114 15.61
2.606319 13.013681 15.62
2.604752 13.025248 15.63
2.603188 13.036812 15.64
2.601628 13.048372 15.65
2.60007 13.059930 15.66
2.598514 13.071486 15.67
2.596958 13.083042 15.68
2.595405 13.094595 15.69
2.593855 13.106145 15.7
2.592304 13.117696 15.71
2.59076 13.129240 15.72
2.589218 13.140782 15.73
2.587676 13.152324 15.74
2.586135 13.163865 15.75
2.584596 13.175404 15.76
2.583061 13.186939 15.77
2.581527 13.198473 15.78
2.579997 13.210003 15.79
2.578466 13.221534 15.8
2.57694 13.233060 15.81
2.575417 13.244583 15.82
2.573894 13.256106 15.83
2.57237 13.267630 15.84
2.570854 13.279146 15.85
2.569336 13.290664 15.86
2.567821 13.302179 15.87
2.56631 13.313690 15.88
2.564798 13.325202 15.89
2.563292 13.336708 15.9
2.561784 13.348216 15.91
2.56028 13.359720 15.92
2.558776 13.371224 15.93
2.557277 13.382723 15.94
2.55578 13.394220 15.95
2.554281 13.405719 15.96
2.552788 13.417212 15.97
2.551295 13.428705 15.98
2.549805 13.440195 15.99
2.548317 13.451683 16.0
2.546831 13.463169 16.01
2.545346 13.474654 16.02
2.543864 13.486136 16.03
2.542384 13.497616 16.04
2.540907 13.509093 16.05
2.539431 13.520569 16.06
2.537956 13.532044 16.07
2.536482 13.543518 16.08
2.535013 13.554987 16.09
2.533544 13.566456 16.1
2.532076 13.577924 16.11
2.530612 13.589388 16.12
2.529151 13.600849 16.13
2.527692 13.612308 16.14
2.526231 13.623769 16.15
2.524774 13.635226 16.16
2.523318 13.646682 16.17
2.521866 13.658134 16.18
2.520415 13.669585 16.19
2.518966 13.681034 16.2
2.517521 13.692479 16.21
2.516076 13.703924 16.22
2.514633 13.715367 16.23
2.51319 13.726810 16.24
2.51175 13.738250 16.25
2.510312 13.749688 16.26
2.508877 13.761123 16.27
2.507441 13.772559 16.28
2.50601 13.783990 16.29
2.504583 13.795417 16.3
2.503153 13.806847 16.31
2.501726 13.818274 16.32
2.500303 13.829697 16.33
2.49888 13.841120 16.34
2.497457 13.852543 16.35
2.49604 13.863960 16.36
2.494621 13.875379 16.37
2.493207 13.886793 16.38
2.491795 13.898205 16.39
2.490382 13.909618 16.4
2.488973 13.921027 16.41
2.487563 13.932437 16.42
2.48616 13.943840 16.43
2.484756 13.955244 16.44
2.483352 13.966648 16.45
2.481955 13.978045 16.46
2.480553 13.989447 16.47
2.479158 14.000842 16.48
2.477761 14.012239 16.49
2.476368 14.023632 16.5
2.474975 14.035025 16.51
2.473586 14.046414 16.52
2.472197 14.057803 16.53
2.47081 14.069190 16.54
2.46943 14.080570 16.55
2.468045 14.091955 16.56
2.466664 14.103336 16.57
2.465286 14.114714 16.58
2.463908 14.126092 16.59
2.462533 14.137467 16.6
2.461157 14.148843 16.61
2.459787 14.160213 16.62
2.458417 14.171583 16.63
2.457048 14.182952 16.64
2.45568 14.194320 16.65
2.454315 14.205685 16.66
2.452951 14.217049 16.67
2.45159 14.228410 16.68
2.450231 14.239769 16.69
2.448872 14.251128 16.7
2.447516 14.262484 16.71
2.446161 14.273839 16.72
2.444809 14.285191 16.73
2.443458 14.296542 16.74
2.442109 14.307891 16.75
2.440758 14.319242 16.76
2.439413 14.330587 16.77
2.438069 14.341931 16.78
2.436726 14.353274 16.79
2.435386 14.364614 16.8
2.434048 14.375952 16.81
2.43271 14.387290 16.82
2.431373 14.398627 16.83
2.430036 14.409964 16.84
2.428706 14.421294 16.85
2.427375 14.432625 16.86
2.426045 14.443955 16.87
2.424718 14.455282 16.88
2.423391 14.466609 16.89
2.422066 14.477934 16.9
2.420744 14.489256 16.91
2.419423 14.500577 16.92
2.418103 14.511897 16.93
2.416788 14.523212 16.94
2.41547 14.534530 16.95
2.414157 14.545843 16.96
2.412843 14.557157 16.97
2.411535 14.568465 16.98
2.410223 14.579777 16.99
2.408913 14.591087 17.0
2.407607 14.602393 17.01
2.406302 14.613698 17.02
2.405 14.625000 17.03
2.403696 14.636304 17.04
2.402402 14.647598 17.05
2.401102 14.658898 17.06
2.399804 14.670196 17.07
2.39851 14.681490 17.08
2.397215 14.692785 17.09
2.395922 14.704078 17.1
2.394634 14.715366 17.11
2.393342 14.726658 17.12
2.39206 14.737940 17.13
2.390772 14.749228 17.14
2.389489 14.760511 17.15
2.388207 14.771793 17.16
2.386924 14.783076 17.17
2.385646 14.794354 17.18
2.384367 14.805633 17.19
2.38309 14.816910 17.2
2.381818 14.828182 17.21
2.380545 14.839455 17.22
2.379273 14.850727 17.23
2.378001 14.861999 17.24
2.376734 14.873266 17.25
2.375467 14.884533 17.26
2.374202 14.895798 17.27
2.372937 14.907063 17.28
2.371676 14.918324 17.29
2.370415 14.929585 17.3
2.369156 14.940844 17.31
2.367898 14.952102 17.32
2.36664 14.963360 17.33
2.365386 14.974614 17.34
2.364132 14.985868 17.35
2.362882 14.997118 17.36
2.361631 15.008369 17.37
2.360382 15.019618 17.38
2.359137 15.030863 17.39
2.357891 15.042109 17.4
2.356646 15.053354 17.41
2.355403 15.064597 17.42
2.354161 15.075839 17.43
2.352921 15.087079 17.44
2.351683 15.098317 17.45
2.350447 15.109553 17.46
2.349211 15.120789 17.47
2.347978 15.132022 17.48
2.346746 15.143254 17.49
2.345513 15.154487 17.5
2.344284 15.165716 17.51
2.343057 15.176943 17.52
2.341831 15.188169 17.53
2.340604 15.199396 17.54
2.339383 15.210617 17.55
2.338159 15.221841 17.56
2.33694 15.233060 17.57
2.335721 15.244279 17.58
2.334503 15.255497 17.59
2.333285 15.266715 17.6
2.332069 15.277931 17.61
2.330856 15.289144 17.62
2.329646 15.300354 17.63
2.328435 15.311565 17.64
2.327224 15.322776 17.65
2.326017 15.333983 17.66
2.324811 15.345189 17.67
2.323604 15.356396 17.68
2.322401 15.367599 17.69
2.321199 15.378801 17.7
2.32 15.390000 17.71
2.3188 15.401200 17.72
2.317602 15.412398 17.73
2.316405 15.423595 17.74
2.315211 15.434789 17.75
2.314017 15.445983 17.76
2.312821 15.457179 17.77
2.311631 15.468369 17.78
2.310443 15.479557 17.79
2.309254 15.490746 17.8
2.308067 15.501933 17.81
2.30688 15.513120 17.82
2.305698 15.524302 17.83
2.304514 15.535486 17.84
2.303333 15.546667 17.85
2.302153 15.557847 17.86
2.300974 15.569026 17.87
2.299797 15.580203 17.88
2.298619 15.591381 17.89
2.297448 15.602552 17.9
2.296273 15.613727 17.91
2.2951 15.624900 17.92
2.293928 15.636072 17.93
2.292759 15.647241 17.94
2.291593 15.658407 17.95
2.290427 15.669573 17.96
2.289263 15.680737 17.97
2.288099 15.691901 17.98
2.286935 15.703065 17.99
2.285773 15.714227 18.0
2.284613 15.725387 18.01
2.283454 15.736546 18.02
2.282297 15.747703 18.03
2.281141 15.758859 18.04
2.279987 15.770013 18.05
2.278835 15.781165 18.06
2.277683 15.792317 18.07
2.276531 15.803469 18.08
2.275382 15.814618 18.09
2.274234 15.825766 18.1
2.273087 15.836913 18.11
2.27194 15.848060 18.12
2.270798 15.859202 18.13
2.269655 15.870345 18.14
2.268514 15.881486 18.15
2.267371 15.892629 18.16
2.266234 15.903766 18.17
2.265094 15.914906 18.18
2.263957 15.926043 18.19
2.262822 15.937178 18.2
2.261691 15.948309 18.21
2.260558 15.959442 18.22
2.259427 15.970573 18.23
2.258296 15.981704 18.24
2.257167 15.992833 18.25
2.25604 16.003960 18.26
2.254911 16.015089 18.27
2.253789 16.026211 18.28
2.252664 16.037336 18.29
2.251542 16.048458 18.3
2.25042 16.059580 18.31
2.2493 16.070700 18.32
2.24818 16.081820 18.33
2.247063 16.092937 18.34
2.245947 16.104053 18.35
2.24483 16.115170 18.36
2.243718 16.126282 18.37
2.242606 16.137394 18.38
2.241494 16.148506 18.39
2.240384 16.159616 18.4
2.239273 16.170727 18.41
2.238169 16.181831 18.42
2.237058 16.192942 18.43
2.235954 16.204046 18.44
2.234851 16.215149 18.45
2.23375 16.226250 18.46
2.232648 16.237352 18.47
2.231547 16.248453 18.48
2.230446 16.259554 18.49
2.229349 16.270651 18.5
2.228254 16.281746 18.51
2.227155 16.292845 18.52
2.22606 16.303940 18.53
2.224967 16.315033 18.54
2.223878 16.326122 18.55
2.222786 16.337214 18.56
2.221697 16.348303 18.57
2.220608 16.359392 18.58
2.21952 16.370480 18.59
2.218433 16.381567 18.6
2.217349 16.392651 18.61
2.216266 16.403734 18.62
2.215186 16.414814 18.63
2.214102 16.425898 18.64
2.213021 16.436979 18.65
2.211941 16.448059 18.66
2.210863 16.459137 18.67
2.209791 16.470209 18.68
2.208711 16.481289 18.69
2.207637 16.492363 18.7
2.206565 16.503435 18.71
2.205495 16.514505 18.72
2.204422 16.525578 18.73
2.203354 16.536646 18.74
2.202284 16.547716 18.75
2.201217 16.558783 18.76
2.200149 16.569851 18.77
2.199085 16.580915 18.78
2.19802 16.591980 18.79
2.196959 16.603041 18.8
2.195899 16.614101 18.81
2.194838 16.625162 18.82
2.193777 16.636223 18.83
2.192718 16.647282 18.84
2.191661 16.658339 18.85
2.190606 16.669394 18.86
2.18955 16.680450 18.87
2.188498 16.691502 18.88
2.187445 16.702555 18.89
2.186394 16.713606 18.9
2.185343 16.724657 18.91
2.184294 16.735706 18.92
2.183246 16.746754 18.93
2.182199 16.757801 18.94
2.181153 16.768847 18.95
2.18011 16.779890 18.96
2.179066 16.790934 18.97
2.178023 16.801977 18.98
2.176979 16.813021 18.99
2.17594 16.824060 19.0
2.1749 16.835100 19.01
2.173862 16.846138 19.02
2.172826 16.857174 19.03
2.171788 16.868212 19.04
2.170756 16.879244 19.05
2.16972 16.890280 19.06
2.16869 16.901310 19.07
2.167656 16.912344 19.08
2.166626 16.923374 19.09
2.165596 16.934404 19.1
2.164567 16.945433 19.11
2.163539 16.956461 19.12
2.162516 16.967484 19.13
2.16149 16.978510 19.14
2.160466 16.989534 19.15
2.159443 17.000557 19.16
2.15842 17.011580 19.17
2.1574 17.022600 19.18
2.156381 17.033619 19.19
2.155362 17.044638 19.2
2.154347 17.055653 19.21
2.153329 17.066671 19.22
2.152312 17.077688 19.23
2.151295 17.088705 19.24
2.150286 17.099714 19.25
2.149273 17.110727 19.26
2.14826 17.121740 19.27
2.14725 17.132750 19.28
2.146239 17.143761 19.29
2.145234 17.154766 19.3
2.144227 17.165773 19.31
2.143219 17.176781 19.32
2.142216 17.187784 19.33
2.14121 17.198790 19.34
2.140211 17.209789 19.35
2.139207 17.220793 19.36
2.138206 17.231794 19.37
2.137208 17.242792 19.38
2.136206 17.253794 19.39
2.135209 17.264791 19.4
2.134213 17.275787 19.41
2.133215 17.286785 19.42
2.132225 17.297775 19.43
2.131229 17.308771 19.44
2.130235 17.319765 19.45
2.129247 17.330753 19.46
2.128255 17.341745 19.47
2.127266 17.352734 19.48
2.126276 17.363724 19.49
2.125288 17.374712 19.5
2.124302 17.385698 19.51
2.123317 17.396683 19.52
2.122333 17.407667 19.53
2.121348 17.418652 19.54
2.120368 17.429632 19.55
2.119387 17.440613 19.56
2.118405 17.451595 19.57
2.117426 17.462574 19.58
2.116447 17.473553 19.59
2.115471 17.484529 19.6
2.114492 17.495508 19.61
2.113519 17.506481 19.62
2.112546 17.517454 19.63
2.111571 17.528429 19.64
2.1106 17.539400 19.65
2.109627 17.550373 19.66
2.108654 17.561346 19.67
2.107687 17.572313 19.68
2.106718 17.583282 19.69
2.10575 17.594250 19.7
2.104787 17.605213 19.71
2.10382 17.616180 19.72
2.102854 17.627146 19.73
2.101893 17.638107 19.74
2.100929 17.649071 19.75
2.099968 17.660032 19.76
2.099006 17.670994 19.77
2.098045 17.681955 19.78
2.097087 17.692913 19.79
2.096131 17.703869 19.8
2.095173 17.714827 19.81
2.09422 17.725780 19.82
2.093264 17.736736 19.83
2.092308 17.747692 19.84
2.091356 17.758644 19.85
2.090404 17.769596 19.86
2.089454 17.780546 19.87
2.088504 17.791496 19.88
2.087554 17.802446 19.89
2.086607 17.813393 19.9
2.085659 17.824341 19.91
2.084713 17.835287 19.92
2.083769 17.846231 19.93
2.082822 17.857178 19.94
2.081878 17.868122 19.95
2.080939 17.879061 19.96
2.079995 17.890005 19.97
2.079056 17.900944 19.98
2.078116 17.911884 19.99
2.077177 17.922823 20.0
