# 117.1 deg
6.475145 0.054855 6.53
6.374568 0.165432 6.54
6.296723 0.253277 6.55
6.232769 0.327231 6.56
6.177053 0.392947 6.57
6.126927 0.453073 6.58
6.080934 0.509066 6.59
6.038178 0.561822 6.6
5.998058 0.611942 6.61
5.960154 0.659846 6.62
5.924137 0.705863 6.63
5.889769 0.750231 6.64
5.856849 0.793151 6.65
5.825228 0.834772 6.66
5.794767 0.875233 6.67
5.765362 0.914638 6.68
5.736917 0.953083 6.69
5.709359 0.990641 6.7
5.682612 1.027388 6.71
5.656622 1.063378 6.72
5.631329 1.098671 6.73
5.606695 1.133305 6.74
5.582671 1.167329 6.75
5.559222 1.200778 6.76
5.536316 1.233684 6.77
5.513921 1.266079 6.78
5.492011 1.297989 6.79
5.470558 1.329442 6.8
5.449542 1.360458 6.81
5.428937 1.391063 6.82
5.408727 1.421273 6.83
5.388896 1.451104 6.84
5.369423 1.480577 6.85
5.350294 1.509706 6.86
5.331496 1.538504 6.87
5.313015 1.566985 6.88
5.294837 1.595163 6.89
5.276953 1.623047 6.9
5.259348 1.650652 6.91
5.242018 1.677982 6.92
5.224947 1.705053 6.93
5.208129 1.731871 6.94
5.191553 1.758447 6.95
5.175213 1.784787 6.96
5.159103 1.810897 6.97
5.143212 1.836788 6.98
5.127535 1.862465 6.99
5.112064 1.887936 7.0
5.096796 1.913204 7.01
5.081722 1.938278 7.02
5.066838 1.963162 7.03
5.052138 1.987862 7.04
5.037615 2.012385 7.05
5.023269 2.036731 7.06
5.00909 2.060910 7.07
4.995077 2.084923 7.08
4.981225 2.108775 7.09
4.967529 2.132471 7.1
4.953984 2.156016 7.11
4.940589 2.179411 7.12
4.92734 2.202660 7.13
4.914232 2.225768 7.14
4.901262 2.248738 7.15
4.888428 2.271572 7.16
4.875724 2.294276 7.17
4.863152 2.316848 7.18
4.850704 2.339296 7.19
4.838381 2.361619 7.2
4.826178 2.383822 7.21
4.814095 2.405905 7.22
4.802125 2.427875 7.23
4.790269 2.449731 7.24
4.778524 2.471476 7.25
4.76689 2.493110 7.26
4.755359 2.514641 7.27
4.743932 2.536068 7.28
4.732611 2.557389 7.29
4.721387 2.578613 7.3
4.710265 2.599735 7.31
4.699238 2.620762 7.32
4.688307 2.641693 7.33
4.677467 2.662533 7.34
4.666721 2.683279 7.35
4.656062 2.703938 7.36
4.645493 2.724507 7.37
4.635011 2.744989 7.38
4.624613 2.765387 7.39
4.614298 2.785702 7.4
4.604069 2.805931 7.41
4.593918 2.826082 7.42
4.583849 2.846151 7.43
4.573855 2.866145 7.44
4.563939 2.886061 7.45
4.554097 2.905903 7.46
4.544332 2.925668 7.47
4.534641 2.945359 7.48
4.525022 2.964978 7.49
4.515471 2.984529 7.5
4.50599 3.004010 7.51
4.496582 3.023418 7.52
4.48724 3.042760 7.53
4.477965 3.062035 7.54
4.468757 3.081243 7.55
4.459611 3.100389 7.56
4.450529 3.119471 7.57
4.441514 3.138486 7.58
4.432557 3.157443 7.59
4.423664 3.176336 7.6
4.414829 3.195171 7.61
4.406056 3.213944 7.62
4.39734 3.232660 7.63
4.388682 3.251318 7.64
4.380083 3.269917 7.65
4.371539 3.288461 7.66
4.36305 3.306950 7.67
4.354617 3.325383 7.68
4.346236 3.343764 7.69
4.337911 3.362089 7.7
4.329637 3.380363 7.71
4.321416 3.398584 7.72
4.313247 3.416753 7.73
4.305129 3.434871 7.74
4.297059 3.452941 7.75
4.289039 3.470961 7.76
4.281069 3.488931 7.77
4.273147 3.506853 7.78
4.265272 3.524728 7.79
4.257444 3.542556 7.8
4.249664 3.560336 7.81
4.241928 3.578072 7.82
4.23424 3.595760 7.83
4.226595 3.613405 7.84
4.218995 3.631005 7.85
4.211439 3.648561 7.86
4.203925 3.666075 7.87
4.196456 3.683544 7.88
4.189028 3.700972 7.89
4.181643 3.718357 7.9
4.174297 3.735703 7.91
4.166994 3.753006 7.92
4.159732 3.770268 7.93
4.152508 3.787492 7.94
4.145327 3.804673 7.95
4.138181 3.821819 7.96
4.131076 3.838924 7.97
4.124009 3.855991 7.98
4.116981 3.873019 7.99
4.10999 3.890010 8.0
4.103036 3.906964 8.01
4.096117 3.923883 8.02
4.089238 3.940762 8.03
4.082392 3.957608 8.04
4.075581 3.974419 8.05
4.068807 3.991193 8.06
4.062069 4.007931 8.07
4.055365 4.024635 8.08
4.048694 4.041306 8.09
4.042056 4.057944 8.1
4.035455 4.074545 8.11
4.028884 4.091116 8.12
4.022347 4.107653 8.13
4.015842 4.124158 8.14
4.009371 4.140629 8.15
4.002931 4.157069 8.16
3.996521 4.173479 8.17
3.990143 4.189857 8.18
3.983799 4.206201 8.19
3.977483 4.222517 8.2
3.971198 4.238802 8.21
3.96494 4.255060 8.22
3.958718 4.271282 8.23
3.952522 4.287478 8.24
3.946354 4.303646 8.25
3.940217 4.319783 8.26
3.934109 4.335891 8.27
3.92803 4.351970 8.28
3.921979 4.368021 8.29
3.915955 4.384045 8.3
3.909958 4.400042 8.31
3.90399 4.416010 8.32
3.89805 4.431950 8.33
3.892135 4.447865 8.34
3.886248 4.463752 8.35
3.880389 4.479611 8.36
3.874554 4.495446 8.37
3.868745 4.511255 8.38
3.862963 4.527037 8.39
3.857207 4.542793 8.4
3.851476 4.558524 8.41
3.845771 4.574229 8.42
3.840089 4.589911 8.43
3.834433 4.605567 8.44
3.828802 4.621198 8.45
3.823195 4.636805 8.46
3.817611 4.652389 8.47
3.812054 4.667946 8.48
3.806519 4.683481 8.49
3.801007 4.698993 8.5
3.795519 4.714481 8.51
3.790053 4.729947 8.52
3.784612 4.745388 8.53
3.779193 4.760807 8.54
3.773797 4.776203 8.55
3.768423 4.791577 8.56
3.763072 4.806928 8.57
3.757743 4.822257 8.58
3.752436 4.837564 8.59
3.74715 4.852850 8.6
3.741888 4.868112 8.61
3.736646 4.883354 8.62
3.731424 4.898576 8.63
3.726224 4.913776 8.64
3.721045 4.928955 8.65
3.715886 4.944114 8.66
3.710749 4.959251 8.67
3.705631 4.974369 8.68
3.700537 4.989463 8.69
3.695459 5.004541 8.7
3.690404 5.019596 8.71
3.685366 5.034634 8.72
3.680351 5.049649 8.73
3.675353 5.064647 8.74
3.670375 5.079625 8.75
3.665415 5.094585 8.76
3.660477 5.109523 8.77
3.655558 5.124442 8.78
3.650657 5.139343 8.79
3.645775 5.154225 8.8
3.64091 5.169090 8.81
3.636064 5.183936 8.82
3.631237 5.198763 8.83
3.626428 5.213572 8.84
3.621639 5.228361 8.85
3.616866 5.243134 8.86
3.612112 5.257888 8.87
3.607374 5.272626 8.88
3.602654 5.287346 8.89
3.597953 5.302047 8.9
3.59327 5.316730 8.91
3.588601 5.331399 8.92
3.58395 5.346050 8.93
3.579319 5.360681 8.94
3.574703 5.375297 8.95
3.570102 5.389898 8.96
3.56552 5.404480 8.97
3.560955 5.419045 8.98
3.556403 5.433597 8.99
3.551868 5.448132 9.0
3.547354 5.462646 9.01
3.542851 5.477149 9.02
3.538367 5.491633 9.03
3.533897 5.506103 9.04
3.529445 5.520555 9.05
3.525006 5.534994 9.06
3.520585 5.549415 9.07
3.516178 5.563822 9.08
3.511787 5.578213 9.09
3.507411 5.592589 9.1
3.503052 5.606948 9.11
3.498706 5.621294 9.12
3.494375 5.635625 9.13
3.490058 5.649942 9.14
3.48576 5.664240 9.15
3.481471 5.678529 9.16
3.4772 5.692800 9.17
3.472943 5.707057 9.18
3.468703 5.721297 9.19
3.464474 5.735526 9.2
3.46026 5.749740 9.21
3.456059 5.763941 9.22
3.451875 5.778125 9.23
3.447704 5.792296 9.24
3.443546 5.806454 9.25
3.439402 5.820598 9.26
3.435272 5.834728 9.27
3.431156 5.848844 9.28
3.427054 5.862946 9.29
3.422964 5.877036 9.3
3.418888 5.891112 9.31
3.414826 5.905174 9.32
3.410777 5.919223 9.33
3.40674 5.933260 9.34
3.402717 5.947283 9.35
3.398709 5.961291 9.36
3.394712 5.975288 9.37
3.390727 5.989273 9.38
3.386756 6.003244 9.39
3.382799 6.017201 9.4
3.378851 6.031149 9.41
3.374918 6.045082 9.42
3.370997 6.059003 9.43
3.36709 6.072910 9.44
3.363195 6.086805 9.45
3.359309 6.100691 9.46
3.355437 6.114563 9.47
3.351581 6.128419 9.48
3.347733 6.142267 9.49
3.343899 6.156101 9.5
3.340073 6.169927 9.51
3.336263 6.183737 9.52
3.332464 6.197536 9.53
3.328675 6.211325 9.54
3.324899 6.225101 9.55
3.321135 6.238865 9.56
3.317383 6.252617 9.57
3.313641 6.266359 9.58
3.30991 6.280090 9.59
3.306191 6.293809 9.6
3.302484 6.307516 9.61
3.298789 6.321211 9.62
3.295104 6.334896 9.63
3.291429 6.348571 9.64
3.287767 6.362233 9.65
3.284115 6.375885 9.66
3.280474 6.389526 9.67
3.276844 6.403156 9.68
3.273226 6.416774 9.69
3.269619 6.430381 9.7
3.266021 6.443979 9.71
3.262433 6.457567 9.72
3.258857 6.471143 9.73
3.255291 6.484709 9.74
3.251737 6.498263 9.75
3.248191 6.511809 9.76
3.244656 6.525344 9.77
3.241133 6.538867 9.78
3.23762 6.552380 9.79
3.234114 6.565886 9.8
3.230621 6.579379 9.81
3.227138 6.592862 9.82
3.223666 6.606334 9.83
3.220201 6.619799 9.84
3.216748 6.633252 9.85
3.213304 6.646696 9.86
3.20987 6.660130 9.87
3.206445 6.673555 9.88
3.203032 6.686968 9.89
3.199628 6.700372 9.9
3.196232 6.713768 9.91
3.192846 6.727154 9.92
3.18947 6.740530 9.93
3.186103 6.753897 9.94
3.182747 6.767253 9.95
3.179397 6.780603 9.96
3.176059 6.793941 9.97
3.17273 6.807270 9.98
3.16941 6.820590 9.99
3.166098 6.833902 10.0
3.162794 6.847206 10.01
3.159501 6.860499 10.02
3.156218 6.873782 10.03
3.152942 6.887058 10.04
3.149674 6.900326 10.05
3.146418 6.913582 10.06
3.143168 6.926832 10.07
3.139929 6.940071 10.08
3.136697 6.953303 10.09
3.133473 6.966527 10.1
3.13026 6.979740 10.11
3.127053 6.992947 10.12
3.123855 7.006145 10.13
3.120668 7.019332 10.14
3.117486 7.032514 10.15
3.114315 7.045685 10.16
3.111149 7.058851 10.17
3.107995 7.072005 10.18
3.104848 7.085152 10.19
3.101709 7.098291 10.2
3.098576 7.111424 10.21
3.095453 7.124547 10.22
3.092338 7.137662 10.23
3.089229 7.150771 10.24
3.086131 7.163869 10.25
3.083039 7.176961 10.26
3.079955 7.190045 10.27
3.076879 7.203121 10.28
3.07381 7.216190 10.29
3.070751 7.229249 10.3
3.067697 7.242303 10.31
3.064652 7.255348 10.32
3.061615 7.268385 10.33
3.058584 7.281416 10.34
3.055561 7.294439 10.35
3.052546 7.307454 10.36
3.049539 7.320461 10.37
3.046538 7.333462 10.38
3.043545 7.346455 10.39
3.040563 7.359437 10.4
3.037585 7.372415 10.41
3.034612 7.385388 10.42
3.031649 7.398351 10.43
3.028696 7.411304 10.44
3.025747 7.424253 10.45
3.022804 7.437196 10.46
3.01987 7.450130 10.47
3.016944 7.463056 10.48
3.014023 7.475977 10.49
3.011113 7.488887 10.5
3.008205 7.501795 10.51
3.005306 7.514694 10.52
3.002414 7.527586 10.53
2.99953 7.540470 10.54
2.996651 7.553349 10.55
2.99378 7.566220 10.56
2.990918 7.579082 10.57
2.98806 7.591940 10.58
2.985209 7.604791 10.59
2.982365 7.617635 10.6
2.979528 7.630472 10.61
2.976698 7.643302 10.62
2.973874 7.656126 10.63
2.971057 7.668943 10.64
2.968248 7.681752 10.65
2.965443 7.694557 10.66
2.962646 7.707354 10.67
2.959856 7.720144 10.68
2.957071 7.732929 10.69
2.954295 7.745705 10.7
2.951522 7.758478 10.71
2.948757 7.771243 10.72
2.946 7.784000 10.73
2.943248 7.796752 10.74
2.940502 7.809498 10.75
2.937761 7.822239 10.76
2.93503 7.834970 10.77
2.932303 7.847697 10.78
2.929582 7.860418 10.79
2.926865 7.873135 10.8
2.924158 7.885842 10.81
2.921456 7.898544 10.82
2.918761 7.911239 10.83
2.916071 7.923929 10.84
2.913387 7.936613 10.85
2.91071 7.949290 10.86
2.90804 7.961960 10.87
2.905373 7.974627 10.88
2.902713 7.987287 10.89
2.900061 7.999939 10.9
2.897411 8.012589 10.91
2.894771 8.025229 10.92
2.892135 8.037865 10.93
2.889505 8.050495 10.94
2.88688 8.063120 10.95
2.884261 8.075739 10.96
2.881649 8.088351 10.97
2.879043 8.100957 10.98
2.87644 8.113560 10.99
2.873846 8.126154 11.0
2.871255 8.138745 11.01
2.86867 8.151330 11.02
2.866093 8.163907 11.03
2.863521 8.176479 11.04
2.860952 8.189048 11.05
2.858391 8.201609 11.06
2.855836 8.214164 11.07
2.853285 8.226715 11.08
2.85074 8.239260 11.09
2.848201 8.251799 11.1
2.845667 8.264333 11.11
2.843138 8.276862 11.12
2.840613 8.289387 11.13
2.838097 8.301903 11.14
2.835585 8.314415 11.15
2.833078 8.326922 11.16
2.830576 8.339424 11.17
2.82808 8.351920 11.18
2.825589 8.364411 11.19
2.823102 8.376898 11.2
2.820622 8.389378 11.21
2.818145 8.401855 11.22
2.815677 8.414323 11.23
2.81321 8.426790 11.24
2.810752 8.439248 11.25
2.808297 8.451703 11.26
2.805846 8.464154 11.27
2.803403 8.476597 11.28
2.800964 8.489036 11.29
2.798529 8.501471 11.3
2.7961 8.513900 11.31
2.793677 8.526323 11.32
2.791258 8.538742 11.33
2.788842 8.551158 11.34
2.786432 8.563568 11.35
2.784029 8.575971 11.36
2.781631 8.588369 11.37
2.779235 8.600765 11.38
2.776847 8.613153 11.39
2.774461 8.625539 11.4
2.772082 8.637918 11.41
2.769707 8.650293 11.42
2.767337 8.662663 11.43
2.764972 8.675028 11.44
2.762611 8.687389 11.45
2.760258 8.699742 11.46
2.757905 8.712095 11.47
2.755559 8.724441 11.48
2.753217 8.736783 11.49
2.750881 8.749119 11.5
2.748549 8.761451 11.51
2.74622 8.773780 11.52
2.7439 8.786100 11.53
2.741582 8.798418 11.54
2.739267 8.810733 11.55
2.736958 8.823042 11.56
2.734654 8.835346 11.57
2.732355 8.847645 11.58
2.730059 8.859941 11.59
2.727768 8.872232 11.6
2.725482 8.884518 11.61
2.7232 8.896800 11.62
2.720923 8.909077 11.63
2.71865 8.921350 11.64
2.716382 8.933618 11.65
2.714117 8.945883 11.66
2.71186 8.958140 11.67
2.709602 8.970398 11.68
2.707354 8.982646 11.69
2.705108 8.994892 11.7
2.702865 9.007135 11.71
2.700628 9.019372 11.72
2.698395 9.031605 11.73
2.696164 9.043836 11.74
2.693941 9.056059 11.75
2.69172 9.068280 11.76
2.689502 9.080498 11.77
2.687291 9.092709 11.78
2.685084 9.104916 11.79
2.68288 9.117120 11.8
2.68068 9.129320 11.81
2.678486 9.141514 11.82
2.676296 9.153704 11.83
2.674107 9.165893 11.84
2.671925 9.178075 11.85
2.669748 9.190252 11.86
2.667573 9.202427 11.87
2.665401 9.214599 11.88
2.663235 9.226765 11.89
2.661074 9.238926 11.9
2.658917 9.251083 11.91
2.656762 9.263238 11.92
2.654612 9.275388 11.93
2.652465 9.287535 11.94
2.650323 9.299677 11.95
2.648184 9.311816 11.96
2.64605 9.323950 11.97
2.643922 9.336078 11.98
2.641795 9.348205 11.99
2.639672 9.360328 12.0
2.637552 9.372448 12.01
2.635438 9.384562 12.02
2.63333 9.396670 12.03
2.631222 9.408778 12.04
2.629118 9.420882 12.05
2.627019 9.432981 12.06
2.624924 9.445076 12.07
2.622831 9.457169 12.08
2.620744 9.469256 12.09
2.61866 9.481340 12.1
2.616581 9.493419 12.11
2.614504 9.505496 12.12
2.612433 9.517567 12.13
2.610362 9.529638 12.14
2.608298 9.541702 12.15
2.606237 9.553763 12.16
2.604179 9.565821 12.17
2.602125 9.577875 12.18
2.600075 9.589925 12.19
2.598027 9.601973 12.2
2.595985 9.614015 12.21
2.593945 9.626055 12.22
2.59191 9.638090 12.23
2.589877 9.650123 12.24
2.587849 9.662151 12.25
2.585825 9.674175 12.26
2.583804 9.686196 12.27
2.581784 9.698216 12.28
2.579768 9.710232 12.29
2.57776 9.722240 12.3
2.575752 9.734248 12.31
2.573748 9.746252 12.32
2.571749 9.758251 12.33
2.569752 9.770248 12.34
2.567758 9.782242 12.35
2.565769 9.794231 12.36
2.563781 9.806219 12.37
2.561798 9.818202 12.38
2.559819 9.830181 12.39
2.557844 9.842156 12.4
2.555872 9.854128 12.41
2.553902 9.866098 12.42
2.551936 9.878064 12.43
2.549974 9.890026 12.44
2.548015 9.901985 12.45
2.546059 9.913941 12.46
2.544106 9.925894 12.47
2.54216 9.937840 12.48
2.540214 9.949786 12.49
2.538272 9.961728 12.5
2.536333 9.973667 12.51
2.534398 9.985602 12.52
2.532467 9.997533 12.53
2.530539 10.009461 12.54
2.528614 10.021386 12.55
2.526692 10.033308 12.56
2.524776 10.045224 12.57
2.522863 10.057137 12.58
2.520949 10.069051 12.59
2.51904 10.080960 12.6
2.517137 10.092863 12.61
2.515237 10.104763 12.62
2.513337 10.116663 12.63
2.511444 10.128556 12.64
2.509552 10.140448 12.65
2.507664 10.152336 12.66
2.50578 10.164220 12.67
2.5039 10.176100 12.68
2.502022 10.187978 12.69
2.500148 10.199852 12.7
2.498277 10.211723 12.71
2.496408 10.223592 12.72
2.494545 10.235455 12.73
2.492685 10.247315 12.74
2.490828 10.259172 12.75
2.488973 10.271027 12.76
2.487122 10.282878 12.77
2.485276 10.294724 12.78
2.483431 10.306569 12.79
2.481588 10.318412 12.8
2.479752 10.330248 12.81
2.477918 10.342082 12.82
2.476088 10.353912 12.83
2.47426 10.365740 12.84
2.472435 10.377565 12.85
2.470613 10.389387 12.86
2.468796 10.401204 12.87
2.466982 10.413018 12.88
2.465169 10.424831 12.89
2.46336 10.436640 12.9
2.461556 10.448444 12.91
2.459753 10.460247 12.92
2.457952 10.472048 12.93
2.456158 10.483842 12.94
2.454366 10.495634 12.95
2.452575 10.507425 12.96
2.450787 10.519213 12.97
2.449005 10.530995 12.98
2.447225 10.542775 12.99
2.445447 10.554553 13.0
2.443671 10.566329 13.01
2.441901 10.578099 13.02
2.440133 10.589867 13.03
2.438367 10.601633 13.04
2.436604 10.613396 13.05
2.434846 10.625154 13.06
2.43309 10.636910 13.07
2.431336 10.648664 13.08
2.429586 10.660414 13.09
2.427838 10.672162 13.1
2.426095 10.683905 13.11
2.424353 10.695647 13.12
2.422614 10.707386 13.13
2.420879 10.719121 13.14
2.419149 10.730851 13.15
2.417417 10.742583 13.16
2.41569 10.754310 13.17
2.413966 10.766034 13.18
2.412247 10.777753 13.19
2.410528 10.789472 13.2
2.408813 10.801187 13.21
2.407103 10.812897 13.22
2.405393 10.824607 13.23
2.403688 10.836312 13.24
2.401982 10.848018 13.25
2.400282 10.859718 13.26
2.398584 10.871416 13.27
2.39689 10.883110 13.28
2.395198 10.894802 13.29
2.393507 10.906493 13.3
2.391821 10.918179 13.31
2.390139 10.929861 13.32
2.388459 10.941541 13.33
2.386779 10.953221 13.34
2.385103 10.964897 13.35
2.38343 10.976570 13.36
2.381762 10.988238 13.37
2.380095 10.999905 13.38
2.37843 11.011570 13.39
2.37677 11.023230 13.4
2.37511 11.034890 13.41
2.373455 11.046545 13.42
2.371799 11.058201 13.43
2.370151 11.069849 13.44
2.368502 11.081498 13.45
2.366856 11.093144 13.46
2.365214 11.104786 13.47
2.363574 11.116426 13.48
2.361938 11.128062 13.49
2.360302 11.139698 13.5
2.35867 11.151330 13.51
2.357041 11.162959 13.52
2.355415 11.174585 13.53
2.35379 11.186210 13.54
2.352169 11.197831 13.55
2.350549 11.209451 13.56
2.348935 11.221065 13.57
2.347322 11.232678 13.58
2.345711 11.244289 13.59
2.344102 11.255898 13.6
2.342496 11.267504 13.61
2.340892 11.279108 13.62
2.339292 11.290708 13.63
2.337695 11.302305 13.64
2.3361 11.313900 13.65
2.334507 11.325493 13.66
2.332915 11.337085 13.67
2.331328 11.348672 13.68
2.329743 11.360257 13.69
2.328159 11.371841 13.7
2.32658 11.383420 13.71
2.325 11.395000 13.72
2.323427 11.406573 13.73
2.321854 11.418146 13.74
2.320284 11.429716 13.75
2.318716 11.441284 13.76
2.317151 11.452849 13.77
2.315589 11.464411 13.78
2.314028 11.475972 13.79
2.31247 11.487530 13.8
2.310915 11.499085 13.81
2.309362 11.510638 13.82
2.307811 11.522189 13.83
2.306263 11.533737 13.84
2.304718 11.545282 13.85
2.303174 11.556826 13.86
2.301634 11.568366 13.87
2.300094 11.579906 13.88
2.298557 11.591443 13.89
2.297025 11.602975 13.9
2.295491 11.614509 13.91
2.293965 11.626035 13.92
2.292437 11.637563 13.93
2.290914 11.649086 13.94
2.289394 11.660606 13.95
2.287871 11.672129 13.96
2.286355 11.683645 13.97
2.284839 11.695161 13.98
2.283328 11.706672 13.99
2.281817 11.718183 14.0
2.28031 11.729690 14.01
2.278805 11.741195 14.02
2.2773 11.752700 14.03
2.275801 11.764199 14.04
2.274299 11.775701 14.05
2.272805 11.787195 14.06
2.271311 11.798689 14.07
2.269822 11.810178 14.08
2.268329 11.821671 14.09
2.266843 11.833157 14.1
2.265356 11.844644 14.11
2.263877 11.856123 14.12
2.262397 11.867603 14.13
2.260919 11.879081 14.14
2.259443 11.890557 14.15
2.25797 11.902030 14.16
2.256496 11.913504 14.17
2.255027 11.924973 14.18
2.253562 11.936438 14.19
2.252096 11.947904 14.2
2.250633 11.959367 14.21
2.249174 11.970826 14.22
2.247715 11.982285 14.23
2.246259 11.993741 14.24
2.244805 12.005195 14.25
2.243354 12.016646 14.26
2.241903 12.028097 14.27
2.240457 12.039543 14.28
2.239013 12.050987 14.29
2.237569 12.062431 14.3
2.236127 12.073873 14.31
2.23469 12.085310 14.32
2.233253 12.096747 14.33
2.231819 12.108181 14.34
2.230386 12.119614 14.35
2.228957 12.131043 14.36
2.227529 12.142471 14.37
2.226103 12.153897 14.38
2.224679 12.165321 14.39
2.223258 12.176742 14.4
2.221836 12.188164 14.41
2.220419 12.199581 14.42
2.219004 12.210996 14.43
2.217593 12.222407 14.44
2.216179 12.233821 14.45
2.214771 12.245229 14.46
2.213362 12.256638 14.47
2.211958 12.268042 14.48
2.210556 12.279444 14.49
2.209155 12.290845 14.5
2.207756 12.302244 14.51
2.206357 12.313643 14.52
2.204965 12.325035 14.53
2.20357 12.336430 14.54
2.20218 12.347820 14.55
2.200791 12.359209 14.56
2.199405 12.370595 14.57
2.198021 12.381979 14.58
2.196636 12.393364 14.59
2.195255 12.404745 14.6
2.193878 12.416122 14.61
2.192501 12.427499 14.62
2.191126 12.438874 14.63
2.189755 12.450245 14.64
2.188383 12.461617 14.65
2.187012 12.472988 14.66
2.185648 12.484352 14.67
2.184283 12.495717 14.68
2.18292 12.507080 14.69
2.181559 12.518441 14.7
2.1802 12.529800 14.71
2.178841 12.541159 14.72
2.177487 12.552513 14.73
2.176134 12.563866 14.74
2.174782 12.575218 14.75
2.173434 12.586566 14.76
2.172085 12.597915 14.77
2.17074 12.609260 14.78
2.169396 12.620604 14.79
2.168054 12.631946 14.8
2.166715 12.643285 14.81
2.165377 12.654623 14.82
2.164041 12.665959 14.83
2.162707 12.677293 14.84
2.161375 12.688625 14.85
2.160044 12.699956 14.86
2.158716 12.711284 14.87
2.15739 12.722610 14.88
2.156066 12.733934 14.89
2.154741 12.745259 14.9
2.153422 12.756578 14.91
2.152101 12.767899 14.92
2.150783 12.779217 14.93
2.149468 12.790532 14.94
2.148155 12.801845 14.95
2.146844 12.813156 14.96
2.145532 12.824468 14.97
2.144226 12.835774 14.98
2.14292 12.847080 14.99
2.141614 12.858386 15.0
2.140312 12.869688 15.01
2.139011 12.880989 15.02
2.137713 12.892287 15.03
2.136416 12.903584 15.04
2.135119 12.914881 15.05
2.133826 12.926174 15.06
2.132534 12.937466 15.07
2.131243 12.948757 15.08
2.129956 12.960044 15.09
2.128667 12.971333 15.1
2.127385 12.982615 15.11
2.126102 12.993898 15.12
2.124821 13.005179 15.13
2.12354 13.016460 15.14
2.122262 13.027738 15.15
2.120989 13.039011 15.16
2.119714 13.050286 15.17
2.118438 13.061562 15.18
2.117171 13.072829 15.19
2.115902 13.084098 15.2
2.114634 13.095366 15.21
2.113366 13.106634 15.22
2.112105 13.117895 15.23
2.110842 13.129158 15.24
2.10958 13.140420 15.25
2.108322 13.151678 15.26
2.107066 13.162934 15.27
2.105809 13.174191 15.28
2.104557 13.185443 15.29
2.103307 13.196693 15.3
2.102054 13.207946 15.31
2.100807 13.219193 15.32
2.09956 13.230440 15.33
2.098314 13.241686 15.34
2.097072 13.252928 15.35
2.095831 13.264169 15.36
2.09459 13.275410 15.37
2.093351 13.286649 15.38
2.092114 13.297886 15.39
2.090881 13.309119 15.4
2.089645 13.320355 15.41
2.088414 13.331586 15.42
2.087185 13.342815 15.43
2.085956 13.354044 15.44
2.084731 13.365269 15.45
2.083505 13.376495 15.46
2.082282 13.387718 15.47
2.081061 13.398939 15.48
2.079839 13.410161 15.49
2.078621 13.421379 15.5
2.077405 13.432595 15.51
2.076189 13.443811 15.52
2.074974 13.455026 15.53
2.073764 13.466236 15.54
2.072552 13.477448 15.55
2.071344 13.488656 15.56
2.070135 13.499865 15.57
2.068929 13.511071 15.58
2.067726 13.522274 15.59
2.066522 13.533478 15.6
2.065322 13.544678 15.61
2.064123 13.555877 15.62
2.062926 13.567074 15.63
2.061727 13.578273 15.64
2.060534 13.589466 15.65
2.059342 13.600658 15.66
2.058151 13.611849 15.67
2.056961 13.623039 15.68
2.055772 13.634228 15.69
2.054585 13.645415 15.7
2.053398 13.656602 15.71
2.052214 13.667786 15.72
2.051034 13.678966 15.73
2.049855 13.690145 15.74
2.048674 13.701326 15.75
2.047497 13.712503 15.76
2.04632 13.723680 15.77
2.045147 13.734853 15.78
2.043972 13.746028 15.79
2.042801 13.757199 15.8
2.04163 13.768370 15.81
2.040465 13.779535 15.82
2.039297 13.790703 15.83
2.038131 13.801869 15.84
2.036967 13.813033 15.85
2.035805 13.824195 15.86
2.034644 13.835356 15.87
2.033486 13.846514 15.88
2.032326 13.857674 15.89
2.031173 13.868827 15.9
2.030016 13.879984 15.91
2.028863 13.891137 15.92
2.027711 13.902289 15.93
2.026561 13.913439 15.94
2.025413 13.924587 15.95
2.024263 13.935737 15.96
2.023117 13.946883 15.97
2.021974 13.958026 15.98
2.020831 13.969169 15.99
2.019689 13.980311 16.0
2.018549 13.991451 16.01
2.017408 14.002592 16.02
2.016274 14.013726 16.03
2.015138 14.024862 16.04
2.014005 14.035995 16.05
2.012872 14.047128 16.06
2.011741 14.058259 16.07
2.010609 14.069391 16.08
2.009481 14.080519 16.09
2.008355 14.091645 16.1
2.007226 14.102774 16.11
2.006103 14.113897 16.12
2.004981 14.125019 16.13
2.003862 14.136138 16.14
2.00274 14.147260 16.15
2.001621 14.158379 16.16
2.000503 14.169497 16.17
1.999388 14.180612 16.18
1.998273 14.191727 16.19
1.997161 14.202839 16.2
1.996051 14.213949 16.21
1.99494 14.225060 16.22
1.993833 14.236167 16.23
1.992725 14.247275 16.24
1.991618 14.258382 16.25
1.990512 14.269488 16.26
1.98941 14.280590 16.27
1.988306 14.291694 16.28
1.987207 14.302793 16.29
1.98611 14.313890 16.3
1.985012 14.324988 16.31
1.983916 14.336084 16.32
1.982822 14.347178 16.33
1.981728 14.358272 16.34
1.980633 14.369367 16.35
1.979543 14.380457 16.36
1.978456 14.391544 16.37
1.977365 14.402635 16.38
1.976282 14.413718 16.39
1.975193 14.424807 16.4
1.974112 14.435888 16.41
1.973027 14.446973 16.42
1.971947 14.458053 16.43
1.970869 14.469131 16.44
1.969788 14.480212 16.45
1.968712 14.491288 16.46
1.967638 14.502362 16.47
1.966562 14.513438 16.48
1.965486 14.524514 16.49
1.964416 14.535584 16.5
1.963345 14.546655 16.51
1.962275 14.557725 16.52
1.961205 14.568795 16.53
1.960139 14.579861 16.54
1.959075 14.590925 16.55
1.958013 14.601987 16.56
1.956947 14.613053 16.57
1.955886 14.624114 16.58
1.954825 14.635175 16.59
1.953768 14.646232 16.6
1.95271 14.657290 16.61
1.951654 14.668346 16.62
1.9506 14.679400 16.63
1.949546 14.690454 16.64
1.948492 14.701508 16.65
1.947439 14.712561 16.66
1.946391 14.723609 16.67
1.945342 14.734658 16.68
1.944296 14.745704 16.69
1.943248 14.756752 16.7
1.942204 14.767796 16.71
1.941161 14.778839 16.72
1.940119 14.789881 16.73
1.939078 14.800922 16.74
1.938039 14.811961 16.75
1.936998 14.823002 16.76
1.935961 14.834039 16.77
1.934926 14.845074 16.78
1.93389 14.856110 16.79
1.932857 14.867143 16.8
1.931827 14.878173 16.81
1.930796 14.889204 16.82
1.929765 14.900235 16.83
1.928734 14.911266 16.84
1.927708 14.922292 16.85
1.926684 14.933316 16.86
1.925658 14.944342 16.87
1.924635 14.955365 16.88
1.923613 14.966387 16.89
1.92259 14.977410 16.9
1.921574 14.988426 16.91
1.920552 14.999448 16.92
1.919534 15.010466 16.93
1.918521 15.021479 16.94
1.917505 15.032495 16.95
1.916491 15.043509 16.96
1.915478 15.054522 16.97
1.914469 15.065531 16.98
1.913456 15.076544 16.99
1.912445 15.087555 17.0
1.911439 15.098561 17.01
1.910432 15.109568 17.02
1.909429 15.120571 17.03
1.908421 15.131579 17.04
1.907422 15.142578 17.05
1.906419 15.153581 17.06
1.905417 15.164583 17.07
1.904418 15.175582 17.08
1.903419 15.186581 17.09
1.902422 15.197578 17.1
1.901427 15.208573 17.11
1.90043 15.219570 17.12
1.899441 15.230559 17.13
1.898448 15.241552 17.14
1.897453 15.252547 17.15
1.896464 15.263536 17.16
1.895475 15.274525 17.17
1.894487 15.285513 17.18
1.893501 15.296499 17.19
1.892513 15.307487 17.2
1.891531 15.318469 17.21
1.890547 15.329453 17.22
1.889566 15.340434 17.23
1.888584 15.351416 17.24
1.887606 15.362394 17.25
1.886626 15.373374 17.26
1.885648 15.384352 17.27
1.884671 15.395329 17.28
1.883697 15.406303 17.29
1.882723 15.417277 17.3
1.881749 15.428251 17.31
1.880778 15.439222 17.32
1.879806 15.450194 17.33
1.878837 15.461163 17.34
1.877868 15.472132 17.35
1.8769 15.483100 17.36
1.875932 15.494068 17.37
1.874969 15.505031 17.38
1.874006 15.515994 17.39
1.873042 15.526958 17.4
1.87208 15.537920 17.41
1.87112 15.548880 17.42
1.87016 15.559840 17.43
1.869199 15.570801 17.44
1.868242 15.581758 17.45
1.867287 15.592713 17.46
1.866331 15.603669 17.47
1.865379 15.614621 17.48
1.864425 15.625575 17.49
1.863473 15.636527 17.5
1.862522 15.647478 17.51
1.861572 15.658428 17.52
1.860622 15.669378 17.53
1.859674 15.680326 17.54
1.85873 15.691270 17.55
1.857784 15.702216 17.56
1.856839 15.713161 17.57
1.855897 15.724103 17.58
1.854956 15.735044 17.59
1.854013 15.745987 17.6
1.853071 15.756929 17.61
1.852131 15.767869 17.62
1.851196 15.778804 17.63
1.850258 15.789742 17.64
1.84932 15.800680 17.65
1.848387 15.811613 17.66
1.847454 15.822546 17.67
1.846519 15.833481 17.68
1.845588 15.844412 17.69
1.844657 15.855343 17.7
1.84373 15.866270 17.71
1.8428 15.877200 17.72
1.841874 15.888126 17.73
1.840944 15.899056 17.74
1.840019 15.909981 17.75
1.839096 15.920904 17.76
1.838171 15.931829 17.77
1.837248 15.942752 17.78
1.836328 15.953672 17.79
1.835408 15.964592 17.8
1.834489 15.975511 17.81
1.833568 15.986432 17.82
1.832651 15.997349 17.83
1.831734 16.008266 17.84
1.830822 16.019178 17.85
1.829906 16.030094 17.86
1.828994 16.041006 17.87
1.82808 16.051920 17.88
1.827168 16.062832 17.89
1.82626 16.073740 17.9
1.82535 16.084650 17.91
1.82444 16.095560 17.92
1.823534 16.106466 17.93
1.822626 16.117374 17.94
1.821723 16.128277 17.95
1.820819 16.139181 17.96
1.819916 16.150084 17.97
1.819012 16.160988 17.98
1.818112 16.171888 17.99
1.817211 16.182789 18.0
1.816311 16.193689 18.01
1.815414 16.204586 18.02
1.814517 16.215483 18.03
1.813621 16.226379 18.04
1.812724 16.237276 18.05
1.811831 16.248169 18.06
1.810936 16.259064 18.07
1.810045 16.269955 18.08
1.809152 16.280848 18.09
1.808261 16.291739 18.1
1.807372 16.302628 18.11
1.806483 16.313517 18.12
1.805596 16.324404 18.13
1.804711 16.335289 18.14
1.803824 16.346176 18.15
1.802939 16.357061 18.16
1.802057 16.367943 18.17
1.80117 16.378830 18.18
1.800291 16.389709 18.19
1.799407 16.400593 18.2
1.798531 16.411469 18.21
1.797652 16.422348 18.22
1.796772 16.433228 18.23
1.795895 16.444105 18.24
1.795021 16.454979 18.25
1.794145 16.465855 18.26
1.79327 16.476730 18.27
1.792394 16.487606 18.28
1.791524 16.498476 18.29
1.790654 16.509346 18.3
1.789782 16.520218 18.31
1.788914 16.531086 18.32
1.788044 16.541956 18.33
1.787176 16.552824 18.34
1.78631 16.563690 18.35
1.785442 16.574558 18.36
1.784579 16.585421 18.37
1.783715 16.596285 18.38
1.782851 16.607149 18.39
1.78199 16.618010 18.4
1.781126 16.628874 18.41
1.78027 16.639730 18.42
1.779407 16.650593 18.43
1.778551 16.661449 18.44
1.777692 16.672308 18.45
1.776835 16.683165 18.46
1.775981 16.694019 18.47
1.775124 16.704876 18.48
1.774269 16.715731 18.49
1.773417 16.726583 18.5
1.772566 16.737434 18.51
1.771713 16.748287 18.52
1.770862 16.759138 18.53
1.770011 16.769989 18.54
1.769166 16.780834 18.55
1.768317 16.791683 18.56
1.76747 16.802530 18.57
1.766625 16.813375 18.58
1.765781 16.824219 18.59
1.764936 16.835064 18.6
1.764089 16.845911 18.61
1.76325 16.856750 18.62
1.76241 16.867590 18.63
1.761567 16.878433 18.64
1.760727 16.889273 18.65
1.75989 16.900110 18.66
1.759048 16.910952 18.67
1.758215 16.921785 18.68
1.757377 16.932623 18.69
1.75654 16.943460 18.7
1.755706 16.954294 18.71
1.754874 16.965126 18.72
1.754042 16.975958 18.73
1.75321 16.986790 18.74
1.752377 16.997623 18.75
1.751549 17.008451 18.76
1.750719 17.019281 18.77
1.749889 17.030111 18.78
1.749061 17.040939 18.79
1.748235 17.051765 18.8
1.74741 17.062590 18.81
1.746584 17.073416 18.82
1.745762 17.084238 18.83
1.744936 17.095064 18.84
1.744112 17.105888 18.85
1.743293 17.116707 18.86
1.742471 17.127529 18.87
1.741654 17.138346 18.88
1.740832 17.149168 18.89
1.740015 17.159985 18.9
1.739197 17.170803 18.91
1.73838 17.181620 18.92
1.737566 17.192434 18.93
1.736747 17.203253 18.94
1.735936 17.214064 18.95
1.735124 17.224876 18.96
1.734311 17.235689 18.97
1.7335 17.246500 18.98
1.732689 17.257311 18.99
1.731878 17.268122 19.0
1.731067 17.278933 19.01
1.73026 17.289740 19.02
1.729451 17.300549 19.03
1.728646 17.311354 19.04
1.727841 17.322159 19.05
1.727036 17.332964 19.06
1.726233 17.343767 19.07
1.72543 17.354570 19.08
1.724626 17.365374 19.09
1.723825 17.376175 19.1
1.723024 17.386976 19.11
1.722221 17.397779 19.12
1.721425 17.408575 19.13
1.720627 17.419373 19.14
1.71983 17.430170 19.15
1.719032 17.440968 19.16
1.718235 17.451765 19.17
1.717441 17.462559 19.18
1.716646 17.473354 19.19
1.715854 17.484146 19.2
1.715062 17.494938 19.21
1.714268 17.505732 19.22
1.713477 17.516523 19.23
1.712685 17.527315 19.24
1.711899 17.538101 19.25
1.711109 17.548891 19.26
1.710319 17.559681 19.27
1.709533 17.570467 19.28
1.708745 17.581255 19.29
1.707961 17.592039 19.3
1.707177 17.602823 19.31
1.706391 17.613609 19.32
1.705608 17.624392 19.33
1.704826 17.635174 19.34
1.704046 17.645954 19.35
1.703266 17.656734 19.36
1.702485 17.667515 19.37
1.701707 17.678293 19.38
1.700928 17.689072 19.39
1.70015 17.699850 19.4
1.699373 17.710627 19.41
1.698595 17.721405 19.42
1.697822 17.732178 19.43
1.697048 17.742952 19.44
1.696271 17.753729 19.45
1.6955 17.764500 19.46
1.694728 17.775272 19.47
1.693957 17.786043 19.48
1.693184 17.796816 19.49
1.692413 17.807587 19.5
1.691644 17.818356 19.51
1.690876 17.829124 19.52
1.69011 17.839890 19.53
1.689342 17.850658 19.54
1.688578 17.861422 19.55
1.687811 17.872189 19.56
1.687046 17.882954 19.57
1.686285 17.893715 19.58
1.68552 17.904480 19.59
1.684759 17.915241 19.6
1.683994 17.926006 19.61
1.683234 17.936766 19.62
1.682475 17.947525 19.63
1.681716 17.958284 19.64
1.680958 17.969042 19.65
1.680199 17.979801 19.66
1.679439 17.990561 19.67
1.678686 18.001314 19.68
1.67793 18.012070 19.69
1.677175 18.022825 19.7
1.676423 18.033577 19.71
1.675669 18.044331 19.72
1.674916 18.055084 19.73
1.674166 18.065834 19.74
1.673412 18.076588 19.75
1.672663 18.087337 19.76
1.671911 18.098089 19.77
1.671161 18.108839 19.78
1.670415 18.119585 19.79
1.669671 18.130329 19.8
1.668923 18.141077 19.81
1.668177 18.151823 19.82
1.667431 18.162569 19.83
1.666685 18.173315 19.84
1.665943 18.184057 19.85
1.665199 18.194801 19.86
1.664456 18.205544 19.87
1.663714 18.216286 19.88
1.662974 18.227026 19.89
1.662236 18.237764 19.9
1.661495 18.248505 19.91
1.660757 18.259243 19.92
1.660019 18.269981 19.93
1.659282 18.280718 19.94
1.658544 18.291456 19.95
1.657809 18.302191 19.96
1.657071 18.312929 19.97
1.656338 18.323662 19.98
1.655606 18.334394 19.99
1.654871 18.345129 20.0
