# 128.4 deg
7.023891 0.006109 7.03
6.926261 0.113739 7.04
6.832782 0.217218 7.05
6.759646 0.300354 7.06
6.697569 0.372431 7.07
6.642506 0.437494 7.08
6.592423 0.497577 7.09
6.54614 0.553860 7.1
6.502893 0.607107 7.11
6.462163 0.657837 7.12
6.423562 0.706438 7.13
6.386799 0.753201 7.14
6.351642 0.798358 7.15
6.317919 0.842081 7.16
6.285468 0.884532 7.17
6.254176 0.925824 7.18
6.223931 0.966069 7.19
6.194647 1.005353 7.2
6.166246 1.043754 7.21
6.138663 1.081337 7.22
6.111833 1.118167 7.23
6.085709 1.154291 7.24
6.060247 1.189753 7.25
6.035402 1.224598 7.26
6.011137 1.258863 7.27
5.987419 1.292581 7.28
5.964223 1.325777 7.29
5.941511 1.358489 7.3
5.919268 1.390732 7.31
5.897467 1.422533 7.32
5.876086 1.453914 7.33
5.855105 1.484895 7.34
5.834509 1.515491 7.35
5.814277 1.545723 7.36
5.794397 1.575603 7.37
5.774854 1.605146 7.38
5.755633 1.634367 7.39
5.73672 1.663280 7.4
5.718111 1.691889 7.41
5.699786 1.720214 7.42
5.681741 1.748259 7.43
5.663959 1.776041 7.44
5.646436 1.803564 7.45
5.62916 1.830840 7.46
5.61213 1.857870 7.47
5.595332 1.884668 7.48
5.57876 1.911240 7.49
5.562403 1.937597 7.5
5.54626 1.963740 7.51
5.530327 1.989673 7.52
5.514592 2.015408 7.53
5.49905 2.040950 7.54
5.4837 2.066300 7.55
5.468528 2.091472 7.56
5.453537 2.116463 7.57
5.438723 2.141277 7.58
5.424074 2.165926 7.59
5.409594 2.190406 7.6
5.395271 2.214729 7.61
5.381108 2.238892 7.62
5.367096 2.262904 7.63
5.353233 2.286767 7.64
5.339518 2.310482 7.65
5.325945 2.334055 7.66
5.312509 2.357491 7.67
5.299209 2.380791 7.68
5.286042 2.403958 7.69
5.273006 2.426994 7.7
5.260097 2.449903 7.71
5.247312 2.472688 7.72
5.234649 2.495351 7.73
5.222106 2.517894 7.74
5.209677 2.540323 7.75
5.197365 2.562635 7.76
5.185163 2.584837 7.77
5.173074 2.606926 7.78
5.161089 2.628911 7.79
5.149211 2.650789 7.8
5.137438 2.672562 7.81
5.125764 2.694236 7.82
5.114193 2.715807 7.83
5.102717 2.737283 7.84
5.091339 2.758661 7.85
5.080056 2.779944 7.86
5.068863 2.801137 7.87
5.057764 2.822236 7.88
5.046752 2.843248 7.89
5.035831 2.864169 7.9
5.024994 2.885006 7.91
5.014243 2.905757 7.92
5.003576 2.926424 7.93
4.992989 2.947011 7.94
4.982486 2.967514 7.95
4.972059 2.987941 7.96
4.961713 3.008287 7.97
4.951443 3.028557 7.98
4.94125 3.048750 7.99
4.931132 3.068868 8.0
4.921086 3.088914 8.01
4.911111 3.108889 8.02
4.901212 3.128788 8.03
4.891379 3.148621 8.04
4.881614 3.168386 8.05
4.87192 3.188080 8.06
4.862295 3.207705 8.07
4.852733 3.227267 8.08
4.843237 3.246763 8.09
4.833805 3.266195 8.1
4.824439 3.285561 8.11
4.815132 3.304868 8.12
4.805888 3.324112 8.13
4.796705 3.343295 8.14
4.787584 3.362416 8.15
4.77852 3.381480 8.16
4.769513 3.400487 8.17
4.760564 3.419436 8.18
4.751678 3.438322 8.19
4.742841 3.457159 8.2
4.734062 3.475938 8.21
4.725335 3.494665 8.22
4.716668 3.513332 8.23
4.70805 3.531950 8.24
4.699484 3.550516 8.25
4.690971 3.569029 8.26
4.68251 3.587490 8.27
4.6741 3.605900 8.28
4.66574 3.624260 8.29
4.657428 3.642572 8.3
4.649165 3.660835 8.31
4.640952 3.679048 8.32
4.632787 3.697213 8.33
4.624666 3.715334 8.34
4.616595 3.733405 8.35
4.608569 3.751431 8.36
4.600588 3.769412 8.37
4.592652 3.787348 8.38
4.584761 3.805239 8.39
4.576913 3.823087 8.4
4.56911 3.840890 8.41
4.56135 3.858650 8.42
4.553631 3.876369 8.43
4.545956 3.894044 8.44
4.538321 3.911679 8.45
4.530728 3.929272 8.46
4.523175 3.946825 8.47
4.515664 3.964336 8.48
4.508192 3.981808 8.49
4.500758 3.999242 8.5
4.493364 4.016636 8.51
4.486008 4.033992 8.52
4.478692 4.051308 8.53
4.471413 4.068587 8.54
4.464171 4.085829 8.55
4.456966 4.103034 8.56
4.449798 4.120202 8.57
4.442667 4.137333 8.58
4.435571 4.154429 8.59
4.42851 4.171490 8.6
4.421487 4.188513 8.61
4.414498 4.205502 8.62
4.407541 4.222459 8.63
4.400619 4.239381 8.64
4.393733 4.256267 8.65
4.386878 4.273122 8.66
4.380058 4.289942 8.67
4.373269 4.306731 8.68
4.366516 4.323484 8.69
4.359791 4.340209 8.7
4.353102 4.356898 8.71
4.346442 4.373558 8.72
4.339815 4.390185 8.73
4.333217 4.406783 8.74
4.326651 4.423349 8.75
4.320114 4.439886 8.76
4.313611 4.456389 8.77
4.307137 4.472863 8.78
4.300692 4.489308 8.79
4.294276 4.505724 8.8
4.287889 4.522111 8.81
4.28153 4.538470 8.82
4.275201 4.554799 8.83
4.2689 4.571100 8.84
4.26263 4.587370 8.85
4.256385 4.603615 8.86
4.250169 4.619831 8.87
4.243977 4.636023 8.88
4.237816 4.652184 8.89
4.231681 4.668319 8.9
4.225574 4.684426 8.91
4.21949 4.700510 8.92
4.213434 4.716566 8.93
4.207407 4.732593 8.94
4.201404 4.748596 8.95
4.195425 4.764575 8.96
4.189472 4.780528 8.97
4.183547 4.796453 8.98
4.177643 4.812357 8.99
4.171765 4.828235 9.0
4.165914 4.844086 9.01
4.160084 4.859916 9.02
4.154281 4.875719 9.03
4.148501 4.891499 9.04
4.142745 4.907255 9.05
4.137013 4.922987 9.06
4.131305 4.938695 9.07
4.125619 4.954381 9.08
4.119956 4.970044 9.09
4.114318 4.985682 9.1
4.108702 5.001298 9.11
4.103107 5.016893 9.12
4.097535 5.032465 9.13
4.091984 5.048016 9.14
4.08646 5.063540 9.15
4.080952 5.079048 9.16
4.075469 5.094531 9.17
4.070006 5.109994 9.18
4.064568 5.125432 9.19
4.059147 5.140853 9.2
4.053748 5.156252 9.21
4.04837 5.171630 9.22
4.043014 5.186986 9.23
4.037678 5.202322 9.24
4.032363 5.217637 9.25
4.027068 5.232932 9.26
4.021792 5.248208 9.27
4.016538 5.263462 9.28
4.011304 5.278696 9.29
4.006088 5.293912 9.3
4.000892 5.309108 9.31
3.995717 5.324283 9.32
3.99056 5.339440 9.33
3.985421 5.354579 9.34
3.980303 5.369697 9.35
3.975205 5.384795 9.36
3.970123 5.399877 9.37
3.965061 5.414939 9.38
3.960017 5.429983 9.39
3.954993 5.445007 9.4
3.949986 5.460014 9.41
3.944997 5.475003 9.42
3.940026 5.489974 9.43
3.935075 5.504925 9.44
3.930139 5.519861 9.45
3.925221 5.534779 9.46
3.920321 5.549679 9.47
3.915441 5.564559 9.48
3.910576 5.579424 9.49
3.905729 5.594271 9.5
3.900896 5.609104 9.51
3.896084 5.623916 9.52
3.891289 5.638711 9.53
3.886508 5.653492 9.54
3.881744 5.668256 9.55
3.876998 5.683002 9.56
3.872268 5.697732 9.57
3.867554 5.712446 9.58
3.862856 5.727144 9.59
3.858173 5.741827 9.6
3.853509 5.756491 9.61
3.84886 5.771140 9.62
3.844226 5.785774 9.63
3.839607 5.800393 9.64
3.835006 5.814994 9.65
3.830419 5.829581 9.66
3.825848 5.844152 9.67
3.821292 5.858708 9.68
3.81675 5.873250 9.69
3.812227 5.887773 9.7
3.807717 5.902283 9.71
3.80322 5.916780 9.72
3.79874 5.931260 9.73
3.794273 5.945727 9.74
3.789823 5.960177 9.75
3.785386 5.974614 9.76
3.780963 5.989037 9.77
3.776558 6.003442 9.78
3.772164 6.017836 9.79
3.767784 6.032216 9.8
3.763419 6.046581 9.81
3.759069 6.060931 9.82
3.754733 6.075267 9.83
3.750409 6.089591 9.84
3.746101 6.103899 9.85
3.741805 6.118195 9.86
3.737523 6.132477 9.87
3.733254 6.146746 9.88
3.729 6.161000 9.89
3.72476 6.175240 9.9
3.720531 6.189469 9.91
3.716317 6.203683 9.92
3.712115 6.217885 9.93
3.707926 6.232074 9.94
3.70375 6.246250 9.95
3.699586 6.260414 9.96
3.695437 6.274563 9.97
3.691301 6.288699 9.98
3.687176 6.302824 9.99
3.683063 6.316937 10.0
3.678963 6.331037 10.01
3.674876 6.345124 10.02
3.670801 6.359199 10.03
3.666739 6.373261 10.04
3.662688 6.387312 10.05
3.65865 6.401350 10.06
3.654624 6.415376 10.07
3.65061 6.429390 10.08
3.646608 6.443392 10.09
3.642617 6.457383 10.1
3.638639 6.471361 10.11
3.634671 6.485329 10.12
3.630714 6.499286 10.13
3.626773 6.513227 10.14
3.62284 6.527160 10.15
3.618919 6.541081 10.16
3.615008 6.554992 10.17
3.61111 6.568890 10.18
3.607224 6.582776 10.19
3.603348 6.596652 10.2
3.599482 6.610518 10.21
3.595628 6.624372 10.22
3.591785 6.638215 10.23
3.587952 6.652048 10.24
3.584132 6.665868 10.25
3.58032 6.679680 10.26
3.57652 6.693480 10.27
3.572731 6.707269 10.28
3.568952 6.721048 10.29
3.565183 6.734817 10.3
3.561425 6.748575 10.31
3.557679 6.762321 10.32
3.553941 6.776059 10.33
3.550213 6.789787 10.34
3.546496 6.803504 10.35
3.54279 6.817210 10.36
3.539095 6.830905 10.37
3.535407 6.844593 10.38
3.531731 6.858269 10.39
3.528069 6.871931 10.4
3.524411 6.885589 10.41
3.520763 6.899237 10.42
3.517127 6.912873 10.43
3.513503 6.926497 10.44
3.509886 6.940114 10.45
3.506278 6.953722 10.46
3.502681 6.967319 10.47
3.499094 6.980906 10.48
3.495516 6.994484 10.49
3.491948 7.008052 10.5
3.488388 7.021612 10.51
3.484839 7.035161 10.52
3.481298 7.048702 10.53
3.477767 7.062233 10.54
3.474245 7.075755 10.55
3.470732 7.089268 10.56
3.467231 7.102769 10.57
3.463736 7.116264 10.58
3.460251 7.129749 10.59
3.456775 7.143225 10.6
3.453309 7.156691 10.61
3.449851 7.170149 10.62
3.446401 7.183599 10.63
3.442961 7.197039 10.64
3.439531 7.210469 10.65
3.436109 7.223891 10.66
3.432694 7.237306 10.67
3.42929 7.250710 10.68
3.425894 7.264106 10.69
3.422507 7.277493 10.7
3.419126 7.290874 10.71
3.415755 7.304245 10.72
3.412396 7.317604 10.73
3.409041 7.330959 10.74
3.405696 7.344304 10.75
3.402359 7.357641 10.76
3.399032 7.370968 10.77
3.395714 7.384286 10.78
3.3924 7.397600 10.79
3.389094 7.410906 10.8
3.3858 7.424200 10.81
3.382514 7.437486 10.82
3.379237 7.450763 10.83
3.375965 7.464035 10.84
3.372702 7.477298 10.85
3.369447 7.490553 10.86
3.366202 7.503798 10.87
3.362961 7.517039 10.88
3.359732 7.530268 10.89
3.356509 7.543491 10.9
3.353294 7.556706 10.91
3.350086 7.569914 10.92
3.346887 7.583113 10.93
3.343695 7.596305 10.94
3.340511 7.609489 10.95
3.337334 7.622666 10.96
3.334166 7.635834 10.97
3.331006 7.648994 10.98
3.327851 7.662149 10.99
3.324704 7.675296 11.0
3.321565 7.688435 11.01
3.318434 7.701566 11.02
3.315311 7.714689 11.03
3.312195 7.727805 11.04
3.309086 7.740914 11.05
3.305985 7.754015 11.06
3.302891 7.767109 11.07
3.299803 7.780197 11.08
3.296723 7.793277 11.09
3.293652 7.806348 11.1
3.290585 7.819415 11.11
3.287527 7.832473 11.12
3.284474 7.845526 11.13
3.281431 7.858569 11.14
3.278395 7.871605 11.15
3.275365 7.884635 11.16
3.272341 7.897659 11.17
3.269326 7.910674 11.18
3.266316 7.923684 11.19
3.263313 7.936687 11.2
3.260318 7.949682 11.21
3.257329 7.962671 11.22
3.254349 7.975651 11.23
3.251373 7.988627 11.24
3.248405 8.001595 11.25
3.245443 8.014557 11.26
3.242487 8.027513 11.27
3.23954 8.040460 11.28
3.2366 8.053400 11.29
3.233663 8.066337 11.3
3.230735 8.079265 11.31
3.227814 8.092186 11.32
3.224898 8.105102 11.33
3.221989 8.118011 11.34
3.219085 8.130915 11.35
3.216192 8.143808 11.36
3.213303 8.156697 11.37
3.210418 8.169582 11.38
3.207542 8.182458 11.39
3.204671 8.195329 11.4
3.201809 8.208191 11.41
3.19895 8.221050 11.42
3.196098 8.233902 11.43
3.193254 8.246746 11.44
3.190415 8.259585 11.45
3.187583 8.272417 11.46
3.184755 8.285245 11.47
3.181936 8.298064 11.48
3.179121 8.310879 11.49
3.176312 8.323688 11.5
3.17351 8.336490 11.51
3.170713 8.349287 11.52
3.167924 8.362076 11.53
3.16514 8.374860 11.54
3.162361 8.387639 11.55
3.159589 8.400411 11.56
3.156824 8.413176 11.57
3.154063 8.425937 11.58
3.151309 8.438691 11.59
3.148559 8.451441 11.6
3.145816 8.464184 11.61
3.143079 8.476921 11.62
3.140348 8.489652 11.63
3.137622 8.502378 11.64
3.134904 8.515096 11.65
3.132189 8.527811 11.66
3.129481 8.540519 11.67
3.126777 8.553223 11.68
3.12408 8.565920 11.69
3.121391 8.578609 11.7
3.118703 8.591297 11.71
3.116024 8.603976 11.72
3.113348 8.616652 11.73
3.110679 8.629321 11.74
3.108015 8.641985 11.75
3.105357 8.654643 11.76
3.102705 8.667295 11.77
3.100058 8.679942 11.78
3.097415 8.692585 11.79
3.094779 8.705221 11.8
3.092148 8.717852 11.81
3.089524 8.730476 11.82
3.086902 8.743098 11.83
3.084287 8.755713 11.84
3.081678 8.768322 11.85
3.079074 8.780926 11.86
3.076474 8.793526 11.87
3.07388 8.806120 11.88
3.071292 8.818708 11.89
3.068708 8.831292 11.9
3.06613 8.843870 11.91
3.063558 8.856442 11.92
3.060989 8.869011 11.93
3.058427 8.881573 11.94
3.055869 8.894131 11.95
3.053314 8.906686 11.96
3.050769 8.919231 11.97
3.048228 8.931772 11.98
3.04569 8.944310 11.99
3.043156 8.956844 12.0
3.040626 8.969374 12.01
3.038106 8.981894 12.02
3.03559 8.994410 12.03
3.033077 9.006923 12.04
3.030569 9.019431 12.05
3.028066 9.031934 12.06
3.025569 9.044431 12.07
3.023075 9.056925 12.08
3.020587 9.069413 12.09
3.018103 9.081897 12.1
3.015625 9.094375 12.11
3.013152 9.106848 12.12
3.010684 9.119316 12.13
3.008218 9.131782 12.14
3.005761 9.144239 12.15
3.003306 9.156694 12.16
3.000856 9.169144 12.17
2.998411 9.181589 12.18
2.99597 9.194030 12.19
2.993535 9.206465 12.2
2.991104 9.218896 12.21
2.988676 9.231324 12.22
2.986254 9.243746 12.23
2.983837 9.256163 12.24
2.981424 9.268576 12.25
2.979016 9.280984 12.26
2.976613 9.293387 12.27
2.974214 9.305786 12.28
2.971817 9.318183 12.29
2.969429 9.330571 12.3
2.967043 9.342957 12.31
2.964662 9.355338 12.32
2.962287 9.367713 12.33
2.959914 9.380086 12.34
2.957546 9.392454 12.35
2.955182 9.404818 12.36
2.952823 9.417177 12.37
2.950468 9.429532 12.38
2.948117 9.441883 12.39
2.945772 9.454228 12.4
2.943432 9.466568 12.41
2.941093 9.478907 12.42
2.938759 9.491241 12.43
2.936431 9.503569 12.44
2.934107 9.515893 12.45
2.931786 9.528214 12.46
2.92947 9.540530 12.47
2.927159 9.552841 12.48
2.924853 9.565147 12.49
2.922548 9.577452 12.5
2.920249 9.589751 12.51
2.917953 9.602047 12.52
2.915661 9.614339 12.53
2.913376 9.626624 12.54
2.911094 9.638906 12.55
2.908814 9.651186 12.56
2.906541 9.663459 12.57
2.904271 9.675729 12.58
2.902004 9.687996 12.59
2.89974 9.700260 12.6
2.897485 9.712515 12.61
2.89523 9.724770 12.62
2.892979 9.737021 12.63
2.890731 9.749269 12.64
2.888491 9.761509 12.65
2.886251 9.773749 12.66
2.884018 9.785982 12.67
2.881787 9.798213 12.68
2.879562 9.810438 12.69
2.87734 9.822660 12.7
2.87512 9.834880 12.71
2.872904 9.847096 12.72
2.870695 9.859305 12.73
2.868489 9.871511 12.74
2.866285 9.883715 12.75
2.864086 9.895914 12.76
2.861891 9.908109 12.77
2.859701 9.920299 12.78
2.857513 9.932487 12.79
2.855328 9.944672 12.8
2.853149 9.956851 12.81
2.850974 9.969026 12.82
2.848804 9.981196 12.83
2.846634 9.993366 12.84
2.844471 10.005529 12.85
2.842309 10.017691 12.86
2.840153 10.029847 12.87
2.838002 10.041998 12.88
2.83585 10.054150 12.89
2.833708 10.066292 12.9
2.831568 10.078432 12.91
2.829429 10.090571 12.92
2.827295 10.102705 12.93
2.825166 10.114834 12.94
2.823042 10.126958 12.95
2.820918 10.139082 12.96
2.8188 10.151200 12.97
2.816685 10.163315 12.98
2.814575 10.175425 12.99
2.812469 10.187531 13.0
2.810365 10.199635 13.01
2.808265 10.211735 13.02
2.806171 10.223829 13.03
2.804078 10.235922 13.04
2.801991 10.248009 13.05
2.799906 10.260094 13.06
2.797827 10.272173 13.07
2.79575 10.284250 13.08
2.793678 10.296322 13.09
2.791607 10.308393 13.1
2.789543 10.320457 13.11
2.787482 10.332518 13.12
2.785423 10.344577 13.13
2.783372 10.356628 13.14
2.781323 10.368677 13.15
2.779272 10.380728 13.16
2.777228 10.392772 13.17
2.77519 10.404810 13.18
2.773153 10.416847 13.19
2.771122 10.428878 13.2
2.769092 10.440908 13.21
2.76707 10.452930 13.22
2.765045 10.464955 13.23
2.763028 10.476972 13.24
2.761013 10.488987 13.25
2.759002 10.500998 13.26
2.756993 10.513007 13.27
2.754991 10.525009 13.28
2.752989 10.537011 13.29
2.750992 10.549008 13.3
2.748998 10.561002 13.31
2.747008 10.572992 13.32
2.745022 10.584978 13.33
2.743037 10.596963 13.34
2.741056 10.608944 13.35
2.739081 10.620919 13.36
2.737106 10.632894 13.37
2.735139 10.644861 13.38
2.733173 10.656827 13.39
2.731211 10.668789 13.4
2.729249 10.680751 13.41
2.727296 10.692704 13.42
2.725341 10.704659 13.43
2.723393 10.716607 13.44
2.721445 10.728555 13.45
2.719502 10.740498 13.46
2.717563 10.752437 13.47
2.715626 10.764374 13.48
2.713695 10.776305 13.49
2.711765 10.788235 13.5
2.709837 10.800163 13.51
2.707916 10.812084 13.52
2.705997 10.824003 13.53
2.704079 10.835921 13.54
2.702165 10.847835 13.55
2.700255 10.859745 13.56
2.698348 10.871652 13.57
2.696445 10.883555 13.58
2.694545 10.895455 13.59
2.692647 10.907353 13.6
2.690753 10.919247 13.61
2.68886 10.931140 13.62
2.686974 10.943026 13.63
2.68509 10.954910 13.64
2.683207 10.966793 13.65
2.681331 10.978669 13.66
2.679453 10.990547 13.67
2.677581 11.002419 13.68
2.675712 11.014288 13.69
2.673846 11.026154 13.7
2.671983 11.038017 13.71
2.670124 11.049876 13.72
2.668269 11.061731 13.73
2.666414 11.073586 13.74
2.664563 11.085437 13.75
2.662717 11.097283 13.76
2.660871 11.109129 13.77
2.659029 11.120971 13.78
2.657192 11.132808 13.79
2.655356 11.144644 13.8
2.653524 11.156476 13.81
2.651696 11.168304 13.82
2.649867 11.180133 13.83
2.648045 11.191955 13.84
2.646226 11.203774 13.85
2.644406 11.215594 13.86
2.642593 11.227407 13.87
2.64078 11.239220 13.88
2.638971 11.251029 13.89
2.637166 11.262834 13.9
2.635362 11.274638 13.91
2.633563 11.286437 13.92
2.631765 11.298235 13.93
2.629972 11.310028 13.94
2.628182 11.321818 13.95
2.626391 11.333609 13.96
2.624606 11.345394 13.97
2.622822 11.357178 13.98
2.621044 11.368956 13.99
2.619267 11.380733 14.0
2.617493 11.392507 14.01
2.615722 11.404278 14.02
2.613953 11.416047 14.03
2.612187 11.427813 14.04
2.610423 11.439577 14.05
2.608664 11.451336 14.06
2.606908 11.463092 14.07
2.605156 11.474844 14.08
2.603401 11.486599 14.09
2.601653 11.498347 14.1
2.599904 11.510096 14.11
2.598164 11.521836 14.12
2.596422 11.533578 14.13
2.594686 11.545314 14.14
2.592952 11.557048 14.15
2.591218 11.568782 14.16
2.589488 11.580512 14.17
2.587763 11.592237 14.18
2.58604 11.603960 14.19
2.584316 11.615684 14.2
2.582596 11.627404 14.21
2.58088 11.639120 14.22
2.579168 11.650832 14.23
2.577457 11.662543 14.24
2.575748 11.674252 14.25
2.574043 11.685957 14.26
2.57234 11.697660 14.27
2.570639 11.709361 14.28
2.568943 11.721057 14.29
2.567248 11.732752 14.3
2.565555 11.744445 14.31
2.563866 11.756134 14.32
2.562177 11.767823 14.33
2.560495 11.779505 14.34
2.558813 11.791187 14.35
2.557132 11.802868 14.36
2.555456 11.814544 14.37
2.553781 11.826219 14.38
2.552111 11.837889 14.39
2.550443 11.849557 14.4
2.548774 11.861226 14.41
2.547111 11.872889 14.42
2.545449 11.884551 14.43
2.543793 11.896207 14.44
2.542134 11.907866 14.45
2.54048 11.919520 14.46
2.538829 11.931171 14.47
2.537182 11.942818 14.48
2.535535 11.954465 14.49
2.533891 11.966109 14.5
2.532249 11.977751 14.51
2.530609 11.989391 14.52
2.528974 12.001026 14.53
2.52734 12.012660 14.54
2.525709 12.024291 14.55
2.524078 12.035922 14.56
2.522455 12.047545 14.57
2.520831 12.059169 14.58
2.519207 12.070793 14.59
2.517586 12.082414 14.6
2.515971 12.094029 14.61
2.514358 12.105642 14.62
2.512746 12.117254 14.63
2.511137 12.128863 14.64
2.509529 12.140471 14.65
2.507921 12.152079 14.66
2.506323 12.163677 14.67
2.504722 12.175278 14.68
2.503125 12.186875 14.69
2.501529 12.198471 14.7
2.499935 12.210065 14.71
2.498343 12.221657 14.72
2.496758 12.233242 14.73
2.495173 12.244827 14.74
2.493587 12.256413 14.75
2.492007 12.267993 14.76
2.490428 12.279572 14.77
2.488852 12.291148 14.78
2.487275 12.302725 14.79
2.485705 12.314295 14.8
2.484136 12.325864 14.81
2.482568 12.337432 14.82
2.481005 12.348995 14.83
2.479441 12.360559 14.84
2.47788 12.372120 14.85
2.476323 12.383677 14.86
2.474768 12.395232 14.87
2.473214 12.406786 14.88
2.471662 12.418338 14.89
2.470114 12.429886 14.9
2.468567 12.441433 14.91
2.467021 12.452979 14.92
2.46548 12.464520 14.93
2.463939 12.476061 14.94
2.462403 12.487597 14.95
2.460866 12.499134 14.96
2.459332 12.510668 14.97
2.457801 12.522199 14.98
2.456274 12.533726 14.99
2.454746 12.545254 15.0
2.453222 12.556778 15.01
2.451698 12.568302 15.02
2.450179 12.579821 15.03
2.448661 12.591339 15.04
2.447144 12.602856 15.05
2.445632 12.614368 15.06
2.444121 12.625879 15.07
2.442609 12.637391 15.08
2.441104 12.648896 15.09
2.439598 12.660402 15.1
2.438095 12.671905 15.11
2.436593 12.683407 15.12
2.435096 12.694904 15.13
2.433598 12.706402 15.14
2.432105 12.717895 15.15
2.430615 12.729385 15.16
2.429124 12.740876 15.17
2.427632 12.752368 15.18
2.426149 12.763851 15.19
2.424664 12.775336 15.2
2.423182 12.786818 15.21
2.421701 12.798299 15.22
2.420226 12.809774 15.23
2.418751 12.821249 15.24
2.417274 12.832726 15.25
2.415805 12.844195 15.26
2.414335 12.855665 15.27
2.412867 12.867133 15.28
2.411405 12.878595 15.29
2.409941 12.890059 15.3
2.408478 12.901522 15.31
2.40702 12.912980 15.32
2.405563 12.924437 15.33
2.404108 12.935892 15.34
2.402655 12.947345 15.35
2.401204 12.958796 15.36
2.399756 12.970244 15.37
2.398308 12.981692 15.38
2.396864 12.993136 15.39
2.39542 13.004580 15.4
2.393979 13.016021 15.41
2.392542 13.027458 15.42
2.391103 13.038897 15.43
2.389669 13.050331 15.44
2.388236 13.061764 15.45
2.386804 13.073196 15.46
2.385376 13.084624 15.47
2.383951 13.096049 15.48
2.382523 13.107477 15.49
2.381102 13.118898 15.5
2.37968 13.130320 15.51
2.37826 13.141740 15.52
2.376843 13.153157 15.53
2.375428 13.164572 15.54
2.374013 13.175987 15.55
2.372601 13.187399 15.56
2.371193 13.198807 15.57
2.369784 13.210216 15.58
2.36838 13.221620 15.59
2.366976 13.233024 15.6
2.365575 13.244425 15.61
2.364172 13.255828 15.62
2.362775 13.267225 15.63
2.361379 13.278621 15.64
2.359985 13.290015 15.65
2.358593 13.301407 15.66
2.357202 13.312798 15.67
2.355815 13.324185 15.68
2.354427 13.335573 15.69
2.353043 13.346957 15.7
2.351657 13.358343 15.71
2.350277 13.369723 15.72
2.348899 13.381101 15.73
2.347523 13.392477 15.74
2.346145 13.403855 15.75
2.344771 13.415229 15.76
2.343398 13.426602 15.77
2.342028 13.437972 15.78
2.340661 13.449339 15.79
2.339293 13.460707 15.8
2.33793 13.472070 15.81
2.336566 13.483434 15.82
2.335206 13.494794 15.83
2.333846 13.506154 15.84
2.33249 13.517510 15.85
2.331134 13.528866 15.86
2.329779 13.540221 15.87
2.328428 13.551572 15.88
2.327078 13.562922 15.89
2.325731 13.574269 15.9
2.324383 13.585617 15.91
2.323037 13.596963 15.92
2.321694 13.608306 15.93
2.320355 13.619645 15.94
2.319015 13.630985 15.95
2.317677 13.642323 15.96
2.316341 13.653659 15.97
2.315007 13.664993 15.98
2.313674 13.676326 15.99
2.312345 13.687655 16.0
2.311016 13.698984 16.01
2.309685 13.710315 16.02
2.308362 13.721638 16.03
2.307037 13.732963 16.04
2.305718 13.744282 16.05
2.304399 13.755601 16.06
2.303079 13.766921 16.07
2.301761 13.778239 16.08
2.300447 13.789553 16.09
2.299134 13.800866 16.1
2.297819 13.812181 16.11
2.296511 13.823489 16.12
2.295203 13.834797 16.13
2.293898 13.846102 16.14
2.292592 13.857408 16.15
2.291288 13.868712 16.16
2.289987 13.880013 16.17
2.288686 13.891314 16.18
2.287388 13.902612 16.19
2.286092 13.913908 16.2
2.2848 13.925200 16.21
2.283506 13.936494 16.22
2.282215 13.947785 16.23
2.280925 13.959075 16.24
2.279635 13.970365 16.25
2.278349 13.981651 16.26
2.277066 13.992934 16.27
2.275781 14.004219 16.28
2.2745 14.015500 16.29
2.273223 14.026777 16.3
2.271943 14.038057 16.31
2.270666 14.049334 16.32
2.269392 14.060608 16.33
2.26812 14.071880 16.34
2.266845 14.083155 16.35
2.265577 14.094423 16.36
2.264308 14.105692 16.37
2.263041 14.116959 16.38
2.261778 14.128222 16.39
2.260513 14.139487 16.4
2.259252 14.150748 16.41
2.25799 14.162010 16.42
2.256734 14.173266 16.43
2.255476 14.184524 16.44
2.25422 14.195780 16.45
2.252967 14.207033 16.46
2.251714 14.218286 16.47
2.250465 14.229535 16.48
2.249213 14.240787 16.49
2.247968 14.252032 16.5
2.24672 14.263280 16.51
2.245475 14.274525 16.52
2.244231 14.285769 16.53
2.242991 14.297009 16.54
2.241754 14.308246 16.55
2.240516 14.319484 16.56
2.239276 14.330724 16.57
2.238044 14.341956 16.58
2.236809 14.353191 16.59
2.235577 14.364423 16.6
2.234346 14.375654 16.61
2.233117 14.386883 16.62
2.231892 14.398108 16.63
2.230665 14.409335 16.64
2.22944 14.420560 16.65
2.228218 14.431782 16.66
2.226995 14.443005 16.67
2.225777 14.454223 16.68
2.224559 14.465441 16.69
2.223341 14.476659 16.7
2.222127 14.487873 16.71
2.220915 14.499085 16.72
2.219701 14.510299 16.73
2.218492 14.521508 16.74
2.217281 14.532719 16.75
2.216072 14.543928 16.76
2.214867 14.555133 16.77
2.213663 14.566337 16.78
2.212459 14.577541 16.79
2.211259 14.588741 16.8
2.210061 14.599939 16.81
2.208862 14.611138 16.82
2.207664 14.622336 16.83
2.206465 14.633535 16.84
2.205271 14.644729 16.85
2.204082 14.655918 16.86
2.202889 14.667111 16.87
2.2017 14.678300 16.88
2.200512 14.689488 16.89
2.199322 14.700678 16.9
2.198137 14.711863 16.91
2.196953 14.723047 16.92
2.195771 14.734229 16.93
2.194591 14.745409 16.94
2.193411 14.756589 16.95
2.192233 14.767767 16.96
2.191055 14.778945 16.97
2.189882 14.790118 16.98
2.188706 14.801294 16.99
2.187531 14.812469 17.0
2.186362 14.823638 17.01
2.185192 14.834808 17.02
2.184025 14.845975 17.03
2.182856 14.857144 17.04
2.181696 14.868304 17.05
2.18053 14.879470 17.06
2.179367 14.890633 17.07
2.178206 14.901794 17.08
2.177045 14.912955 17.09
2.175886 14.924114 17.1
2.17473 14.935270 17.11
2.173572 14.946428 17.12
2.172421 14.957579 17.13
2.171267 14.968733 17.14
2.170115 14.979885 17.15
2.168965 14.991035 17.16
2.167816 15.002184 17.17
2.166669 15.013331 17.18
2.165524 15.024476 17.19
2.164377 15.035623 17.2
2.163236 15.046764 17.21
2.162095 15.057905 17.22
2.160954 15.069046 17.23
2.159814 15.080186 17.24
2.158675 15.091325 17.25
2.15754 15.102460 17.26
2.156406 15.113594 17.27
2.15527 15.124730 17.28
2.154138 15.135862 17.29
2.153009 15.146991 17.3
2.151878 15.158122 17.31
2.15075 15.169250 17.32
2.149622 15.180378 17.33
2.148495 15.191505 17.34
2.14737 15.202630 17.35
2.14625 15.213750 17.36
2.145126 15.224874 17.37
2.144007 15.235993 17.38
2.142889 15.247111 17.39
2.141771 15.258229 17.4
2.140655 15.269345 17.41
2.13954 15.280460 17.42
2.138426 15.291574 17.43
2.13731 15.302690 17.44
2.1362 15.313800 17.45
2.135091 15.324909 17.46
2.133983 15.336017 17.47
2.132875 15.347125 17.48
2.131768 15.358232 17.49
2.130664 15.369336 17.5
2.12956 15.380440 17.51
2.128458 15.391542 17.52
2.127357 15.402643 17.53
2.126259 15.413741 17.54
2.125162 15.424838 17.55
2.124064 15.435936 17.56
2.122969 15.447031 17.57
2.121873 15.458127 17.58
2.120781 15.469219 17.59
2.119687 15.480313 17.6
2.118595 15.491405 17.61
2.117505 15.502495 17.62
2.116421 15.513579 17.63
2.115333 15.524667 17.64
2.114246 15.535754 17.65
2.113162 15.546838 17.66
2.112079 15.557921 17.67
2.110997 15.569003 17.68
2.109916 15.580084 17.69
2.108834 15.591166 17.7
2.107759 15.602241 17.71
2.106683 15.613317 17.72
2.105607 15.624393 17.73
2.104532 15.635468 17.74
2.103459 15.646541 17.75
2.102386 15.657614 17.76
2.101315 15.668685 17.77
2.100243 15.679757 17.78
2.099175 15.690825 17.79
2.098112 15.701888 17.8
2.097045 15.712955 17.81
2.095979 15.724021 17.82
2.094915 15.735085 17.83
2.093851 15.746149 17.84
2.092793 15.757207 17.85
2.09173 15.768270 17.86
2.090674 15.779326 17.87
2.089616 15.790384 17.88
2.088558 15.801442 17.89
2.087504 15.812496 17.9
2.08645 15.823550 17.91
2.085396 15.834604 17.92
2.084343 15.845657 17.93
2.083293 15.856707 17.94
2.082244 15.867756 17.95
2.0812 15.878800 17.96
2.080153 15.889847 17.97
2.079105 15.900895 17.98
2.07806 15.911940 17.99
2.077017 15.922983 18.0
2.075975 15.934025 18.01
2.074935 15.945065 18.02
2.073894 15.956106 18.03
2.072855 15.967145 18.04
2.071817 15.978183 18.05
2.070782 15.989218 18.06
2.069746 16.000254 18.07
2.068712 16.011288 18.08
2.067678 16.022322 18.09
2.066646 16.033354 18.1
2.065618 16.044382 18.11
2.064586 16.055414 18.12
2.063563 16.066437 18.13
2.062533 16.077467 18.14
2.061507 16.088493 18.15
2.06048 16.099520 18.16
2.05946 16.110540 18.17
2.058433 16.121567 18.18
2.057413 16.132587 18.19
2.056392 16.143608 18.2
2.055375 16.154625 18.21
2.054356 16.165644 18.22
2.053339 16.176661 18.23
2.052323 16.187677 18.24
2.05131 16.198690 18.25
2.050295 16.209705 18.26
2.049282 16.220718 18.27
2.04827 16.231730 18.28
2.047257 16.242743 18.29
2.046252 16.253748 18.3
2.045243 16.264757 18.31
2.044236 16.275764 18.32
2.043228 16.286772 18.33
2.042225 16.297775 18.34
2.041221 16.308779 18.35
2.040218 16.319782 18.36
2.039216 16.330784 18.37
2.038218 16.341782 18.38
2.037219 16.352781 18.39
2.036219 16.363781 18.4
2.035221 16.374779 18.41
2.034225 16.385775 18.42
2.03323 16.396770 18.43
2.032236 16.407764 18.44
2.031244 16.418756 18.45
2.030251 16.429749 18.46
2.029263 16.440737 18.47
2.028273 16.451727 18.48
2.027283 16.462717 18.49
2.026297 16.473703 18.5
2.02531 16.484690 18.51
2.024322 16.495678 18.52
2.02334 16.506660 18.53
2.022353 16.517647 18.54
2.021375 16.528625 18.55
2.020392 16.539608 18.56
2.019413 16.550587 18.57
2.018435 16.561565 18.58
2.017456 16.572544 18.59
2.016479 16.583521 18.6
2.015502 16.594498 18.61
2.014527 16.605473 18.62
2.013556 16.616444 18.63
2.012583 16.627417 18.64
2.01161 16.638390 18.65
2.010639 16.649361 18.66
2.009668 16.660332 18.67
2.008703 16.671297 18.68
2.007732 16.682268 18.69
2.006767 16.693233 18.7
2.005801 16.704199 18.71
2.00484 16.715160 18.72
2.003874 16.726126 18.73
2.002911 16.737089 18.74
2.001949 16.748051 18.75
2.000988 16.759012 18.76
2.000028 16.769972 18.77
1.999069 16.780931 18.78
1.998111 16.791889 18.79
1.997157 16.802843 18.8
1.996201 16.813799 18.81
1.995249 16.824751 18.82
1.994295 16.835705 18.83
1.993341 16.846659 18.84
1.992389 16.857611 18.85
1.991441 16.868559 18.86
1.990491 16.879509 18.87
1.989545 16.890455 18.88
1.988595 16.901405 18.89
1.98765 16.912350 18.9
1.986704 16.923296 18.91
1.98576 16.934240 18.92
1.984815 16.945185 18.93
1.983871 16.956129 18.94
1.982932 16.967068 18.95
1.981992 16.978008 18.96
1.981053 16.988947 18.97
1.980114 16.999886 18.98
1.979178 17.010822 18.99
1.978239 17.021761 19.0
1.977304 17.032696 19.01
1.976367 17.043633 19.02
1.975435 17.054565 19.03
1.974502 17.065498 19.04
1.973573 17.076427 19.05
1.972642 17.087358 19.06
1.971712 17.098288 19.07
1.970783 17.109217 19.08
1.969852 17.120148 19.09
1.968929 17.131071 19.1
1.968002 17.141998 19.11
1.967075 17.152925 19.12
1.966155 17.163845 19.13
1.965232 17.174768 19.14
1.96431 17.185690 19.15
1.963389 17.196611 19.16
1.962467 17.207533 19.17
1.961549 17.218451 19.18
1.96063 17.229370 19.19
1.959714 17.240286 19.2
1.9588 17.251200 19.21
1.957883 17.262117 19.22
1.956967 17.273033 19.23
1.956053 17.283947 19.24
1.955143 17.294857 19.25
1.954229 17.305771 19.26
1.953317 17.316683 19.27
1.952409 17.327591 19.28
1.951499 17.338501 19.29
1.950593 17.349407 19.3
1.949687 17.360313 19.31
1.948778 17.371222 19.32
1.947874 17.382126 19.33
1.94697 17.393030 19.34
1.946067 17.403933 19.35
1.945167 17.414833 19.36
1.944263 17.425737 19.37
1.943366 17.436634 19.38
1.942464 17.447536 19.39
1.941565 17.458435 19.4
1.940668 17.469332 19.41
1.939768 17.480232 19.42
1.938877 17.491123 19.43
1.93798 17.502020 19.44
1.937083 17.512917 19.45
1.936192 17.523808 19.46
1.9353 17.534700 19.47
1.934409 17.545591 19.48
1.933518 17.556482 19.49
1.932629 17.567371 19.5
1.93174 17.578260 19.51
1.930851 17.589149 19.52
1.929965 17.600035 19.53
1.929078 17.610922 19.54
1.928197 17.621803 19.55
1.92731 17.632690 19.56
1.926426 17.643574 19.57
1.925545 17.654455 19.58
1.924663 17.665337 19.59
1.923784 17.676216 19.6
1.922901 17.687099 19.61
1.922025 17.697975 19.62
1.921147 17.708853 19.63
1.92027 17.719730 19.64
1.919394 17.730606 19.65
1.918516 17.741484 19.66
1.917643 17.752357 19.67
1.916771 17.763229 19.68
1.915897 17.774103 19.69
1.915025 17.784975 19.7
1.914157 17.795843 19.71
1.913287 17.806713 19.72
1.912417 17.817583 19.73
1.911549 17.828451 19.74
1.910681 17.839319 19.75
1.909815 17.850185 19.76
1.908947 17.861053 19.77
1.908082 17.871918 19.78
1.907218 17.882782 19.79
1.906358 17.893642 19.8
1.905493 17.904507 19.81
1.904633 17.915367 19.82
1.903772 17.926228 19.83
1.902912 17.937088 19.84
1.902053 17.947947 19.85
1.901197 17.958803 19.86
1.900338 17.969662 19.87
1.899482 17.980518 19.88
1.898627 17.991373 19.89
1.897776 18.002224 19.9
1.896919 18.013081 19.91
1.896067 18.023933 19.92
1.895216 18.034784 19.93
1.894365 18.045635 19.94
1.893512 18.056488 19.95
1.892665 18.067335 19.96
1.891814 18.078186 19.97
1.890967 18.089033 19.98
1.89012 18.099880 19.99
1.889275 18.110725 20.0
