# 108.2 deg
6.276003 0.003997 6.28
6.191171 0.098829 6.29
6.101802 0.198198 6.3
6.031859 0.278141 6.31
5.972802 0.347198 6.32
5.920613 0.409387 6.33
5.873252 0.466748 6.34
5.829567 0.520433 6.35
5.788795 0.571205 6.36
5.750439 0.619561 6.37
5.714112 0.665888 6.38
5.67954 0.710460 6.39
5.646503 0.753497 6.4
5.614822 0.795178 6.41
5.584358 0.835642 6.42
5.554993 0.875007 6.43
5.526624 0.913376 6.44
5.499167 0.950833 6.45
5.472546 0.987454 6.46
5.446701 1.023299 6.47
5.421573 1.058427 6.48
5.397116 1.092884 6.49
5.373281 1.126719 6.5
5.350032 1.159968 6.51
5.327337 1.192663 6.52
5.305158 1.224842 6.53
5.28347 1.256530 6.54
5.262247 1.287753 6.55
5.241464 1.318536 6.56
5.221099 1.348901 6.57
5.201134 1.378866 6.58
5.181547 1.408453 6.59
5.162323 1.437677 6.6
5.143444 1.466556 6.61
5.124901 1.495099 6.62
5.106673 1.523327 6.63
5.088752 1.551248 6.64
5.071122 1.578878 6.65
5.053778 1.606222 6.66
5.036704 1.633296 6.67
5.019892 1.660108 6.68
5.003332 1.686668 6.69
4.987019 1.712981 6.7
4.970939 1.739061 6.71
4.955089 1.764911 6.72
4.939456 1.790544 6.73
4.924041 1.815959 6.74
4.90883 1.841170 6.75
4.89382 1.866180 6.76
4.879004 1.890996 6.77
4.864379 1.915621 6.78
4.849938 1.940062 6.79
4.835674 1.964326 6.8
4.821584 1.988416 6.81
4.807661 2.012339 6.82
4.793903 2.036097 6.83
4.780307 2.059693 6.84
4.766865 2.083135 6.85
4.753574 2.106426 6.86
4.740433 2.129567 6.87
4.727436 2.152564 6.88
4.714578 2.175422 6.89
4.701861 2.198139 6.9
4.689274 2.220726 6.91
4.676823 2.243177 6.92
4.664497 2.265503 6.93
4.652298 2.287702 6.94
4.64022 2.309780 6.95
4.628262 2.331738 6.96
4.616423 2.353577 6.97
4.604698 2.375302 6.98
4.593085 2.396915 6.99
4.581582 2.418418 7.0
4.570187 2.439813 7.01
4.558898 2.461102 7.02
4.547713 2.482287 7.03
4.536629 2.503371 7.04
4.525644 2.524356 7.05
4.514758 2.545242 7.06
4.503967 2.566033 7.07
4.49327 2.586730 7.08
4.482666 2.607334 7.09
4.472152 2.627848 7.1
4.461726 2.648274 7.11
4.451389 2.668611 7.12
4.441137 2.688863 7.13
4.43097 2.709030 7.14
4.420884 2.729116 7.15
4.410882 2.749118 7.16
4.400958 2.769042 7.17
4.391113 2.788887 7.18
4.381346 2.808654 7.19
4.371656 2.828344 7.2
4.36204 2.847960 7.21
4.352499 2.867501 7.22
4.343028 2.886972 7.23
4.333629 2.906371 7.24
4.324301 2.925699 7.25
4.315043 2.944957 7.26
4.305851 2.964149 7.27
4.296726 2.983274 7.28
4.28767 3.002330 7.29
4.278675 3.021325 7.3
4.269747 3.040253 7.31
4.260882 3.059118 7.32
4.252079 3.077921 7.33
4.243337 3.096663 7.34
4.234656 3.115344 7.35
4.226034 3.133966 7.36
4.217471 3.152529 7.37
4.208966 3.171034 7.38
4.200518 3.189482 7.39
4.192126 3.207874 7.4
4.183791 3.226209 7.41
4.17551 3.244490 7.42
4.167285 3.262715 7.43
4.159111 3.280889 7.44
4.150989 3.299011 7.45
4.142919 3.317081 7.46
4.134903 3.335097 7.47
4.126936 3.353064 7.48
4.11902 3.370980 7.49
4.111151 3.388849 7.5
4.103331 3.406669 7.51
4.095563 3.424437 7.52
4.087841 3.442159 7.53
4.080165 3.459835 7.54
4.072537 3.477463 7.55
4.064952 3.495048 7.56
4.057413 3.512587 7.57
4.049922 3.530078 7.58
4.042471 3.547529 7.59
4.035067 3.564933 7.6
4.027704 3.582296 7.61
4.020386 3.599614 7.62
4.013108 3.616892 7.63
4.005872 3.634128 7.64
3.998679 3.651321 7.65
3.991527 3.668473 7.66
3.984412 3.685588 7.67
3.977339 3.702661 7.68
3.970305 3.719695 7.69
3.963311 3.736689 7.7
3.956355 3.753645 7.71
3.949436 3.770564 7.72
3.942558 3.787442 7.73
3.935715 3.804285 7.74
3.928908 3.821092 7.75
3.922139 3.837861 7.76
3.915405 3.854595 7.77
3.908709 3.871291 7.78
3.902046 3.887954 7.79
3.895419 3.904581 7.8
3.888827 3.921173 7.81
3.882268 3.937732 7.82
3.875746 3.954254 7.83
3.869255 3.970745 7.84
3.862799 3.987201 7.85
3.856375 4.003625 7.86
3.849982 4.020018 7.87
3.843624 4.036376 7.88
3.837296 4.052704 7.89
3.831002 4.068998 7.9
3.824738 4.085262 7.91
3.818505 4.101495 7.92
3.812303 4.117697 7.93
3.806131 4.133869 7.94
3.799991 4.150009 7.95
3.793878 4.166122 7.96
3.787797 4.182203 7.97
3.781744 4.198256 7.98
3.77572 4.214280 7.99
3.769727 4.230273 8.0
3.763761 4.246239 8.01
3.757821 4.262179 8.02
3.751914 4.278086 8.03
3.746031 4.293969 8.04
3.740175 4.309825 8.05
3.734347 4.325653 8.06
3.728549 4.341451 8.07
3.722776 4.357224 8.08
3.717029 4.372971 8.09
3.711308 4.388692 8.1
3.705615 4.404385 8.11
3.699946 4.420054 8.12
3.694302 4.435698 8.13
3.688685 4.451315 8.14
3.683093 4.466907 8.15
3.677527 4.482473 8.16
3.671983 4.498017 8.17
3.666465 4.513535 8.18
3.660973 4.529027 8.19
3.655503 4.544497 8.2
3.650057 4.559943 8.21
3.644634 4.575366 8.22
3.639238 4.590762 8.23
3.633863 4.606137 8.24
3.62851 4.621490 8.25
3.623181 4.636819 8.26
3.617876 4.652124 8.27
3.612592 4.667408 8.28
3.607331 4.682669 8.29
3.602093 4.697907 8.3
3.596876 4.713124 8.31
3.591681 4.728319 8.32
3.58651 4.743490 8.33
3.581357 4.758643 8.34
3.576227 4.773773 8.35
3.571119 4.788881 8.36
3.566032 4.803968 8.37
3.560964 4.819036 8.38
3.555918 4.834082 8.39
3.550892 4.849108 8.4
3.545888 4.864112 8.41
3.540903 4.879097 8.42
3.535937 4.894063 8.43
3.530993 4.909007 8.44
3.526069 4.923931 8.45
3.521163 4.938837 8.46
3.516276 4.953724 8.47
3.511411 4.968589 8.48
3.506563 4.983437 8.49
3.501735 4.998265 8.5
3.496925 5.013075 8.51
3.492134 5.027866 8.52
3.487363 5.042637 8.53
3.48261 5.057390 8.54
3.477874 5.072126 8.55
3.473157 5.086843 8.56
3.468459 5.101541 8.57
3.463779 5.116221 8.58
3.459116 5.130884 8.59
3.45447 5.145530 8.6
3.449845 5.160155 8.61
3.445236 5.174764 8.62
3.440642 5.189358 8.63
3.436066 5.203934 8.64
3.431509 5.218491 8.65
3.426966 5.233034 8.66
3.422443 5.247557 8.67
3.417935 5.262065 8.68
3.413446 5.276554 8.69
3.408972 5.291028 8.7
3.404514 5.305486 8.71
3.400071 5.319929 8.72
3.395648 5.334352 8.73
3.391237 5.348763 8.74
3.386844 5.363156 8.75
3.382465 5.377535 8.76
3.378105 5.391895 8.77
3.37376 5.406240 8.78
3.36943 5.420570 8.79
3.365115 5.434885 8.8
3.360815 5.449185 8.81
3.35653 5.463470 8.82
3.352262 5.477738 8.83
3.348008 5.491992 8.84
3.34377 5.506230 8.85
3.339546 5.520454 8.86
3.335337 5.534663 8.87
3.331141 5.548859 8.88
3.326961 5.563039 8.89
3.322796 5.577204 8.9
3.318646 5.591354 8.91
3.314508 5.605492 8.92
3.310385 5.619615 8.93
3.306279 5.633721 8.94
3.302184 5.647816 8.95
3.298103 5.661897 8.96
3.294036 5.675964 8.97
3.289985 5.690015 8.98
3.285945 5.704055 8.99
3.281919 5.718081 9.0
3.277908 5.732092 9.01
3.273908 5.746092 9.02
3.269923 5.760077 9.03
3.265952 5.774048 9.04
3.261994 5.788006 9.05
3.258049 5.801951 9.06
3.254117 5.815883 9.07
3.250197 5.829803 9.08
3.246291 5.843709 9.09
3.242397 5.857603 9.1
3.238517 5.871483 9.11
3.234648 5.885352 9.12
3.230792 5.899208 9.13
3.226948 5.913052 9.14
3.223119 5.926881 9.15
3.219299 5.940701 9.16
3.215494 5.954506 9.17
3.211699 5.968301 9.18
3.20792 5.982080 9.19
3.204149 5.995851 9.2
3.200391 6.009609 9.21
3.196645 6.023355 9.22
3.192913 6.037087 9.23
3.189191 6.050809 9.24
3.18548 6.064520 9.25
3.181782 6.078218 9.26
3.178094 6.091906 9.27
3.17442 6.105580 9.28
3.170756 6.119244 9.29
3.167103 6.132897 9.3
3.163461 6.146539 9.31
3.159832 6.160168 9.32
3.156214 6.173786 9.33
3.152605 6.187395 9.34
3.149009 6.200991 9.35
3.145425 6.214575 9.36
3.14185 6.228150 9.37
3.138286 6.241714 9.38
3.134734 6.255266 9.39
3.131193 6.268807 9.4
3.127661 6.282339 9.41
3.124141 6.295859 9.42
3.12063 6.309370 9.43
3.117132 6.322868 9.44
3.113643 6.336357 9.45
3.110165 6.349835 9.46
3.106696 6.363304 9.47
3.10324 6.376760 9.48
3.099794 6.390206 9.49
3.096356 6.403644 9.5
3.092928 6.417072 9.51
3.089512 6.430488 9.52
3.086106 6.443894 9.53
3.082708 6.457292 9.54
3.079322 6.470678 9.55
3.075944 6.484056 9.56
3.072579 6.497421 9.57
3.069222 6.510778 9.58
3.065874 6.524126 9.59
3.062535 6.537465 9.6
3.05921 6.550790 9.61
3.055891 6.564109 9.62
3.052582 6.577418 9.63
3.049281 6.590719 9.64
3.045993 6.604007 9.65
3.042713 6.617287 9.66
3.039441 6.630559 9.67
3.036179 6.643821 9.68
3.032927 6.657073 9.69
3.029686 6.670314 9.7
3.026452 6.683548 9.71
3.023226 6.696774 9.72
3.020011 6.709989 9.73
3.016803 6.723197 9.74
3.013607 6.736393 9.75
3.010417 6.749583 9.76
3.007237 6.762763 9.77
3.004067 6.775933 9.78
3.000906 6.789094 9.79
2.997751 6.802249 9.8
2.994607 6.815393 9.81
2.99147 6.828530 9.82
2.988344 6.841656 9.83
2.985224 6.854776 9.84
2.982114 6.867886 9.85
2.979013 6.880987 9.86
2.97592 6.894080 9.87
2.972834 6.907166 9.88
2.969758 6.920242 9.89
2.96669 6.933310 9.9
2.96363 6.946370 9.91
2.960579 6.959421 9.92
2.957534 6.972466 9.93
2.954499 6.985501 9.94
2.951472 6.998528 9.95
2.948452 7.011548 9.96
2.945441 7.024559 9.97
2.942438 7.037562 9.98
2.939442 7.050558 9.99
2.936454 7.063546 10.0
2.933474 7.076526 10.01
2.930502 7.089498 10.02
2.927538 7.102462 10.03
2.924582 7.115418 10.04
2.921631 7.128369 10.05
2.91869 7.141310 10.06
2.915757 7.154243 10.07
2.912831 7.167169 10.08
2.909912 7.180088 10.09
2.907 7.193000 10.1
2.904097 7.205903 10.11
2.901199 7.218801 10.12
2.89831 7.231690 10.13
2.895429 7.244571 10.14
2.892554 7.257446 10.15
2.889687 7.270313 10.16
2.886825 7.283175 10.17
2.883973 7.296027 10.18
2.881128 7.308872 10.19
2.878288 7.321712 10.2
2.875456 7.334544 10.21
2.872631 7.347369 10.22
2.869812 7.360188 10.23
2.867001 7.372999 10.24
2.864198 7.385802 10.25
2.861399 7.398601 10.26
2.858608 7.411392 10.27
2.855824 7.424176 10.28
2.853046 7.436954 10.29
2.850275 7.449725 10.3
2.847511 7.462489 10.31
2.844754 7.475246 10.32
2.842003 7.487997 10.33
2.839259 7.500741 10.34
2.836519 7.513481 10.35
2.833789 7.526211 10.36
2.831066 7.538934 10.37
2.828346 7.551654 10.38
2.825634 7.564366 10.39
2.822931 7.577069 10.4
2.820232 7.589768 10.41
2.817537 7.602463 10.42
2.814851 7.615149 10.43
2.812173 7.627827 10.44
2.8095 7.640500 10.45
2.806832 7.653168 10.46
2.80417 7.665830 10.47
2.801517 7.678483 10.48
2.798867 7.691133 10.49
2.796227 7.703773 10.5
2.793589 7.716411 10.51
2.790959 7.729041 10.52
2.788336 7.741664 10.53
2.785718 7.754282 10.54
2.783105 7.766895 10.55
2.780498 7.779502 10.56
2.7779 7.792100 10.57
2.775305 7.804695 10.58
2.772717 7.817283 10.59
2.770135 7.829865 10.6
2.767559 7.842441 10.61
2.764989 7.855011 10.62
2.762423 7.867577 10.63
2.759864 7.880136 10.64
2.757312 7.892688 10.65
2.754765 7.905235 10.66
2.752223 7.917777 10.67
2.749686 7.930314 10.68
2.747158 7.942842 10.69
2.744634 7.955366 10.7
2.742114 7.967886 10.71
2.7396 7.980400 10.72
2.737094 7.992906 10.73
2.734592 8.005408 10.74
2.732095 8.017905 10.75
2.729604 8.030396 10.76
2.727118 8.042882 10.77
2.72464 8.055360 10.78
2.722164 8.067836 10.79
2.719693 8.080307 10.8
2.71723 8.092770 10.81
2.714773 8.105227 10.82
2.71232 8.117680 10.83
2.709872 8.130128 10.84
2.70743 8.142570 10.85
2.704993 8.155007 10.86
2.702562 8.167438 10.87
2.700134 8.179866 10.88
2.697714 8.192286 10.89
2.695299 8.204701 10.9
2.692887 8.217113 10.91
2.690483 8.229517 10.92
2.688081 8.241919 10.93
2.685687 8.254313 10.94
2.683297 8.266703 10.95
2.680912 8.279088 10.96
2.678531 8.291469 10.97
2.676157 8.303843 10.98
2.673787 8.316213 10.99
2.671422 8.328578 11.0
2.669061 8.340939 11.01
2.666707 8.353293 11.02
2.664357 8.365643 11.03
2.662013 8.377987 11.04
2.659673 8.390327 11.05
2.657338 8.402662 11.06
2.655009 8.414991 11.07
2.652682 8.427318 11.08
2.650362 8.439638 11.09
2.648047 8.451953 11.1
2.645735 8.464265 11.11
2.643428 8.476572 11.12
2.641127 8.488873 11.13
2.638833 8.501167 11.14
2.636541 8.513459 11.15
2.634253 8.525747 11.16
2.631969 8.538031 11.17
2.629693 8.550307 11.18
2.627419 8.562581 11.19
2.625151 8.574849 11.2
2.622887 8.587113 11.21
2.620627 8.599373 11.22
2.618374 8.611626 11.23
2.616122 8.623878 11.24
2.613878 8.636122 11.25
2.611637 8.648363 11.26
2.6094 8.660600 11.27
2.607168 8.672832 11.28
2.604941 8.685059 11.29
2.602719 8.697281 11.3
2.6005 8.709500 11.31
2.598286 8.721714 11.32
2.596076 8.733924 11.33
2.593871 8.746129 11.34
2.591668 8.758332 11.35
2.589474 8.770526 11.36
2.587282 8.782718 11.37
2.585094 8.794906 11.38
2.582909 8.807091 11.39
2.580732 8.819268 11.4
2.578556 8.831444 11.41
2.576386 8.843614 11.42
2.57422 8.855780 11.43
2.572058 8.867942 11.44
2.569901 8.880099 11.45
2.567748 8.892252 11.46
2.565598 8.904402 11.47
2.563453 8.916547 11.48
2.561312 8.928688 11.49
2.559175 8.940825 11.5
2.557042 8.952958 11.51
2.554913 8.965087 11.52
2.552789 8.977211 11.53
2.55067 8.989330 11.54
2.548551 9.001449 11.55
2.54644 9.013560 11.56
2.544333 9.025667 11.57
2.542229 9.037771 11.58
2.540128 9.049872 11.59
2.538031 9.061969 11.6
2.53594 9.074060 11.61
2.533853 9.086147 11.62
2.531767 9.098233 11.63
2.529687 9.110313 11.64
2.527612 9.122388 11.65
2.525539 9.134461 11.66
2.523471 9.146529 11.67
2.521405 9.158595 11.68
2.519347 9.170653 11.69
2.517288 9.182712 11.7
2.515235 9.194765 11.71
2.513186 9.206814 11.72
2.511142 9.218858 11.73
2.509099 9.230901 11.74
2.507061 9.242939 11.75
2.505027 9.254973 11.76
2.502997 9.267003 11.77
2.500972 9.279028 11.78
2.498949 9.291051 11.79
2.496929 9.303071 11.8
2.494915 9.315085 11.81
2.492905 9.327095 11.82
2.490895 9.339105 11.83
2.48889 9.351110 11.84
2.486892 9.363108 11.85
2.484895 9.375105 11.86
2.482902 9.387098 11.87
2.480911 9.399089 11.88
2.478925 9.411075 11.89
2.476944 9.423056 11.9
2.474966 9.435034 11.91
2.47299 9.447010 11.92
2.471019 9.458981 11.93
2.469051 9.470949 11.94
2.467086 9.482914 11.95
2.465125 9.494875 11.96
2.463167 9.506833 11.97
2.461216 9.518784 11.98
2.459264 9.530736 11.99
2.457318 9.542682 12.0
2.455373 9.554627 12.01
2.453433 9.566567 12.02
2.451499 9.578501 12.03
2.449566 9.590434 12.04
2.447635 9.602365 12.05
2.445709 9.614291 12.06
2.443787 9.626213 12.07
2.441866 9.638134 12.08
2.439951 9.650049 12.09
2.438037 9.661963 12.1
2.436129 9.673871 12.11
2.434222 9.685778 12.12
2.43232 9.697680 12.13
2.430421 9.709579 12.14
2.428524 9.721476 12.15
2.426631 9.733369 12.16
2.424742 9.745258 12.17
2.422856 9.757144 12.18
2.420973 9.769027 12.19
2.419095 9.780905 12.2
2.417218 9.792782 12.21
2.415344 9.804656 12.22
2.413475 9.816525 12.23
2.411608 9.828392 12.24
2.409744 9.840256 12.25
2.407884 9.852116 12.26
2.406027 9.863973 12.27
2.404172 9.875828 12.28
2.402321 9.887679 12.29
2.400476 9.899524 12.3
2.398632 9.911368 12.31
2.39679 9.923210 12.32
2.394954 9.935046 12.33
2.393118 9.946882 12.34
2.391287 9.958713 12.35
2.38946 9.970540 12.36
2.387632 9.982368 12.37
2.385812 9.994188 12.38
2.383994 10.006006 12.39
2.382178 10.017822 12.4
2.380367 10.029633 12.41
2.378556 10.041444 12.42
2.376751 10.053249 12.43
2.374949 10.065051 12.44
2.373149 10.076851 12.45
2.371351 10.088649 12.46
2.369559 10.100441 12.47
2.36777 10.112230 12.48
2.365982 10.124018 12.49
2.364198 10.135802 12.5
2.362418 10.147582 12.51
2.360639 10.159361 12.52
2.358865 10.171135 12.53
2.357094 10.182906 12.54
2.355326 10.194674 12.55
2.353561 10.206439 12.56
2.3518 10.218200 12.57
2.350042 10.229958 12.58
2.348286 10.241714 12.59
2.346532 10.253468 12.6
2.344785 10.265215 12.61
2.34304 10.276960 12.62
2.341295 10.288705 12.63
2.339555 10.300445 12.64
2.337819 10.312181 12.65
2.336085 10.323915 12.66
2.334355 10.335645 12.67
2.332629 10.347371 12.68
2.330905 10.359095 12.69
2.329184 10.370816 12.7
2.327464 10.382536 12.71
2.325749 10.394251 12.72
2.324037 10.405963 12.73
2.322329 10.417671 12.74
2.320622 10.429378 12.75
2.318919 10.441081 12.76
2.317218 10.452782 12.77
2.315522 10.464478 12.78
2.313828 10.476172 12.79
2.312135 10.487865 12.8
2.310446 10.499554 12.81
2.30876 10.511240 12.82
2.307078 10.522922 12.83
2.305397 10.534603 12.84
2.303722 10.546278 12.85
2.302046 10.557954 12.86
2.300374 10.569626 12.87
2.298708 10.581292 12.88
2.297041 10.592959 12.89
2.29538 10.604620 12.9
2.293721 10.616279 12.91
2.292063 10.627937 12.92
2.290407 10.639593 12.93
2.288757 10.651243 12.94
2.28711 10.662890 12.95
2.285463 10.674537 12.96
2.28382 10.686180 12.97
2.28218 10.697820 12.98
2.280543 10.709457 12.99
2.278909 10.721091 13.0
2.277276 10.732724 13.01
2.275647 10.744353 13.02
2.274021 10.755979 13.03
2.272398 10.767602 13.04
2.270778 10.779222 13.05
2.269158 10.790842 13.06
2.267543 10.802457 13.07
2.26593 10.814070 13.08
2.264319 10.825681 13.09
2.262711 10.837289 13.1
2.261108 10.848892 13.11
2.259504 10.860496 13.12
2.257906 10.872094 13.13
2.25631 10.883690 13.14
2.254718 10.895282 13.15
2.253123 10.906877 13.16
2.251535 10.918465 13.17
2.249948 10.930052 13.18
2.248366 10.941634 13.19
2.246785 10.953215 13.2
2.245207 10.964793 13.21
2.243634 10.976366 13.22
2.242059 10.987941 13.23
2.240488 10.999512 13.24
2.238921 11.011079 13.25
2.237354 11.022646 13.26
2.235791 11.034209 13.27
2.234232 11.045768 13.28
2.232675 11.057325 13.29
2.231119 11.068881 13.3
2.229567 11.080433 13.31
2.228018 11.091982 13.32
2.226472 11.103528 13.33
2.224924 11.115076 13.34
2.223382 11.126618 13.35
2.221841 11.138159 13.36
2.220304 11.149696 13.37
2.218769 11.161231 13.38
2.217236 11.172764 13.39
2.215709 11.184291 13.4
2.214178 11.195822 13.41
2.212656 11.207344 13.42
2.211132 11.218868 13.43
2.209613 11.230387 13.44
2.208093 11.241907 13.45
2.206577 11.253423 13.46
2.205065 11.264935 13.47
2.203555 11.276445 13.48
2.202048 11.287952 13.49
2.200542 11.299458 13.5
2.199038 11.310962 13.51
2.197538 11.322462 13.52
2.196041 11.333959 13.53
2.194543 11.345457 13.54
2.193049 11.356951 13.55
2.191557 11.368443 13.56
2.19007 11.379930 13.57
2.188583 11.391417 13.58
2.187099 11.402901 13.59
2.185618 11.414382 13.6
2.184138 11.425862 13.61
2.182661 11.437339 13.62
2.181186 11.448814 13.63
2.179713 11.460287 13.64
2.178242 11.471758 13.65
2.176776 11.483224 13.66
2.175308 11.494692 13.67
2.173846 11.506154 13.68
2.172384 11.517616 13.69
2.170925 11.529075 13.7
2.169469 11.540531 13.71
2.168014 11.551986 13.72
2.166563 11.563437 13.73
2.165114 11.574886 13.74
2.163666 11.586334 13.75
2.16222 11.597780 13.76
2.160777 11.609223 13.77
2.159338 11.620662 13.78
2.157899 11.632101 13.79
2.156462 11.643538 13.8
2.155028 11.654972 13.81
2.153596 11.666404 13.82
2.152166 11.677834 13.83
2.15074 11.689260 13.84
2.149315 11.700685 13.85
2.147891 11.712109 13.86
2.14647 11.723530 13.87
2.145052 11.734948 13.88
2.143634 11.746366 13.89
2.142222 11.757778 13.9
2.140807 11.769193 13.91
2.139398 11.780602 13.92
2.13799 11.792010 13.93
2.136585 11.803415 13.94
2.135183 11.814817 13.95
2.133779 11.826221 13.96
2.13238 11.837620 13.97
2.130983 11.849017 13.98
2.129588 11.860412 13.99
2.128195 11.871805 14.0
2.126805 11.883195 14.01
2.125416 11.894584 14.02
2.124028 11.905972 14.03
2.122644 11.917356 14.04
2.121261 11.928739 14.05
2.11988 11.940120 14.06
2.118503 11.951497 14.07
2.117129 11.962871 14.08
2.115754 11.974246 14.09
2.11438 11.985620 14.1
2.113008 11.996992 14.11
2.111644 12.008356 14.12
2.110276 12.019724 14.13
2.108914 12.031086 14.14
2.107553 12.042447 14.15
2.106193 12.053807 14.16
2.104833 12.065167 14.17
2.103478 12.076522 14.18
2.102126 12.087874 14.19
2.100772 12.099228 14.2
2.099421 12.110579 14.21
2.098074 12.121926 14.22
2.096729 12.133271 14.23
2.095385 12.144615 14.24
2.094043 12.155957 14.25
2.092704 12.167296 14.26
2.091363 12.178637 14.27
2.090028 12.189972 14.28
2.088696 12.201304 14.29
2.087363 12.212637 14.3
2.086031 12.223969 14.31
2.084706 12.235294 14.32
2.083378 12.246622 14.33
2.082055 12.257945 14.34
2.080731 12.269269 14.35
2.079412 12.280588 14.36
2.078094 12.291906 14.37
2.076777 12.303223 14.38
2.075462 12.314538 14.39
2.074151 12.325849 14.4
2.072838 12.337162 14.41
2.071528 12.348472 14.42
2.070223 12.359777 14.43
2.068921 12.371079 14.44
2.067613 12.382387 14.45
2.066314 12.393686 14.46
2.065013 12.404987 14.47
2.063717 12.416283 14.48
2.062421 12.427579 14.49
2.061128 12.438872 14.5
2.059834 12.450166 14.51
2.058543 12.461457 14.52
2.057256 12.472744 14.53
2.055969 12.484031 14.54
2.054684 12.495316 14.55
2.053401 12.506599 14.56
2.052121 12.517879 14.57
2.050843 12.529157 14.58
2.049564 12.540436 14.59
2.048287 12.551713 14.6
2.047016 12.562984 14.61
2.045743 12.574257 14.62
2.044473 12.585527 14.63
2.043207 12.596793 14.64
2.041939 12.608061 14.65
2.040673 12.619327 14.66
2.039411 12.630589 14.67
2.038151 12.641849 14.68
2.036891 12.653109 14.69
2.035633 12.664367 14.7
2.034377 12.675623 14.71
2.033123 12.686877 14.72
2.031871 12.698129 14.73
2.030623 12.709377 14.74
2.029372 12.720628 14.75
2.028126 12.731874 14.76
2.02688 12.743120 14.77
2.025637 12.754363 14.78
2.024394 12.765606 14.79
2.023154 12.776846 14.8
2.021916 12.788084 14.81
2.02068 12.799320 14.82
2.019445 12.810555 14.83
2.018212 12.821788 14.84
2.01698 12.833020 14.85
2.015751 12.844249 14.86
2.014524 12.855476 14.87
2.013297 12.866703 14.88
2.012073 12.877927 14.89
2.010849 12.889151 14.9
2.009629 12.900371 14.91
2.008408 12.911592 14.92
2.00719 12.922810 14.93
2.005975 12.934025 14.94
2.004761 12.945239 14.95
2.003549 12.956451 14.96
2.002335 12.967665 14.97
2.001128 12.978872 14.98
1.99992 12.990080 14.99
1.998713 13.001287 15.0
1.997511 13.012489 15.01
1.996306 13.023694 15.02
1.995106 13.034894 15.03
1.993907 13.046093 15.04
1.992708 13.057292 15.05
1.991511 13.068489 15.06
1.990318 13.079682 15.07
1.989123 13.090877 15.08
1.987933 13.102067 15.09
1.986741 13.113259 15.1
1.985555 13.124445 15.11
1.984368 13.135632 15.12
1.983184 13.146816 15.13
1.982001 13.157999 15.14
1.98082 13.169180 15.15
1.97964 13.180360 15.16
1.978461 13.191539 15.17
1.977281 13.202719 15.18
1.976109 13.213891 15.19
1.974935 13.225065 15.2
1.973762 13.236238 15.21
1.972591 13.247409 15.22
1.971423 13.258577 15.23
1.970255 13.269745 15.24
1.969088 13.280912 15.25
1.967925 13.292075 15.26
1.96676 13.303240 15.27
1.9656 13.314400 15.28
1.964441 13.325559 15.29
1.963285 13.336715 15.3
1.962126 13.347874 15.31
1.960974 13.359026 15.32
1.959818 13.370182 15.33
1.958667 13.381333 15.34
1.957515 13.392485 15.35
1.956369 13.403631 15.36
1.955221 13.414779 15.37
1.954074 13.425926 15.38
1.95293 13.437070 15.39
1.951787 13.448213 15.4
1.950644 13.459356 15.41
1.949505 13.470495 15.42
1.948367 13.481633 15.43
1.94723 13.492770 15.44
1.946097 13.503903 15.45
1.944962 13.515038 15.46
1.94383 13.526170 15.47
1.942699 13.537301 15.48
1.941571 13.548429 15.49
1.940442 13.559558 15.5
1.939317 13.570683 15.51
1.938191 13.581809 15.52
1.937068 13.592932 15.53
1.935947 13.604053 15.54
1.934826 13.615174 15.55
1.933708 13.626292 15.56
1.932589 13.637411 15.57
1.931474 13.648526 15.58
1.93036 13.659640 15.59
1.929245 13.670755 15.6
1.928136 13.681864 15.61
1.927023 13.692977 15.62
1.925916 13.704084 15.63
1.924807 13.715193 15.64
1.923703 13.726297 15.65
1.922598 13.737402 15.66
1.921495 13.748505 15.67
1.920394 13.759606 15.68
1.919293 13.770707 15.69
1.918195 13.781805 15.7
1.917097 13.792903 15.71
1.916001 13.803999 15.72
1.914909 13.815091 15.73
1.913815 13.826185 15.74
1.912723 13.837277 15.75
1.911632 13.848368 15.76
1.910541 13.859459 15.77
1.909456 13.870544 15.78
1.908369 13.881631 15.79
1.907285 13.892715 15.8
1.906201 13.903799 15.81
1.905119 13.914881 15.82
1.904039 13.925961 15.83
1.90296 13.937040 15.84
1.901883 13.948117 15.85
1.900807 13.959193 15.86
1.899732 13.970268 15.87
1.898659 13.981341 15.88
1.897586 13.992414 15.89
1.896518 14.003482 15.9
1.895446 14.014554 15.91
1.894379 14.025621 15.92
1.893309 14.036691 15.93
1.892247 14.047753 15.94
1.891182 14.058818 15.95
1.890119 14.069881 15.96
1.889057 14.080943 15.97
1.887997 14.092003 15.98
1.886939 14.103061 15.99
1.885881 14.114119 16.0
1.884827 14.125173 16.01
1.88377 14.136230 16.02
1.882716 14.147284 16.03
1.881665 14.158335 16.04
1.880615 14.169385 16.05
1.879567 14.180433 16.06
1.878519 14.191481 16.07
1.877469 14.202531 16.08
1.876427 14.213573 16.09
1.875382 14.224618 16.1
1.874338 14.235662 16.11
1.873297 14.246703 16.12
1.872258 14.257742 16.13
1.87122 14.268780 16.14
1.870181 14.279819 16.15
1.869145 14.290855 16.16
1.86811 14.301890 16.17
1.867076 14.312924 16.18
1.866043 14.323957 16.19
1.865013 14.334987 16.2
1.863986 14.346014 16.21
1.862954 14.357046 16.22
1.861928 14.368072 16.23
1.860901 14.379099 16.24
1.859877 14.390123 16.25
1.858852 14.401148 16.26
1.857831 14.412169 16.27
1.856808 14.423192 16.28
1.855792 14.434208 16.29
1.854773 14.445227 16.3
1.853756 14.456244 16.31
1.852739 14.467261 16.32
1.851726 14.478274 16.33
1.850713 14.489287 16.34
1.8497 14.500300 16.35
1.848688 14.511312 16.36
1.847678 14.522322 16.37
1.846671 14.533329 16.38
1.845665 14.544335 16.39
1.844658 14.555342 16.4
1.843653 14.566347 16.41
1.842648 14.577352 16.42
1.841651 14.588349 16.43
1.840649 14.599351 16.44
1.839647 14.610353 16.45
1.838651 14.621349 16.46
1.837653 14.632347 16.47
1.836657 14.643343 16.48
1.83566 14.654340 16.49
1.834667 14.665333 16.5
1.833674 14.676326 16.51
1.832683 14.687317 16.52
1.831691 14.698309 16.53
1.830705 14.709295 16.54
1.829719 14.720281 16.55
1.828731 14.731269 16.56
1.827745 14.742255 16.57
1.826762 14.753238 16.58
1.82578 14.764220 16.59
1.824798 14.775202 16.6
1.823817 14.786183 16.61
1.822838 14.797162 16.62
1.821862 14.808138 16.63
1.820883 14.819117 16.64
1.819908 14.830092 16.65
1.818934 14.841066 16.66
1.817959 14.852041 16.67
1.816988 14.863012 16.68
1.816018 14.873982 16.69
1.815047 14.884953 16.7
1.814079 14.895921 16.71
1.813111 14.906889 16.72
1.812145 14.917855 16.73
1.81118 14.928820 16.74
1.810216 14.939784 16.75
1.809251 14.950749 16.76
1.808289 14.961711 16.77
1.807329 14.972671 16.78
1.80637 14.983630 16.79
1.805411 14.994589 16.8
1.804458 15.005542 16.81
1.8035 15.016500 16.82
1.802545 15.027455 16.83
1.801587 15.038413 16.84
1.800637 15.049363 16.85
1.799687 15.060313 16.86
1.798736 15.071264 16.87
1.797787 15.082213 16.88
1.796839 15.093161 16.89
1.795891 15.104109 16.9
1.794947 15.115053 16.91
1.794 15.126000 16.92
1.793056 15.136944 16.93
1.792116 15.147884 16.94
1.791173 15.158827 16.95
1.790235 15.169765 16.96
1.789293 15.180707 16.97
1.788358 15.191642 16.98
1.787419 15.202581 16.99
1.786481 15.213519 17.0
1.785548 15.224452 17.01
1.784613 15.235387 17.02
1.783683 15.246317 17.03
1.782749 15.257251 17.04
1.781823 15.268177 17.05
1.780892 15.279108 17.06
1.779964 15.290036 17.07
1.779037 15.300963 17.08
1.778108 15.311892 17.09
1.777184 15.322816 17.1
1.776261 15.333739 17.11
1.775337 15.344663 17.12
1.77442 15.355580 17.13
1.773497 15.366503 17.14
1.772577 15.377423 17.15
1.771656 15.388344 17.16
1.770739 15.399261 17.17
1.769824 15.410176 17.18
1.76891 15.421090 17.19
1.767992 15.432008 17.2
1.767082 15.442918 17.21
1.766168 15.453832 17.22
1.765257 15.464743 17.23
1.764346 15.475654 17.24
1.763438 15.486562 17.25
1.76253 15.497470 17.26
1.761625 15.508375 17.27
1.760716 15.519284 17.28
1.759812 15.530188 17.29
1.758909 15.541091 17.3
1.758006 15.551994 17.31
1.757104 15.562896 17.32
1.756202 15.573798 17.33
1.755302 15.584698 17.34
1.754404 15.595596 17.35
1.753508 15.606492 17.36
1.752608 15.617392 17.37
1.751715 15.628285 17.38
1.750821 15.639179 17.39
1.749927 15.650073 17.4
1.749035 15.660965 17.41
1.748143 15.671857 17.42
1.747252 15.682748 17.43
1.74636 15.693640 17.44
1.745473 15.704527 17.45
1.744587 15.715413 17.46
1.743699 15.726301 17.47
1.742815 15.737185 17.48
1.741929 15.748071 17.49
1.741046 15.758954 17.5
1.740164 15.769836 17.51
1.739281 15.780719 17.52
1.738401 15.791599 17.53
1.737521 15.802479 17.54
1.736645 15.813355 17.55
1.735765 15.824235 17.56
1.73489 15.835110 17.57
1.734014 15.845986 17.58
1.73314 15.856860 17.59
1.732264 15.867736 17.6
1.731391 15.878609 17.61
1.730518 15.889482 17.62
1.72965 15.900350 17.63
1.72878 15.911220 17.64
1.72791 15.922090 17.65
1.727043 15.932957 17.66
1.726178 15.943822 17.67
1.725311 15.954689 17.68
1.724446 15.965554 17.69
1.72358 15.976420 17.7
1.72272 15.987280 17.71
1.721858 15.998142 17.72
1.720997 16.009003 17.73
1.720135 16.019865 17.74
1.719276 16.030724 17.75
1.718418 16.041582 17.76
1.717561 16.052439 17.77
1.716703 16.063297 17.78
1.715846 16.074154 17.79
1.714997 16.085003 17.8
1.71414 16.095860 17.81
1.713288 16.106712 17.82
1.712437 16.117563 17.83
1.711584 16.128416 17.84
1.710735 16.139265 17.85
1.709884 16.150116 17.86
1.709041 16.160959 17.87
1.708192 16.171808 17.88
1.707343 16.182657 17.89
1.706501 16.193499 17.9
1.705656 16.204344 17.91
1.704813 16.215187 17.92
1.703968 16.226032 17.93
1.703126 16.236874 17.94
1.702289 16.247711 17.95
1.701449 16.258551 17.96
1.700612 16.269388 17.97
1.699772 16.280228 17.98
1.698935 16.291065 17.99
1.698097 16.301903 18.0
1.697263 16.312737 18.01
1.69643 16.323570 18.02
1.695596 16.334404 18.03
1.694764 16.345236 18.04
1.693932 16.356068 18.05
1.693102 16.366898 18.06
1.692272 16.377728 18.07
1.691443 16.388557 18.08
1.690615 16.399385 18.09
1.689788 16.410212 18.1
1.688962 16.421038 18.11
1.688136 16.431864 18.12
1.687314 16.442686 18.13
1.68649 16.453510 18.14
1.685667 16.464333 18.15
1.684843 16.475157 18.16
1.684025 16.485975 18.17
1.683202 16.496798 18.18
1.682382 16.507618 18.19
1.681565 16.518435 18.2
1.680751 16.529249 18.21
1.679932 16.540068 18.22
1.679118 16.550882 18.23
1.678303 16.561697 18.24
1.67749 16.572510 18.25
1.676677 16.583323 18.26
1.675863 16.594137 18.27
1.675052 16.604948 18.28
1.674241 16.615759 18.29
1.673434 16.626566 18.3
1.672623 16.637377 18.31
1.671816 16.648184 18.32
1.671007 16.658993 18.33
1.670204 16.669796 18.34
1.669399 16.680601 18.35
1.668592 16.691408 18.36
1.667789 16.702211 18.37
1.666989 16.713011 18.38
1.666186 16.723814 18.39
1.665383 16.734617 18.4
1.664581 16.745419 18.41
1.663784 16.756216 18.42
1.662985 16.767015 18.43
1.662187 16.777813 18.44
1.661391 16.788609 18.45
1.660596 16.799404 18.46
1.6598 16.810200 18.47
1.659007 16.820993 18.48
1.658213 16.831787 18.49
1.657421 16.842579 18.5
1.656629 16.853371 18.51
1.655836 16.864164 18.52
1.655048 16.874952 18.53
1.654256 16.885744 18.54
1.653472 16.896528 18.55
1.652682 16.907318 18.56
1.651894 16.918106 18.57
1.65111 16.928890 18.58
1.650322 16.939678 18.59
1.649538 16.950462 18.6
1.648754 16.961246 18.61
1.647969 16.972031 18.62
1.647191 16.982809 18.63
1.646409 16.993591 18.64
1.64563 17.004370 18.65
1.64485 17.015150 18.66
1.644068 17.025932 18.67
1.643293 17.036707 18.68
1.642513 17.047487 18.69
1.641738 17.058262 18.7
1.640964 17.069036 18.71
1.640189 17.079811 18.72
1.639414 17.090586 18.73
1.638642 17.101358 18.74
1.637869 17.112131 18.75
1.637096 17.122904 18.76
1.636325 17.133675 18.77
1.635555 17.144445 18.78
1.634788 17.155212 18.79
1.634019 17.165981 18.8
1.633252 17.176748 18.81
1.632485 17.187515 18.82
1.63172 17.198280 18.83
1.630955 17.209045 18.84
1.630188 17.219812 18.85
1.629426 17.230574 18.86
1.628663 17.241337 18.87
1.627902 17.252098 18.88
1.627139 17.262861 18.89
1.626381 17.273619 18.9
1.62562 17.284380 18.91
1.624861 17.295139 18.92
1.624101 17.305899 18.93
1.623344 17.316656 18.94
1.622588 17.327412 18.95
1.621835 17.338165 18.96
1.621079 17.348921 18.97
1.620324 17.359676 18.98
1.619572 17.370428 18.99
1.618816 17.381184 19.0
1.618065 17.391935 19.01
1.617313 17.402687 19.02
1.616563 17.413437 19.03
1.615811 17.424189 19.04
1.615065 17.434935 19.05
1.614316 17.445684 19.06
1.613568 17.456432 19.07
1.61282 17.467180 19.08
1.612076 17.477924 19.09
1.61133 17.488670 19.1
1.610586 17.499414 19.11
1.609841 17.510159 19.12
1.609101 17.520899 19.13
1.608357 17.531643 19.14
1.607615 17.542385 19.15
1.606875 17.553125 19.16
1.606132 17.563868 19.17
1.605396 17.574604 19.18
1.604656 17.585344 19.19
1.603919 17.596081 19.2
1.603185 17.606815 19.21
1.602448 17.617552 19.22
1.60171 17.628290 19.23
1.600973 17.639027 19.24
1.600243 17.649757 19.25
1.599508 17.660492 19.26
1.598775 17.671225 19.27
1.598045 17.681955 19.28
1.597312 17.692688 19.29
1.596581 17.703419 19.3
1.595854 17.714146 19.31
1.595124 17.724876 19.32
1.594395 17.735605 19.33
1.593668 17.746332 19.34
1.592943 17.757057 19.35
1.592216 17.767784 19.36
1.591491 17.778509 19.37
1.590768 17.789232 19.38
1.590043 17.799957 19.39
1.589318 17.810682 19.4
1.588596 17.821404 19.41
1.587871 17.832129 19.42
1.587154 17.842846 19.43
1.586433 17.853567 19.44
1.585714 17.864286 19.45
1.584994 17.875006 19.46
1.584277 17.885723 19.47
1.583559 17.896441 19.48
1.582842 17.907158 19.49
1.582127 17.917873 19.5
1.581411 17.928589 19.51
1.580698 17.939302 19.52
1.579984 17.950016 19.53
1.579268 17.960732 19.54
1.578559 17.971441 19.55
1.577845 17.982155 19.56
1.577135 17.992865 19.57
1.576426 18.003574 19.58
1.575716 18.014284 19.59
1.575008 18.024992 19.6
1.574294 18.035706 19.61
1.57359 18.046410 19.62
1.572884 18.057116 19.63
1.572178 18.067822 19.64
1.571473 18.078527 19.65
1.570765 18.089235 19.66
1.570061 18.099939 19.67
1.569359 18.110641 19.68
1.568656 18.121344 19.69
1.567956 18.132044 19.7
1.567256 18.142744 19.71
1.566554 18.153446 19.72
1.565854 18.164146 19.73
1.565157 18.174843 19.74
1.564455 18.185545 19.75
1.563757 18.196243 19.76
1.563058 18.206942 19.77
1.562362 18.217638 19.78
1.561666 18.228334 19.79
1.560973 18.239027 19.8
1.560278 18.249722 19.81
1.559584 18.260416 19.82
1.558891 18.271109 19.83
1.558199 18.281801 19.84
1.557508 18.292492 19.85
1.556815 18.303185 19.86
1.556125 18.313875 19.87
1.555434 18.324566 19.88
1.554745 18.335255 19.89
1.55406 18.345940 19.9
1.55337 18.356630 19.91
1.552683 18.367317 19.92
1.551998 18.378002 19.93
1.551311 18.388689 19.94
1.550624 18.399376 19.95
1.549943 18.410057 19.96
1.549254 18.420746 19.97
1.548573 18.431427 19.98
1.547892 18.442108 19.99
1.547211 18.452789 20.0
