# 100.1 deg
6.144574 0.005426 6.15
6.059176 0.100824 6.16
5.971578 0.198422 6.17
5.902794 0.277206 6.18
5.844634 0.345366 6.19
5.79319 0.406810 6.2
5.746489 0.463511 6.21
5.703403 0.516597 6.22
5.663185 0.566815 6.23
5.625341 0.614659 6.24
5.589507 0.660493 6.25
5.555394 0.704606 6.26
5.522797 0.747203 6.27
5.491541 0.788459 6.28
5.461483 0.828517 6.29
5.432506 0.867494 6.3
5.404515 0.905485 6.31
5.377419 0.942581 6.32
5.351156 0.978844 6.33
5.325652 1.014348 6.34
5.300862 1.049138 6.35
5.276728 1.083272 6.36
5.253216 1.116784 6.37
5.230278 1.149722 6.38
5.207886 1.182114 6.39
5.186006 1.213994 6.4
5.164608 1.245392 6.41
5.143671 1.276329 6.42
5.123169 1.306831 6.43
5.103079 1.336921 6.44
5.083384 1.366616 6.45
5.064063 1.395937 6.46
5.045101 1.424899 6.47
5.026481 1.453519 6.48
5.008191 1.481809 6.49
4.990212 1.509788 6.5
4.972536 1.537464 6.51
4.955151 1.564849 6.52
4.938044 1.591956 6.53
4.921206 1.618794 6.54
4.904628 1.645372 6.55
4.888299 1.671701 6.56
4.872211 1.697789 6.57
4.856356 1.723644 6.58
4.840727 1.749273 6.59
4.825315 1.774685 6.6
4.810113 1.799887 6.61
4.795119 1.824881 6.62
4.78032 1.849680 6.63
4.765715 1.874285 6.64
4.751295 1.898705 6.65
4.737059 1.922941 6.66
4.722997 1.947003 6.67
4.709108 1.970892 6.68
4.695384 1.994616 6.69
4.681825 2.018175 6.7
4.668422 2.041578 6.71
4.655174 2.064826 6.72
4.642074 2.087926 6.73
4.629123 2.110877 6.74
4.616313 2.133687 6.75
4.603642 2.156358 6.76
4.591108 2.178892 6.77
4.578706 2.201294 6.78
4.566436 2.223564 6.79
4.55429 2.245710 6.8
4.54227 2.267730 6.81
4.530369 2.289631 6.82
4.518587 2.311413 6.83
4.506922 2.333078 6.84
4.49537 2.354630 6.85
4.483928 2.376072 6.86
4.472597 2.397403 6.87
4.461371 2.418629 6.88
4.450249 2.439751 6.89
4.439231 2.460769 6.9
4.428311 2.481689 6.91
4.417494 2.502506 6.92
4.406769 2.523231 6.93
4.396141 2.543859 6.94
4.385605 2.564395 6.95
4.375159 2.584841 6.96
4.364805 2.605195 6.97
4.354537 2.625463 6.98
4.344357 2.645643 6.99
4.334259 2.665741 7.0
4.324247 2.685753 7.01
4.314316 2.705684 7.02
4.304465 2.725535 7.03
4.294693 2.745307 7.04
4.284999 2.765001 7.05
4.275383 2.784617 7.06
4.26584 2.804160 7.07
4.256372 2.823628 7.08
4.246977 2.843023 7.09
4.237654 2.862346 7.1
4.2284 2.881600 7.11
4.219216 2.900784 7.12
4.210101 2.919899 7.13
4.201054 2.938946 7.14
4.192071 2.957929 7.15
4.183155 2.976845 7.16
4.174302 2.995698 7.17
4.165514 3.014486 7.18
4.156787 3.033213 7.19
4.148122 3.051878 7.2
4.139517 3.070483 7.21
4.130974 3.089026 7.22
4.122488 3.107512 7.23
4.114059 3.125941 7.24
4.105689 3.144311 7.25
4.097376 3.162624 7.26
4.089117 3.180883 7.27
4.080913 3.199087 7.28
4.072765 3.217235 7.29
4.064668 3.235332 7.3
4.056625 3.253375 7.31
4.048635 3.271365 7.32
4.040695 3.289305 7.33
4.032806 3.307194 7.34
4.024968 3.325032 7.35
4.017178 3.342822 7.36
4.009438 3.360562 7.37
4.001746 3.378254 7.38
3.994101 3.395899 7.39
3.986503 3.413497 7.4
3.978953 3.431047 7.41
3.971448 3.448552 7.42
3.963989 3.466011 7.43
3.956573 3.483427 7.44
3.949201 3.500799 7.45
3.941872 3.518128 7.46
3.934589 3.535411 7.47
3.927347 3.552653 7.48
3.920149 3.569851 7.49
3.912989 3.587011 7.5
3.905871 3.604129 7.51
3.898797 3.621203 7.52
3.891763 3.638237 7.53
3.884767 3.655233 7.54
3.877812 3.672188 7.55
3.870893 3.689107 7.56
3.864013 3.705987 7.57
3.857174 3.722826 7.58
3.85037 3.739630 7.59
3.843605 3.756395 7.6
3.836875 3.773125 7.61
3.830184 3.789816 7.62
3.823527 3.806473 7.63
3.816906 3.823094 7.64
3.810322 3.839678 7.65
3.803772 3.856228 7.66
3.797256 3.872744 7.67
3.790775 3.889225 7.68
3.784326 3.905674 7.69
3.777913 3.922087 7.7
3.771532 3.938468 7.71
3.765184 3.954816 7.72
3.758869 3.971131 7.73
3.752587 3.987413 7.74
3.746334 4.003666 7.75
3.740115 4.019885 7.76
3.733926 4.036074 7.77
3.72777 4.052230 7.78
3.721642 4.068358 7.79
3.715546 4.084454 7.8
3.70948 4.100520 7.81
3.703443 4.116557 7.82
3.697437 4.132563 7.83
3.691459 4.148541 7.84
3.68551 4.164490 7.85
3.679591 4.180409 7.86
3.673698 4.196302 7.87
3.667837 4.212163 7.88
3.661999 4.228001 7.89
3.656193 4.243807 7.9
3.650412 4.259588 7.91
3.644658 4.275342 7.92
3.638933 4.291067 7.93
3.633232 4.306768 7.94
3.627561 4.322439 7.95
3.621913 4.338087 7.96
3.616292 4.353708 7.97
3.610696 4.369304 7.98
3.605127 4.384873 7.99
3.599583 4.400417 8.0
3.594064 4.415936 8.01
3.588568 4.431432 8.02
3.583099 4.446901 8.03
3.577653 4.462347 8.04
3.572231 4.477769 8.05
3.566834 4.493166 8.06
3.561462 4.508538 8.07
3.556112 4.523888 8.08
3.550785 4.539215 8.09
3.545481 4.554519 8.1
3.540204 4.569796 8.11
3.534945 4.585055 8.12
3.529711 4.600289 8.13
3.524499 4.615501 8.14
3.51931 4.630690 8.15
3.514142 4.645858 8.16
3.508996 4.661004 8.17
3.503872 4.676128 8.18
3.498772 4.691228 8.19
3.493691 4.706309 8.2
3.488631 4.721369 8.21
3.48359 4.736410 8.22
3.478576 4.751424 8.23
3.473578 4.766422 8.24
3.468601 4.781399 8.25
3.463645 4.796355 8.26
3.45871 4.811290 8.27
3.453795 4.826205 8.28
3.4489 4.841100 8.29
3.444024 4.855976 8.3
3.439168 4.870832 8.31
3.434331 4.885669 8.32
3.429516 4.900484 8.33
3.424717 4.915283 8.34
3.419939 4.930061 8.35
3.415181 4.944819 8.36
3.410439 4.959561 8.37
3.405716 4.974284 8.38
3.401013 4.988987 8.39
3.396328 5.003672 8.4
3.391661 5.018339 8.41
3.387012 5.032988 8.42
3.382381 5.047619 8.43
3.377768 5.062232 8.44
3.373174 5.076826 8.45
3.368597 5.091403 8.46
3.364035 5.105965 8.47
3.359494 5.120506 8.48
3.354969 5.135031 8.49
3.35046 5.149540 8.5
3.345968 5.164032 8.51
3.341493 5.178507 8.52
3.337036 5.192964 8.53
3.332596 5.207404 8.54
3.328171 5.221829 8.55
3.323762 5.236238 8.56
3.319371 5.250629 8.57
3.314996 5.265004 8.58
3.310636 5.279364 8.59
3.306292 5.293708 8.6
3.301966 5.308034 8.61
3.297655 5.322345 8.62
3.293358 5.336642 8.63
3.289076 5.350924 8.64
3.284813 5.365187 8.65
3.280562 5.379438 8.66
3.276328 5.393672 8.67
3.272108 5.407892 8.68
3.267906 5.422094 8.69
3.263715 5.436285 8.7
3.259541 5.450459 8.71
3.255381 5.464619 8.72
3.251236 5.478764 8.73
3.247105 5.492895 8.74
3.24299 5.507010 8.75
3.238886 5.521114 8.76
3.2348 5.535200 8.77
3.230728 5.549272 8.78
3.226669 5.563331 8.79
3.222624 5.577376 8.8
3.218593 5.591407 8.81
3.214575 5.605425 8.82
3.210571 5.619429 8.83
3.206581 5.633419 8.84
3.202606 5.647394 8.85
3.198644 5.661356 8.86
3.194695 5.675305 8.87
3.190758 5.689242 8.88
3.186835 5.703165 8.89
3.182927 5.717073 8.9
3.179031 5.730969 8.91
3.175146 5.744854 8.92
3.171275 5.758725 8.93
3.167419 5.772581 8.94
3.163575 5.786425 8.95
3.159741 5.800259 8.96
3.155922 5.814078 8.97
3.152117 5.827883 8.98
3.148321 5.841679 8.99
3.144538 5.855462 9.0
3.14077 5.869230 9.01
3.137011 5.882989 9.02
3.133266 5.896734 9.03
3.129534 5.910466 9.04
3.125813 5.924187 9.05
3.122103 5.937897 9.06
3.118407 5.951593 9.07
3.114721 5.965279 9.08
3.111048 5.978952 9.09
3.107386 5.992614 9.1
3.103736 6.006264 9.11
3.100097 6.019903 9.12
3.09647 6.033530 9.13
3.092854 6.047146 9.14
3.089251 6.060749 9.15
3.085656 6.074344 9.16
3.082075 6.087925 9.17
3.078504 6.101496 9.18
3.074946 6.115054 9.19
3.071397 6.128603 9.2
3.06786 6.142140 9.21
3.064332 6.155668 9.22
3.060817 6.169183 9.23
3.057312 6.182688 9.24
3.053817 6.196183 9.25
3.050335 6.209665 9.26
3.046862 6.223138 9.27
3.0434 6.236600 9.28
3.039949 6.250051 9.29
3.036507 6.263493 9.3
3.033075 6.276925 9.31
3.029656 6.290344 9.32
3.026245 6.303755 9.33
3.022846 6.317154 9.34
3.019456 6.330544 9.35
3.016077 6.343923 9.36
3.012707 6.357293 9.37
3.009347 6.370653 9.38
3.005998 6.384002 9.39
3.002659 6.397341 9.4
2.999329 6.410671 9.41
2.996009 6.423991 9.42
2.992697 6.437303 9.43
2.989398 6.450602 9.44
2.986108 6.463892 9.45
2.982825 6.477175 9.46
2.979553 6.490447 9.47
2.976293 6.503707 9.48
2.973039 6.516961 9.49
2.969797 6.530203 9.5
2.966561 6.543439 9.51
2.963338 6.556662 9.52
2.960123 6.569877 9.53
2.956916 6.583084 9.54
2.953719 6.596281 9.55
2.950531 6.609469 9.56
2.947353 6.622647 9.57
2.944183 6.635817 9.58
2.941023 6.648977 9.59
2.937869 6.662131 9.6
2.934728 6.675272 9.61
2.931594 6.688406 9.62
2.928469 6.701531 9.63
2.925351 6.714649 9.64
2.922244 6.727756 9.65
2.919145 6.740855 9.66
2.916055 6.753945 9.67
2.912973 6.767027 9.68
2.909899 6.780101 9.69
2.906838 6.793162 9.7
2.90378 6.806220 9.71
2.900732 6.819268 9.72
2.897693 6.832307 9.73
2.894662 6.845338 9.74
2.89164 6.858360 9.75
2.888625 6.871375 9.76
2.885618 6.884382 9.77
2.882622 6.897378 9.78
2.879632 6.910368 9.79
2.87665 6.923350 9.8
2.873675 6.936325 9.81
2.87071 6.949290 9.82
2.867754 6.962246 9.83
2.864802 6.975198 9.84
2.861861 6.988139 9.85
2.858927 7.001073 9.86
2.856001 7.013999 9.87
2.853082 7.026918 9.88
2.850171 7.039829 9.89
2.847269 7.052731 9.9
2.844374 7.065626 9.91
2.841485 7.078515 9.92
2.838606 7.091394 9.93
2.835732 7.104268 9.94
2.832868 7.117132 9.95
2.830008 7.129992 9.96
2.827159 7.142841 9.97
2.824317 7.155683 9.98
2.821481 7.168519 9.99
2.818652 7.181348 10.0
2.81583 7.194170 10.01
2.813016 7.206984 10.02
2.81021 7.219790 10.03
2.80741 7.232590 10.04
2.804616 7.245384 10.05
2.801831 7.258169 10.06
2.799053 7.270947 10.07
2.796281 7.283719 10.08
2.793517 7.296483 10.09
2.790759 7.309241 10.1
2.788009 7.321991 10.11
2.785264 7.334736 10.12
2.782526 7.347474 10.13
2.779797 7.360203 10.14
2.777073 7.372927 10.15
2.774355 7.385645 10.16
2.771645 7.398355 10.17
2.768941 7.411059 10.18
2.766245 7.423755 10.19
2.763553 7.436447 10.2
2.760869 7.449131 10.21
2.758191 7.461809 10.22
2.75552 7.474480 10.23
2.752854 7.487146 10.24
2.750196 7.499804 10.25
2.747542 7.512458 10.26
2.744897 7.525103 10.27
2.742256 7.537744 10.28
2.739622 7.550378 10.29
2.736995 7.563005 10.3
2.734374 7.575626 10.31
2.731759 7.588241 10.32
2.72915 7.600850 10.33
2.726547 7.613453 10.34
2.723949 7.626051 10.35
2.721359 7.638641 10.36
2.718774 7.651226 10.37
2.716195 7.663805 10.38
2.713622 7.676378 10.39
2.711058 7.688942 10.4
2.708497 7.701503 10.41
2.70594 7.714060 10.42
2.703391 7.726609 10.43
2.70085 7.739150 10.44
2.698312 7.751688 10.45
2.69578 7.764220 10.46
2.693255 7.776745 10.47
2.690736 7.789264 10.48
2.688222 7.801778 10.49
2.685715 7.814285 10.5
2.683211 7.826789 10.51
2.680714 7.839286 10.52
2.678224 7.851776 10.53
2.675737 7.864263 10.54
2.673257 7.876743 10.55
2.670783 7.889217 10.56
2.668316 7.901684 10.57
2.665852 7.914148 10.58
2.663393 7.926607 10.59
2.660942 7.939058 10.6
2.658495 7.951505 10.61
2.656054 7.963946 10.62
2.653617 7.976383 10.63
2.651187 7.988813 10.64
2.648762 8.001238 10.65
2.646342 8.013658 10.66
2.643927 8.026073 10.67
2.641517 8.038483 10.68
2.639116 8.050884 10.69
2.636718 8.063282 10.7
2.634323 8.075677 10.71
2.631935 8.088065 10.72
2.629553 8.100447 10.73
2.627176 8.112824 10.74
2.624803 8.125197 10.75
2.622434 8.137566 10.76
2.620073 8.149927 10.77
2.617717 8.162283 10.78
2.615364 8.174636 10.79
2.613015 8.186985 10.8
2.610673 8.199327 10.81
2.608339 8.211661 10.82
2.606008 8.223992 10.83
2.603679 8.236321 10.84
2.601357 8.248643 10.85
2.59904 8.260960 10.86
2.596729 8.273271 10.87
2.594421 8.285579 10.88
2.59212 8.297880 10.89
2.589823 8.310177 10.9
2.587529 8.322471 10.91
2.585242 8.334758 10.92
2.58296 8.347040 10.93
2.580681 8.359319 10.94
2.578408 8.371592 10.95
2.576139 8.383861 10.96
2.573876 8.396124 10.97
2.571618 8.408382 10.98
2.569362 8.420638 10.99
2.567113 8.432887 11.0
2.564867 8.445133 11.01
2.562627 8.457373 11.02
2.560392 8.469608 11.03
2.558161 8.481839 11.04
2.555934 8.494066 11.05
2.553712 8.506288 11.06
2.551496 8.518504 11.07
2.549282 8.530718 11.08
2.547074 8.542926 11.09
2.544871 8.555129 11.1
2.542672 8.567328 11.11
2.540476 8.579524 11.12
2.538285 8.591715 11.13
2.536101 8.603899 11.14
2.53392 8.616080 11.15
2.531742 8.628258 11.16
2.52957 8.640430 11.17
2.527402 8.652598 11.18
2.525238 8.664762 11.19
2.523076 8.676924 11.2
2.520921 8.689079 11.21
2.518771 8.701229 11.22
2.516626 8.713374 11.23
2.514481 8.725519 11.24
2.512343 8.737657 11.25
2.510209 8.749791 11.26
2.50808 8.761920 11.27
2.505955 8.774045 11.28
2.503834 8.786166 11.29
2.501716 8.798284 11.3
2.499604 8.810396 11.31
2.497494 8.822506 11.32
2.49539 8.834610 11.33
2.49329 8.846710 11.34
2.491192 8.858808 11.35
2.489102 8.870898 11.36
2.487013 8.882987 11.37
2.484927 8.895073 11.38
2.482849 8.907151 11.39
2.480773 8.919227 11.4
2.478702 8.931298 11.41
2.476632 8.943368 11.42
2.474568 8.955432 11.43
2.47251 8.967490 11.44
2.470452 8.979548 11.45
2.468401 8.991599 11.46
2.466352 9.003648 11.47
2.464308 9.015692 11.48
2.462268 9.027732 11.49
2.460231 9.039769 11.5
2.458198 9.051802 11.51
2.45617 9.063830 11.52
2.454146 9.075854 11.53
2.452126 9.087874 11.54
2.450105 9.099895 11.55
2.448092 9.111908 11.56
2.446084 9.123916 11.57
2.444079 9.135921 11.58
2.442076 9.147924 11.59
2.440077 9.159923 11.6
2.438083 9.171917 11.61
2.436092 9.183908 11.62
2.434105 9.195895 11.63
2.43212 9.207880 11.64
2.430143 9.219857 11.65
2.428165 9.231835 11.66
2.426194 9.243806 11.67
2.424223 9.255777 11.68
2.42226 9.267740 11.69
2.420298 9.279702 11.7
2.41834 9.291660 11.71
2.416386 9.303614 11.72
2.414436 9.315564 11.73
2.412488 9.327512 11.74
2.410543 9.339457 11.75
2.408603 9.351397 11.76
2.406667 9.363333 11.77
2.404736 9.375264 11.78
2.402805 9.387195 11.79
2.400879 9.399121 11.8
2.398956 9.411044 11.81
2.397039 9.422961 11.82
2.395123 9.434877 11.83
2.39321 9.446790 11.84
2.391302 9.458698 11.85
2.389396 9.470604 11.86
2.387495 9.482505 11.87
2.385597 9.494403 11.88
2.383701 9.506299 11.89
2.38181 9.518190 11.9
2.379922 9.530078 11.91
2.378036 9.541964 11.92
2.376156 9.553844 11.93
2.374278 9.565722 11.94
2.372402 9.577598 11.95
2.370529 9.589471 11.96
2.368664 9.601336 11.97
2.3668 9.613200 11.98
2.364936 9.625064 11.99
2.363078 9.636922 12.0
2.361222 9.648778 12.01
2.35937 9.660630 12.02
2.357524 9.672476 12.03
2.355678 9.684322 12.04
2.353835 9.696165 12.05
2.351995 9.708005 12.06
2.35016 9.719840 12.07
2.348327 9.731673 12.08
2.346497 9.743503 12.09
2.344672 9.755328 12.1
2.342848 9.767152 12.11
2.341028 9.778972 12.12
2.339212 9.790788 12.13
2.337396 9.802604 12.14
2.335587 9.814413 12.15
2.333779 9.826221 12.16
2.331975 9.838025 12.17
2.330173 9.849827 12.18
2.328375 9.861625 12.19
2.32658 9.873420 12.2
2.324789 9.885211 12.21
2.322998 9.897002 12.22
2.321213 9.908787 12.23
2.319432 9.920568 12.24
2.317652 9.932348 12.25
2.315875 9.944125 12.26
2.314102 9.955898 12.27
2.312331 9.967669 12.28
2.310562 9.979438 12.29
2.3088 9.991200 12.3
2.307039 10.002961 12.31
2.30528 10.014720 12.32
2.303526 10.026474 12.33
2.301774 10.038226 12.34
2.300025 10.049975 12.35
2.298279 10.061721 12.36
2.296535 10.073465 12.37
2.294796 10.085204 12.38
2.293059 10.096941 12.39
2.291327 10.108673 12.4
2.289596 10.120404 12.41
2.287867 10.132133 12.42
2.286143 10.143857 12.43
2.284422 10.155578 12.44
2.282704 10.167296 12.45
2.280988 10.179012 12.46
2.279275 10.190725 12.47
2.277567 10.202433 12.48
2.275861 10.214139 12.49
2.274158 10.225842 12.5
2.272457 10.237543 12.51
2.270759 10.249241 12.52
2.269065 10.260935 12.53
2.267375 10.272625 12.54
2.265686 10.284314 12.55
2.264001 10.295999 12.56
2.262321 10.307679 12.57
2.260642 10.319358 12.58
2.258965 10.331035 12.59
2.25729 10.342710 12.6
2.255624 10.354376 12.61
2.253956 10.366044 12.62
2.25229 10.377710 12.63
2.25063 10.389370 12.64
2.248971 10.401029 12.65
2.247316 10.412684 12.66
2.245663 10.424337 12.67
2.244014 10.435986 12.68
2.242366 10.447634 12.69
2.240725 10.459275 12.7
2.239082 10.470918 12.71
2.237443 10.482557 12.72
2.235808 10.494192 12.73
2.234175 10.505825 12.74
2.232545 10.517455 12.75
2.230918 10.529082 12.76
2.229294 10.540706 12.77
2.227674 10.552326 12.78
2.226054 10.563946 12.79
2.224438 10.575562 12.8
2.222823 10.587177 12.81
2.221214 10.598786 12.82
2.219606 10.610394 12.83
2.218 10.622000 12.84
2.2164 10.633600 12.85
2.214799 10.645201 12.86
2.213203 10.656797 12.87
2.21161 10.668390 12.88
2.210018 10.679982 12.89
2.20843 10.691570 12.9
2.206844 10.703156 12.91
2.205259 10.714741 12.92
2.203678 10.726322 12.93
2.202101 10.737899 12.94
2.200526 10.749474 12.95
2.198954 10.761046 12.96
2.197384 10.772616 12.97
2.195816 10.784184 12.98
2.194252 10.795748 12.99
2.19269 10.807310 13.0
2.191129 10.818871 13.01
2.189573 10.830427 13.02
2.188019 10.841981 13.03
2.186467 10.853533 13.04
2.184918 10.865082 13.05
2.183372 10.876628 13.06
2.181827 10.888173 13.07
2.180286 10.899714 13.08
2.178749 10.911251 13.09
2.177209 10.922791 13.1
2.175677 10.934323 13.11
2.174145 10.945855 13.12
2.172616 10.957384 13.13
2.171091 10.968909 13.14
2.169569 10.980431 13.15
2.168045 10.991955 13.16
2.166528 11.003472 13.17
2.16501 11.014990 13.18
2.163497 11.026503 13.19
2.161987 11.038013 13.2
2.160477 11.049523 13.21
2.158972 11.061028 13.22
2.157467 11.072533 13.23
2.155966 11.084034 13.24
2.154467 11.095533 13.25
2.15297 11.107030 13.26
2.151475 11.118525 13.27
2.149985 11.130015 13.28
2.148495 11.141505 13.29
2.147007 11.152993 13.3
2.145524 11.164476 13.31
2.144042 11.175958 13.32
2.142563 11.187437 13.33
2.141084 11.198916 13.34
2.139609 11.210391 13.35
2.138136 11.221864 13.36
2.136666 11.233334 13.37
2.135199 11.244801 13.38
2.133733 11.256267 13.39
2.132271 11.267729 13.4
2.130808 11.279192 13.41
2.129353 11.290647 13.42
2.127894 11.302106 13.43
2.126442 11.313558 13.44
2.12499 11.325010 13.45
2.12354 11.336460 13.46
2.122093 11.347907 13.47
2.120649 11.359351 13.48
2.119208 11.370792 13.49
2.117766 11.382234 13.5
2.116327 11.393673 13.51
2.114893 11.405107 13.52
2.113462 11.416538 13.53
2.11203 11.427970 13.54
2.1106 11.439400 13.55
2.109172 11.450828 13.56
2.107749 11.462251 13.57
2.106328 11.473672 13.58
2.104909 11.485091 13.59
2.103491 11.496509 13.6
2.102076 11.507924 13.61
2.100661 11.519339 13.62
2.099252 11.530748 13.63
2.097843 11.542157 13.64
2.096436 11.553564 13.65
2.095033 11.564967 13.66
2.093628 11.576372 13.67
2.092229 11.587771 13.68
2.090832 11.599168 13.69
2.089435 11.610565 13.7
2.088043 11.621957 13.71
2.086651 11.633349 13.72
2.085263 11.644737 13.73
2.083875 11.656125 13.74
2.08249 11.667510 13.75
2.081107 11.678893 13.76
2.079726 11.690274 13.77
2.078349 11.701651 13.78
2.076972 11.713028 13.79
2.075597 11.724403 13.8
2.074225 11.735775 13.81
2.072855 11.747145 13.82
2.071488 11.758512 13.83
2.070122 11.769878 13.84
2.06876 11.781240 13.85
2.067396 11.792604 13.86
2.066037 11.803963 13.87
2.064678 11.815322 13.88
2.063323 11.826677 13.89
2.06197 11.838030 13.9
2.060616 11.849384 13.91
2.059269 11.860731 13.92
2.057921 11.872079 13.93
2.056576 11.883424 13.94
2.055233 11.894767 13.95
2.05389 11.906110 13.96
2.052551 11.917449 13.97
2.051213 11.928787 13.98
2.049878 11.940122 13.99
2.048546 11.951454 14.0
2.047214 11.962786 14.01
2.045887 11.974113 14.02
2.044558 11.985442 14.03
2.043232 11.996768 14.04
2.041908 12.008092 14.05
2.040588 12.019412 14.06
2.039269 12.030731 14.07
2.037952 12.042048 14.08
2.036635 12.053365 14.09
2.035323 12.064677 14.1
2.034009 12.075991 14.11
2.032703 12.087297 14.12
2.031395 12.098605 14.13
2.03009 12.109910 14.14
2.028786 12.121214 14.15
2.027485 12.132515 14.16
2.026182 12.143818 14.17
2.024886 12.155114 14.18
2.023591 12.166409 14.19
2.022295 12.177705 14.2
2.021003 12.188997 14.21
2.019711 12.200289 14.22
2.018424 12.211576 14.23
2.017137 12.222863 14.24
2.015853 12.234147 14.25
2.01457 12.245430 14.26
2.013287 12.256713 14.27
2.012009 12.267991 14.28
2.010733 12.279267 14.29
2.009457 12.290543 14.3
2.008182 12.301818 14.31
2.006913 12.313087 14.32
2.005641 12.324359 14.33
2.004374 12.335626 14.34
2.003108 12.346892 14.35
2.001844 12.358156 14.36
2.000581 12.369419 14.37
1.99932 12.380680 14.38
1.998062 12.391938 14.39
1.996805 12.403195 14.4
1.995548 12.414452 14.41
1.994294 12.425706 14.42
1.993043 12.436957 14.43
1.991796 12.448204 14.44
1.990545 12.459455 14.45
1.989299 12.470701 14.46
1.988053 12.481947 14.47
1.986813 12.493187 14.48
1.985572 12.504428 14.49
1.984333 12.515667 14.5
1.983096 12.526904 14.51
1.981858 12.538142 14.52
1.980626 12.549374 14.53
1.979392 12.560608 14.54
1.978163 12.571837 14.55
1.976933 12.583067 14.56
1.975708 12.594292 14.57
1.974484 12.605516 14.58
1.973257 12.616743 14.59
1.972035 12.627965 14.6
1.970817 12.639183 14.61
1.969598 12.650402 14.62
1.968382 12.661618 14.63
1.967168 12.672832 14.64
1.965954 12.684046 14.65
1.964741 12.695259 14.66
1.963533 12.706467 14.67
1.962326 12.717674 14.68
1.961119 12.728881 14.69
1.959913 12.740087 14.7
1.958712 12.751288 14.71
1.957508 12.762492 14.72
1.95631 12.773690 14.73
1.955113 12.784887 14.74
1.953916 12.796084 14.75
1.952721 12.807279 14.76
1.951528 12.818472 14.77
1.950337 12.829663 14.78
1.949146 12.840854 14.79
1.94796 12.852040 14.8
1.946772 12.863228 14.81
1.945587 12.874413 14.82
1.944406 12.885594 14.83
1.943225 12.896775 14.84
1.942044 12.907956 14.85
1.940867 12.919133 14.86
1.939689 12.930311 14.87
1.938516 12.941484 14.88
1.937341 12.952659 14.89
1.93617 12.963830 14.9
1.935001 12.974999 14.91
1.933831 12.986169 14.92
1.932664 12.997336 14.93
1.931499 13.008501 14.94
1.930335 13.019665 14.95
1.929173 13.030827 14.96
1.928012 13.041988 14.97
1.926855 13.053145 14.98
1.925699 13.064301 14.99
1.924542 13.075458 15.0
1.923387 13.086613 15.01
1.922233 13.097767 15.02
1.921084 13.108916 15.03
1.919934 13.120066 15.04
1.918786 13.131214 15.05
1.917638 13.142362 15.06
1.916495 13.153505 15.07
1.91535 13.164650 15.08
1.91421 13.175790 15.09
1.913068 13.186932 15.1
1.91193 13.198070 15.11
1.910792 13.209208 15.12
1.909659 13.220341 15.13
1.908524 13.231476 15.14
1.907392 13.242608 15.15
1.906261 13.253739 15.16
1.90513 13.264870 15.17
1.904002 13.275998 15.18
1.902877 13.287123 15.19
1.901753 13.298247 15.2
1.900628 13.309372 15.21
1.899505 13.320495 15.22
1.898386 13.331614 15.23
1.897267 13.342733 15.24
1.896149 13.353851 15.25
1.895035 13.364965 15.26
1.893918 13.376082 15.27
1.892805 13.387195 15.28
1.891694 13.398306 15.29
1.890586 13.409414 15.3
1.889476 13.420524 15.31
1.888369 13.431631 15.32
1.887263 13.442737 15.33
1.886159 13.453841 15.34
1.885055 13.464945 15.35
1.883955 13.476045 15.36
1.882856 13.487144 15.37
1.881756 13.498244 15.38
1.88066 13.509340 15.39
1.879564 13.520436 15.4
1.878469 13.531531 15.41
1.877376 13.542624 15.42
1.876285 13.553715 15.43
1.875197 13.564803 15.44
1.874109 13.575891 15.45
1.873021 13.586979 15.46
1.871936 13.598064 15.47
1.870853 13.609147 15.48
1.869769 13.620231 15.49
1.86869 13.631310 15.5
1.867609 13.642391 15.51
1.866529 13.653471 15.52
1.865453 13.664547 15.53
1.86438 13.675620 15.54
1.863303 13.686697 15.55
1.862232 13.697768 15.56
1.86116 13.708840 15.57
1.860088 13.719912 15.58
1.859021 13.730979 15.59
1.857952 13.742048 15.6
1.856887 13.753113 15.61
1.855823 13.764177 15.62
1.85476 13.775240 15.63
1.853697 13.786303 15.64
1.852638 13.797362 15.65
1.851579 13.808421 15.66
1.850522 13.819478 15.67
1.849465 13.830535 15.68
1.848411 13.841589 15.69
1.847356 13.852644 15.7
1.846305 13.863695 15.71
1.845255 13.874745 15.72
1.844205 13.885795 15.73
1.843157 13.896843 15.74
1.84211 13.907890 15.75
1.841064 13.918936 15.76
1.840019 13.929981 15.77
1.838977 13.941023 15.78
1.837935 13.952065 15.79
1.836895 13.963105 15.8
1.835856 13.974144 15.81
1.834819 13.985181 15.82
1.833783 13.996217 15.83
1.832747 14.007253 15.84
1.831715 14.018285 15.85
1.830681 14.029319 15.86
1.829652 14.040348 15.87
1.828623 14.051377 15.88
1.827593 14.062407 15.89
1.826567 14.073433 15.9
1.825541 14.084459 15.91
1.824518 14.095482 15.92
1.823494 14.106506 15.93
1.822472 14.117528 15.94
1.821452 14.128548 15.95
1.820432 14.139568 15.96
1.819413 14.150587 15.97
1.818397 14.161603 15.98
1.817382 14.172618 15.99
1.816368 14.183632 16.0
1.815355 14.194645 16.01
1.814342 14.205658 16.02
1.813334 14.216666 16.03
1.812324 14.227676 16.04
1.811319 14.238681 16.05
1.810314 14.249686 16.06
1.809307 14.260693 16.07
1.808301 14.271699 16.08
1.807298 14.282702 16.09
1.806298 14.293702 16.1
1.805294 14.304706 16.11
1.804297 14.315703 16.12
1.803302 14.326698 16.13
1.802307 14.337693 16.14
1.80131 14.348690 16.15
1.800314 14.359686 16.16
1.799321 14.370679 16.17
1.79833 14.381670 16.18
1.797338 14.392662 16.19
1.796349 14.403651 16.2
1.795365 14.414635 16.21
1.794377 14.425623 16.22
1.793392 14.436608 16.23
1.792407 14.447593 16.24
1.791423 14.458577 16.25
1.790442 14.469558 16.26
1.789462 14.480538 16.27
1.788482 14.491518 16.28
1.787504 14.502496 16.29
1.786528 14.513472 16.3
1.785554 14.524446 16.31
1.784576 14.535424 16.32
1.783605 14.546395 16.33
1.782634 14.557366 16.34
1.781662 14.568338 16.35
1.780691 14.579309 16.36
1.779723 14.590277 16.37
1.778756 14.601244 16.38
1.777791 14.612209 16.39
1.776823 14.623177 16.4
1.775861 14.634139 16.41
1.774896 14.645104 16.42
1.773937 14.656063 16.43
1.772977 14.667023 16.44
1.772017 14.677983 16.45
1.77106 14.688940 16.46
1.770104 14.699896 16.47
1.769148 14.710852 16.48
1.768192 14.721808 16.49
1.76724 14.732760 16.5
1.766287 14.743713 16.51
1.765335 14.754665 16.52
1.764383 14.765617 16.53
1.763436 14.776564 16.54
1.762491 14.787509 16.55
1.761544 14.798456 16.56
1.760597 14.809403 16.57
1.759652 14.820348 16.58
1.75871 14.831290 16.59
1.757769 14.842231 16.6
1.756827 14.853173 16.61
1.755888 14.864112 16.62
1.754951 14.875049 16.63
1.754012 14.885988 16.64
1.753075 14.896925 16.65
1.75214 14.907860 16.66
1.751205 14.918795 16.67
1.750274 14.929726 16.68
1.749343 14.940657 16.69
1.74841 14.951590 16.7
1.747482 14.962518 16.71
1.746553 14.973447 16.72
1.745626 14.984374 16.73
1.744701 14.995299 16.74
1.743775 15.006225 16.75
1.742851 15.017149 16.76
1.741927 15.028073 16.77
1.741006 15.038994 16.78
1.740084 15.049916 16.79
1.739166 15.060834 16.8
1.738249 15.071751 16.81
1.737333 15.082667 16.82
1.736414 15.093586 16.83
1.735495 15.104505 16.84
1.734583 15.115417 16.85
1.733672 15.126328 16.86
1.732759 15.137241 16.87
1.731848 15.148152 16.88
1.730938 15.159062 16.89
1.730028 15.169972 16.9
1.729122 15.180878 16.91
1.728214 15.191786 16.92
1.727308 15.202692 16.93
1.726406 15.213594 16.94
1.725501 15.224499 16.95
1.724601 15.235399 16.96
1.723697 15.246303 16.97
1.722799 15.257201 16.98
1.721898 15.268102 16.99
1.720997 15.279003 17.0
1.720103 15.289897 17.01
1.719205 15.300795 17.02
1.718312 15.311688 17.03
1.717415 15.322585 17.04
1.716526 15.333474 17.05
1.715634 15.344366 17.06
1.714742 15.355258 17.07
1.713851 15.366149 17.08
1.712962 15.377038 17.09
1.712074 15.387926 17.1
1.711188 15.398812 17.11
1.710302 15.409698 17.12
1.709419 15.420581 17.13
1.708534 15.431466 17.14
1.70765 15.442350 17.15
1.706768 15.453232 17.16
1.705888 15.464112 17.17
1.705008 15.474992 17.18
1.704131 15.485869 17.19
1.703251 15.496749 17.2
1.702377 15.507623 17.21
1.7015 15.518500 17.22
1.700627 15.529373 17.23
1.699751 15.540249 17.24
1.698879 15.551121 17.25
1.698007 15.561993 17.26
1.697137 15.572863 17.27
1.696265 15.583735 17.28
1.695399 15.594601 17.29
1.694532 15.605468 17.3
1.693664 15.616336 17.31
1.692798 15.627202 17.32
1.691934 15.638066 17.33
1.691069 15.648931 17.34
1.690204 15.659796 17.35
1.689347 15.670653 17.36
1.688483 15.681517 17.37
1.687624 15.692376 17.38
1.686767 15.703233 17.39
1.685908 15.714092 17.4
1.685052 15.724948 17.41
1.684195 15.735805 17.42
1.683339 15.746661 17.43
1.682485 15.757515 17.44
1.681632 15.768368 17.45
1.68078 15.779220 17.46
1.679929 15.790071 17.47
1.679079 15.800921 17.48
1.678231 15.811769 17.49
1.677382 15.822618 17.5
1.676534 15.833466 17.51
1.675686 15.844314 17.52
1.674841 15.855159 17.53
1.673997 15.866003 17.54
1.673156 15.876844 17.55
1.672312 15.887688 17.56
1.671472 15.898528 17.57
1.670631 15.909369 17.58
1.66979 15.920210 17.59
1.668951 15.931049 17.6
1.668112 15.941888 17.61
1.667275 15.952725 17.62
1.666442 15.963558 17.63
1.665605 15.974395 17.64
1.664771 15.985229 17.65
1.663938 15.996062 17.66
1.663105 16.006895 17.67
1.662273 16.017727 17.68
1.661443 16.028557 17.69
1.660611 16.039389 17.7
1.659785 16.050215 17.71
1.658957 16.061043 17.72
1.658131 16.071869 17.73
1.657303 16.082697 17.74
1.656479 16.093521 17.75
1.655655 16.104345 17.76
1.65483 16.115170 17.77
1.654008 16.125992 17.78
1.653186 16.136814 17.79
1.652369 16.147631 17.8
1.651547 16.158453 17.81
1.650729 16.169271 17.82
1.64991 16.180090 17.83
1.649092 16.190908 17.84
1.648277 16.201723 17.85
1.647462 16.212538 17.86
1.646648 16.223352 17.87
1.645835 16.234165 17.88
1.64502 16.244980 17.89
1.644209 16.255791 17.9
1.6434 16.266600 17.91
1.642589 16.277411 17.92
1.641779 16.288221 17.93
1.640972 16.299028 17.94
1.640165 16.309835 17.95
1.639359 16.320641 17.96
1.638554 16.331446 17.97
1.637749 16.342251 17.98
1.636946 16.353054 17.99
1.636141 16.363859 18.0
1.63534 16.374660 18.01
1.634536 16.385464 18.02
1.633739 16.396261 18.03
1.632937 16.407063 18.04
1.63214 16.417860 18.05
1.631342 16.428658 18.06
1.630545 16.439455 18.07
1.629749 16.450251 18.08
1.628954 16.461046 18.09
1.628158 16.471842 18.1
1.627365 16.482635 18.11
1.626573 16.493427 18.12
1.625783 16.504217 18.13
1.624991 16.515009 18.14
1.624201 16.525799 18.15
1.623411 16.536589 18.16
1.622623 16.547377 18.17
1.621835 16.558165 18.18
1.621047 16.568953 18.19
1.620261 16.579739 18.2
1.619479 16.590521 18.21
1.618695 16.601305 18.22
1.617911 16.612089 18.23
1.617127 16.622873 18.24
1.616346 16.633654 18.25
1.615566 16.644434 18.26
1.614784 16.655216 18.27
1.614007 16.665993 18.28
1.613227 16.676773 18.29
1.61245 16.687550 18.3
1.611672 16.698328 18.31
1.610897 16.709103 18.32
1.610121 16.719879 18.33
1.609348 16.730652 18.34
1.608574 16.741426 18.35
1.607801 16.752199 18.36
1.607028 16.762972 18.37
1.606259 16.773741 18.38
1.605488 16.784512 18.39
1.604718 16.795282 18.4
1.603949 16.806051 18.41
1.603182 16.816818 18.42
1.602413 16.827587 18.43
1.601648 16.838352 18.44
1.600883 16.849117 18.45
1.60012 16.859880 18.46
1.599356 16.870644 18.47
1.598591 16.881409 18.48
1.59783 16.892170 18.49
1.597069 16.902931 18.5
1.596308 16.913692 18.51
1.595546 16.924454 18.52
1.594787 16.935213 18.53
1.594028 16.945972 18.54
1.593272 16.956728 18.55
1.592515 16.967485 18.56
1.591759 16.978241 18.57
1.591005 16.988995 18.58
1.59025 16.999750 18.59
1.589496 17.010504 18.6
1.588743 17.021257 18.61
1.587991 17.032009 18.62
1.587241 17.042759 18.63
1.586491 17.053509 18.64
1.58574 17.064260 18.65
1.58499 17.075010 18.66
1.584242 17.085758 18.67
1.583498 17.096502 18.68
1.582748 17.107252 18.69
1.582002 17.117998 18.7
1.581258 17.128742 18.71
1.580518 17.139482 18.72
1.57977 17.150230 18.73
1.579027 17.160973 18.74
1.578285 17.171715 18.75
1.577545 17.182455 18.76
1.576803 17.193197 18.77
1.576062 17.203938 18.78
1.575322 17.214678 18.79
1.574588 17.225412 18.8
1.573849 17.236151 18.81
1.573113 17.246887 18.82
1.572378 17.257622 18.83
1.57164 17.268360 18.84
1.570905 17.279095 18.85
1.570173 17.289827 18.86
1.56944 17.300560 18.87
1.568709 17.311291 18.88
1.567977 17.322023 18.89
1.567246 17.332754 18.9
1.566517 17.343483 18.91
1.565786 17.354214 18.92
1.565057 17.364943 18.93
1.564329 17.375671 18.94
1.563604 17.386396 18.95
1.562877 17.397123 18.96
1.562154 17.407846 18.97
1.561429 17.418571 18.98
1.560702 17.429298 18.99
1.559978 17.440022 19.0
1.559255 17.450745 19.01
1.558534 17.461466 19.02
1.557813 17.472187 19.03
1.557092 17.482908 19.04
1.556374 17.493626 19.05
1.555655 17.504345 19.06
1.554936 17.515064 19.07
1.554218 17.525782 19.08
1.553501 17.536499 19.09
1.552785 17.547215 19.1
1.55207 17.557930 19.11
1.551353 17.568647 19.12
1.550643 17.579357 19.13
1.549929 17.590071 19.14
1.549218 17.600782 19.15
1.548504 17.611496 19.16
1.547792 17.622208 19.17
1.547083 17.632917 19.18
1.546373 17.643627 19.19
1.545665 17.654335 19.2
1.544959 17.665041 19.21
1.544249 17.675751 19.22
1.543541 17.686459 19.23
1.542834 17.697166 19.24
1.542131 17.707869 19.25
1.541425 17.718575 19.26
1.54072 17.729280 19.27
1.540017 17.739983 19.28
1.539315 17.750685 19.29
1.538613 17.761387 19.3
1.537913 17.772087 19.31
1.537211 17.782789 19.32
1.536512 17.793488 19.33
1.535812 17.804188 19.34
1.535116 17.814884 19.35
1.534419 17.825581 19.36
1.533719 17.836281 19.37
1.533025 17.846975 19.38
1.532328 17.857672 19.39
1.53163 17.868370 19.4
1.530941 17.879059 19.41
1.530243 17.889757 19.42
1.529552 17.900448 19.43
1.52886 17.911140 19.44
1.528167 17.921833 19.45
1.527478 17.932522 19.46
1.526787 17.943213 19.47
1.526099 17.953901 19.48
1.525408 17.964592 19.49
1.524721 17.975279 19.5
1.524034 17.985966 19.51
1.523347 17.996653 19.52
1.522661 18.007339 19.53
1.521974 18.018026 19.54
1.521292 18.028708 19.55
1.520608 18.039392 19.56
1.519923 18.050077 19.57
1.519241 18.060759 19.58
1.51856 18.071440 19.59
1.517879 18.082121 19.6
1.517194 18.092806 19.61
1.516517 18.103483 19.62
1.515838 18.114162 19.63
1.515158 18.124842 19.64
1.514481 18.135519 19.65
1.513802 18.146198 19.66
1.513124 18.156876 19.67
1.512451 18.167549 19.68
1.511774 18.178226 19.69
1.5111 18.188900 19.7
1.510428 18.199572 19.71
1.509753 18.210247 19.72
1.509079 18.220921 19.73
1.50841 18.231590 19.74
1.507736 18.242264 19.75
1.507065 18.252935 19.76
1.506395 18.263605 19.77
1.505725 18.274275 19.78
1.505055 18.284945 19.79
1.50439 18.295610 19.8
1.50372 18.306280 19.81
1.503056 18.316944 19.82
1.502388 18.327612 19.83
1.501722 18.338278 19.84
1.501058 18.348942 19.85
1.500392 18.359608 19.86
1.499728 18.370272 19.87
1.499066 18.380934 19.88
1.498404 18.391596 19.89
1.497742 18.402258 19.9
1.497082 18.412918 19.91
1.49642 18.423580 19.92
1.495762 18.434238 19.93
1.495101 18.444899 19.94
1.494441 18.455559 19.95
1.493787 18.466213 19.96
1.493125 18.476875 19.97
1.49247 18.487530 19.98
1.491814 18.498186 19.99
1.491159 18.508841 20.0
