# 105.2 deg
6.15813 0.071870 6.23
6.063786 0.176214 6.24
5.99063 0.259370 6.25
5.929799 0.330201 6.26
5.876495 0.393505 6.27
5.828379 0.451621 6.28
5.784136 0.505864 6.29
5.74295 0.557050 6.3
5.704269 0.605731 6.31
5.667685 0.652315 6.32
5.632912 0.697088 6.33
5.599708 0.740292 6.34
5.5679 0.782100 6.35
5.537328 0.822672 6.36
5.507879 0.862121 6.37
5.479439 0.900561 6.38
5.451925 0.938075 6.39
5.425263 0.974737 6.4
5.399383 1.010617 6.41
5.374231 1.045769 6.42
5.349757 1.080243 6.43
5.325915 1.114085 6.44
5.302665 1.147335 6.45
5.27997 1.180030 6.46
5.2578 1.212200 6.47
5.236123 1.243877 6.48
5.214916 1.275084 6.49
5.194149 1.305851 6.5
5.173805 1.336195 6.51
5.153862 1.366138 6.52
5.134301 1.395699 6.53
5.115105 1.424895 6.54
5.096258 1.453742 6.55
5.077744 1.482256 6.56
5.05955 1.510450 6.57
5.041664 1.538336 6.58
5.024073 1.565927 6.59
5.006765 1.593235 6.6
4.989728 1.620272 6.61
4.972957 1.647043 6.62
4.956438 1.673562 6.63
4.940165 1.699835 6.64
4.924126 1.725874 6.65
4.908319 1.751681 6.66
4.89273 1.777270 6.67
4.877357 1.802643 6.68
4.86219 1.827810 6.69
4.847227 1.852773 6.7
4.832457 1.877543 6.71
4.817877 1.902123 6.72
4.80348 1.926520 6.73
4.789263 1.950737 6.74
4.775218 1.974782 6.75
4.761343 1.998657 6.76
4.747633 2.022367 6.77
4.734082 2.045918 6.78
4.720689 2.069311 6.79
4.707446 2.092554 6.8
4.694353 2.115647 6.81
4.681403 2.138597 6.82
4.668594 2.161406 6.83
4.655923 2.184077 6.84
4.643387 2.206613 6.85
4.630981 2.229019 6.86
4.618705 2.251295 6.87
4.606554 2.273446 6.88
4.594524 2.295476 6.89
4.582616 2.317384 6.9
4.570823 2.339177 6.91
4.559148 2.360852 6.92
4.547584 2.382416 6.93
4.53613 2.403870 6.94
4.524783 2.425217 6.95
4.513542 2.446458 6.96
4.502405 2.467595 6.97
4.491369 2.488631 6.98
4.480434 2.509566 6.99
4.469594 2.530406 7.0
4.458852 2.551148 7.01
4.448204 2.571796 7.02
4.437647 2.592353 7.03
4.427181 2.612819 7.04
4.416803 2.633197 7.05
4.406514 2.653486 7.06
4.396309 2.673691 7.07
4.38619 2.693810 7.08
4.376153 2.713847 7.09
4.366198 2.733802 7.1
4.356321 2.753679 7.11
4.346524 2.773476 7.12
4.336805 2.793195 7.13
4.327161 2.812839 7.14
4.317591 2.832409 7.15
4.308097 2.851903 7.16
4.298672 2.871328 7.17
4.289321 2.890679 7.18
4.28004 2.909960 7.19
4.270827 2.929173 7.2
4.261683 2.948317 7.21
4.252607 2.967393 7.22
4.243595 2.986405 7.23
4.234647 3.005353 7.24
4.225765 3.024235 7.25
4.216946 3.043054 7.26
4.208188 3.061812 7.27
4.199491 3.080509 7.28
4.190856 3.099144 7.29
4.182279 3.117721 7.3
4.173762 3.136238 7.31
4.165303 3.154697 7.32
4.1569 3.173100 7.33
4.148553 3.191447 7.34
4.140263 3.209737 7.35
4.132026 3.227974 7.36
4.123844 3.246156 7.37
4.115715 3.264285 7.38
4.107639 3.282361 7.39
4.099614 3.300386 7.4
4.091642 3.318358 7.41
4.083719 3.336281 7.42
4.075848 3.354152 7.43
4.068024 3.371976 7.44
4.060249 3.389751 7.45
4.052521 3.407479 7.46
4.044842 3.425158 7.47
4.037211 3.442789 7.48
4.029625 3.460375 7.49
4.022084 3.477916 7.5
4.014587 3.495413 7.51
4.007139 3.512861 7.52
3.999733 3.530267 7.53
3.99237 3.547630 7.54
3.985053 3.564947 7.55
3.977774 3.582226 7.56
3.970538 3.599462 7.57
3.963347 3.616653 7.58
3.956194 3.633806 7.59
3.949084 3.650916 7.6
3.942012 3.667988 7.61
3.934981 3.685019 7.62
3.927989 3.702011 7.63
3.921035 3.718965 7.64
3.914122 3.735878 7.65
3.907246 3.752754 7.66
3.900406 3.769594 7.67
3.893605 3.786395 7.68
3.886839 3.803161 7.69
3.880112 3.819888 7.7
3.873419 3.836581 7.71
3.866762 3.853238 7.72
3.860142 3.869858 7.73
3.853556 3.886444 7.74
3.847003 3.902997 7.75
3.840486 3.919514 7.76
3.834001 3.935999 7.77
3.827552 3.952448 7.78
3.821135 3.968865 7.79
3.814751 3.985249 7.8
3.808399 4.001601 7.81
3.80208 4.017920 7.82
3.795793 4.034207 7.83
3.789536 4.050464 7.84
3.783312 4.066688 7.85
3.77712 4.082880 7.86
3.770955 4.099045 7.87
3.764824 4.115176 7.88
3.758721 4.131279 7.89
3.752649 4.147351 7.9
3.746606 4.163394 7.91
3.740592 4.179408 7.92
3.734607 4.195393 7.93
3.72865 4.211350 7.94
3.722724 4.227276 7.95
3.716823 4.243177 7.96
3.710952 4.259048 7.97
3.705108 4.274892 7.98
3.699291 4.290709 7.99
3.693503 4.306497 8.0
3.687741 4.322259 8.01
3.682004 4.337996 8.02
3.676297 4.353703 8.03
3.670612 4.369388 8.04
3.664954 4.385046 8.05
3.659323 4.400677 8.06
3.653719 4.416281 8.07
3.648139 4.431861 8.08
3.642583 4.447417 8.09
3.637052 4.462948 8.1
3.631548 4.478452 8.11
3.626065 4.493935 8.12
3.620608 4.509392 8.13
3.615175 4.524825 8.14
3.609767 4.540233 8.15
3.604382 4.555618 8.16
3.599019 4.570981 8.17
3.59368 4.586320 8.18
3.588367 4.601633 8.19
3.583073 4.616927 8.2
3.577804 4.632196 8.21
3.572553 4.647447 8.22
3.567331 4.662669 8.23
3.562128 4.677872 8.24
3.556946 4.693054 8.25
3.551786 4.708214 8.26
3.546649 4.723351 8.27
3.541534 4.738466 8.28
3.536439 4.753561 8.29
3.531365 4.768635 8.3
3.526311 4.783689 8.31
3.52128 4.798720 8.32
3.51627 4.813730 8.33
3.511278 4.828722 8.34
3.506308 4.843692 8.35
3.501358 4.858642 8.36
3.496428 4.873572 8.37
3.491517 4.888483 8.38
3.486627 4.903373 8.39
3.481756 4.918244 8.4
3.476905 4.933095 8.41
3.472072 4.947928 8.42
3.467257 4.962743 8.43
3.462465 4.977535 8.44
3.457689 4.992311 8.45
3.452932 5.007068 8.46
3.448193 5.021807 8.47
3.443475 5.036525 8.48
3.438773 5.051227 8.49
3.43409 5.065910 8.5
3.429424 5.080576 8.51
3.424777 5.095223 8.52
3.420148 5.109852 8.53
3.415536 5.124464 8.54
3.410942 5.139058 8.55
3.406364 5.153636 8.56
3.401805 5.168195 8.57
3.397264 5.182736 8.58
3.392738 5.197262 8.59
3.388229 5.211771 8.6
3.383739 5.226261 8.61
3.379264 5.240736 8.62
3.374805 5.255195 8.63
3.370363 5.269637 8.64
3.365939 5.284061 8.65
3.361528 5.298472 8.66
3.357135 5.312865 8.67
3.352758 5.327242 8.68
3.348399 5.341601 8.69
3.344052 5.355948 8.7
3.339723 5.370277 8.71
3.335408 5.384592 8.72
3.331111 5.398889 8.73
3.326827 5.413173 8.74
3.322559 5.427441 8.75
3.318305 5.441695 8.76
3.314069 5.455931 8.77
3.309847 5.470153 8.78
3.30564 5.484360 8.79
3.301447 5.498553 8.8
3.297268 5.512732 8.81
3.293104 5.526896 8.82
3.288955 5.541045 8.83
3.284821 5.555179 8.84
3.280702 5.569298 8.85
3.276596 5.583404 8.86
3.272505 5.597495 8.87
3.268425 5.611575 8.88
3.264362 5.625638 8.89
3.260312 5.639688 8.9
3.256277 5.653723 8.91
3.252254 5.667746 8.92
3.248245 5.681755 8.93
3.244252 5.695748 8.94
3.24027 5.709730 8.95
3.236301 5.723699 8.96
3.232346 5.737654 8.97
3.228406 5.751594 8.98
3.224476 5.765524 8.99
3.22056 5.779440 9.0
3.216658 5.793342 9.01
3.212768 5.807232 9.02
3.208891 5.821109 9.03
3.205027 5.834973 9.04
3.201176 5.848824 9.05
3.197338 5.862662 9.06
3.193512 5.876488 9.07
3.189698 5.890302 9.08
3.185896 5.904104 9.09
3.182108 5.917892 9.1
3.178331 5.931669 9.11
3.174567 5.945433 9.12
3.170813 5.959187 9.13
3.167072 5.972928 9.14
3.163346 5.986654 9.15
3.159627 6.000373 9.16
3.155922 6.014078 9.17
3.152229 6.027771 9.18
3.148549 6.041451 9.19
3.144879 6.055121 9.2
3.14122 6.068780 9.21
3.137573 6.082427 9.22
3.133939 6.096061 9.23
3.130315 6.109685 9.24
3.126701 6.123299 9.25
3.123101 6.136899 9.26
3.11951 6.150490 9.27
3.11593 6.164070 9.28
3.112363 6.177637 9.29
3.108805 6.191195 9.3
3.105259 6.204741 9.31
3.101724 6.218276 9.32
3.098198 6.231802 9.33
3.094683 6.245317 9.34
3.091181 6.258819 9.35
3.087689 6.272311 9.36
3.084207 6.285793 9.37
3.080736 6.299264 9.38
3.077274 6.312726 9.39
3.073824 6.326176 9.4
3.070384 6.339616 9.41
3.066953 6.353047 9.42
3.063532 6.366468 9.43
3.060124 6.379876 9.44
3.056724 6.393276 9.45
3.053333 6.406667 9.46
3.049954 6.420046 9.47
3.046586 6.433414 9.48
3.043226 6.446774 9.49
3.039877 6.460123 9.5
3.036535 6.473465 9.51
3.033206 6.486794 9.52
3.029887 6.500113 9.53
3.026575 6.513425 9.54
3.023273 6.526727 9.55
3.019981 6.540019 9.56
3.0167 6.553300 9.57
3.013427 6.566573 9.58
3.010164 6.579836 9.59
3.006909 6.593091 9.6
3.003666 6.606334 9.61
3.00043 6.619570 9.62
2.997204 6.632796 9.63
2.993985 6.646015 9.64
2.990779 6.659221 9.65
2.98758 6.672420 9.66
2.984391 6.685609 9.67
2.981209 6.698791 9.68
2.978037 6.711963 9.69
2.974877 6.725123 9.7
2.971723 6.738277 9.71
2.968577 6.751423 9.72
2.965441 6.764559 9.73
2.962312 6.777688 9.74
2.959195 6.790805 9.75
2.956084 6.803916 9.76
2.952981 6.817019 9.77
2.94989 6.830110 9.78
2.946806 6.843194 9.79
2.943728 6.856272 9.8
2.94066 6.869340 9.81
2.9376 6.882400 9.82
2.934551 6.895449 9.83
2.931507 6.908493 9.84
2.928473 6.921527 9.85
2.925446 6.934554 9.86
2.922429 6.947571 9.87
2.919417 6.960583 9.88
2.916417 6.973583 9.89
2.913423 6.986577 9.9
2.910437 6.999563 9.91
2.907459 7.012541 9.92
2.904489 7.025511 9.93
2.901526 7.038474 9.94
2.898573 7.051427 9.95
2.895624 7.064376 9.96
2.892686 7.077314 9.97
2.889755 7.090245 9.98
2.886832 7.103168 9.99
2.883914 7.116086 10.0
2.881006 7.128994 10.01
2.878105 7.141895 10.02
2.875212 7.154788 10.03
2.872326 7.167674 10.04
2.869446 7.180554 10.05
2.866575 7.193425 10.06
2.863711 7.206289 10.07
2.860855 7.219145 10.08
2.858005 7.231995 10.09
2.855162 7.244838 10.1
2.852328 7.257672 10.11
2.849499 7.270501 10.12
2.846678 7.283322 10.13
2.843865 7.296135 10.14
2.841058 7.308942 10.15
2.838258 7.321742 10.16
2.835463 7.334537 10.17
2.832678 7.347322 10.18
2.8299 7.360100 10.19
2.827128 7.372872 10.2
2.824361 7.385639 10.21
2.821602 7.398398 10.22
2.818849 7.411151 10.23
2.816104 7.423896 10.24
2.813365 7.436635 10.25
2.810631 7.449369 10.26
2.807906 7.462094 10.27
2.805188 7.474812 10.28
2.802473 7.487527 10.29
2.799766 7.500234 10.3
2.797067 7.512933 10.31
2.794374 7.525626 10.32
2.791688 7.538312 10.33
2.789006 7.550994 10.34
2.78633 7.563670 10.35
2.783663 7.576337 10.36
2.781001 7.588999 10.37
2.778345 7.601655 10.38
2.775695 7.614305 10.39
2.773055 7.626945 10.4
2.770417 7.639583 10.41
2.767784 7.652216 10.42
2.765161 7.664839 10.43
2.762544 7.677456 10.44
2.759931 7.690069 10.45
2.757324 7.702676 10.46
2.754724 7.715276 10.47
2.752131 7.727869 10.48
2.749542 7.740458 10.49
2.746961 7.753039 10.5
2.744383 7.765617 10.51
2.741813 7.778187 10.52
2.73925 7.790750 10.53
2.73669 7.803310 10.54
2.734138 7.815862 10.55
2.73159 7.828410 10.56
2.729051 7.840949 10.57
2.726515 7.853485 10.58
2.723985 7.866015 10.59
2.721461 7.878539 10.6
2.718943 7.891057 10.61
2.71643 7.903570 10.62
2.713923 7.916077 10.63
2.711422 7.928578 10.64
2.708927 7.941073 10.65
2.706437 7.953563 10.66
2.703953 7.966047 10.67
2.701473 7.978527 10.68
2.699 7.991000 10.69
2.696533 8.003467 10.7
2.694069 8.015931 10.71
2.691612 8.028388 10.72
2.689162 8.040838 10.73
2.686714 8.053286 10.74
2.684273 8.065727 10.75
2.681838 8.078162 10.76
2.679409 8.090591 10.77
2.676985 8.103015 10.78
2.674564 8.115436 10.79
2.672148 8.127852 10.8
2.669739 8.140261 10.81
2.667337 8.152663 10.82
2.664939 8.165061 10.83
2.662544 8.177456 10.84
2.660156 8.189844 10.85
2.657773 8.202227 10.86
2.655396 8.214604 10.87
2.653021 8.226979 10.88
2.650653 8.239347 10.89
2.648293 8.251707 10.9
2.645933 8.264067 10.91
2.643582 8.276418 10.92
2.641234 8.288766 10.93
2.638892 8.301108 10.94
2.636554 8.313446 10.95
2.63422 8.325780 10.96
2.631893 8.338107 10.97
2.62957 8.350430 10.98
2.627252 8.362748 10.99
2.624938 8.375062 11.0
2.62263 8.387370 11.01
2.620327 8.399673 11.02
2.618029 8.411971 11.03
2.615734 8.424266 11.04
2.613445 8.436555 11.05
2.611161 8.448839 11.06
2.608882 8.461118 11.07
2.606607 8.473393 11.08
2.604337 8.485663 11.09
2.602072 8.497928 11.1
2.59981 8.510190 11.11
2.597552 8.522448 11.12
2.595302 8.534698 11.13
2.593055 8.546945 11.14
2.590814 8.559186 11.15
2.588576 8.571424 11.16
2.586342 8.583658 11.17
2.584114 8.595886 11.18
2.581889 8.608111 11.19
2.579669 8.620331 11.2
2.577455 8.632545 11.21
2.575243 8.644757 11.22
2.573039 8.656961 11.23
2.570834 8.669166 11.24
2.568639 8.681361 11.25
2.566444 8.693556 11.26
2.564256 8.705744 11.27
2.562073 8.717927 11.28
2.559893 8.730107 11.29
2.557716 8.742284 11.3
2.555545 8.754455 11.31
2.553379 8.766621 11.32
2.551216 8.778784 11.33
2.549058 8.790942 11.34
2.546902 8.803098 11.35
2.544754 8.815246 11.36
2.542609 8.827391 11.37
2.540467 8.839533 11.38
2.538329 8.851671 11.39
2.536198 8.863802 11.4
2.534069 8.875931 11.41
2.531943 8.888057 11.42
2.529824 8.900176 11.43
2.527708 8.912292 11.44
2.525595 8.924405 11.45
2.523488 8.936512 11.46
2.521383 8.948617 11.47
2.519283 8.960717 11.48
2.517186 8.972814 11.49
2.515096 8.984904 11.5
2.513007 8.996993 11.51
2.510923 9.009077 11.52
2.508845 9.021155 11.53
2.506768 9.033232 11.54
2.504696 9.045304 11.55
2.502628 9.057372 11.56
2.500566 9.069434 11.57
2.498505 9.081495 11.58
2.496447 9.093553 11.59
2.494395 9.105605 11.6
2.492347 9.117653 11.61
2.490303 9.129697 11.62
2.488262 9.141738 11.63
2.486224 9.153776 11.64
2.484192 9.165808 11.65
2.482162 9.177838 11.66
2.480138 9.189862 11.67
2.478115 9.201885 11.68
2.476098 9.213902 11.69
2.474084 9.225916 11.7
2.472073 9.237927 11.71
2.470067 9.249933 11.72
2.468063 9.261937 11.73
2.466064 9.273936 11.74
2.464068 9.285932 11.75
2.462077 9.297923 11.76
2.460088 9.309912 11.77
2.458103 9.321897 11.78
2.456122 9.333878 11.79
2.454145 9.345855 11.8
2.452171 9.357829 11.81
2.450203 9.369797 11.82
2.448236 9.381764 11.83
2.446273 9.393727 11.84
2.444314 9.405686 11.85
2.442357 9.417643 11.86
2.440406 9.429594 11.87
2.438456 9.441544 11.88
2.436511 9.453489 11.89
2.43457 9.465430 11.9
2.432633 9.477367 11.91
2.430697 9.489303 11.92
2.428766 9.501234 11.93
2.426838 9.513162 11.94
2.424915 9.525085 11.95
2.422993 9.537007 11.96
2.421075 9.548925 11.97
2.419163 9.560837 11.98
2.417252 9.572748 11.99
2.415343 9.584657 12.0
2.413439 9.596561 12.01
2.411539 9.608461 12.02
2.409644 9.620356 12.03
2.407749 9.632251 12.04
2.405857 9.644143 12.05
2.40397 9.656030 12.06
2.402088 9.667912 12.07
2.400207 9.679793 12.08
2.398329 9.691671 12.09
2.396454 9.703546 12.1
2.394585 9.715415 12.11
2.392716 9.727284 12.12
2.390854 9.739146 12.13
2.38899 9.751010 12.14
2.387133 9.762867 12.15
2.385279 9.774721 12.16
2.383428 9.786572 12.17
2.381579 9.798421 12.18
2.379734 9.810266 12.19
2.377893 9.822107 12.2
2.376054 9.833946 12.21
2.374218 9.845782 12.22
2.372386 9.857614 12.23
2.370557 9.869443 12.24
2.368731 9.881269 12.25
2.366908 9.893092 12.26
2.365088 9.904912 12.27
2.363271 9.916729 12.28
2.361457 9.928543 12.29
2.359649 9.940351 12.3
2.357841 9.952159 12.31
2.356036 9.963964 12.32
2.354237 9.975763 12.33
2.352438 9.987562 12.34
2.350645 9.999355 12.35
2.348853 10.011147 12.36
2.347064 10.022936 12.37
2.345279 10.034721 12.38
2.343498 10.046502 12.39
2.341719 10.058281 12.4
2.339943 10.070057 12.41
2.338169 10.081831 12.42
2.3364 10.093600 12.43
2.334634 10.105366 12.44
2.332872 10.117128 12.45
2.33111 10.128890 12.46
2.329354 10.140646 12.47
2.3276 10.152400 12.48
2.325849 10.164151 12.49
2.3241 10.175900 12.5
2.322356 10.187644 12.51
2.320615 10.199385 12.52
2.318876 10.211124 12.53
2.317141 10.222859 12.54
2.315409 10.234591 12.55
2.313678 10.246322 12.56
2.311953 10.258047 12.57
2.310231 10.269769 12.58
2.30851 10.281490 12.59
2.306792 10.293208 12.6
2.30508 10.304920 12.61
2.303369 10.316631 12.62
2.301661 10.328339 12.63
2.299957 10.340043 12.64
2.298255 10.351745 12.65
2.296558 10.363442 12.66
2.294862 10.375138 12.67
2.293169 10.386831 12.68
2.29148 10.398520 12.69
2.289793 10.410207 12.7
2.288109 10.421891 12.71
2.286427 10.433573 12.72
2.28475 10.445250 12.73
2.283076 10.456924 12.74
2.281403 10.468597 12.75
2.279732 10.480268 12.76
2.278068 10.491932 12.77
2.276405 10.503595 12.78
2.274743 10.515257 12.79
2.273084 10.526916 12.8
2.27143 10.538570 12.81
2.269779 10.550221 12.82
2.268129 10.561871 12.83
2.266481 10.573519 12.84
2.264841 10.585159 12.85
2.263198 10.596802 12.86
2.26156 10.608440 12.87
2.259926 10.620074 12.88
2.258292 10.631708 12.89
2.256665 10.643335 12.9
2.255038 10.654962 12.91
2.253412 10.666588 12.92
2.251791 10.678209 12.93
2.250173 10.689827 12.94
2.248558 10.701442 12.95
2.246943 10.713057 12.96
2.245334 10.724666 12.97
2.243727 10.736273 12.98
2.242123 10.747877 12.99
2.24052 10.759480 13.0
2.23892 10.771080 13.01
2.237323 10.782677 13.02
2.235729 10.794271 13.03
2.234139 10.805861 13.04
2.232549 10.817451 13.05
2.230963 10.829037 13.06
2.229379 10.840621 13.07
2.227799 10.852201 13.08
2.226221 10.863779 13.09
2.224643 10.875357 13.1
2.223071 10.886929 13.11
2.2215 10.898500 13.12
2.219931 10.910069 13.13
2.218368 10.921632 13.14
2.216807 10.933193 13.15
2.215244 10.944756 13.16
2.213688 10.956312 13.17
2.212133 10.967867 13.18
2.21058 10.979420 13.19
2.209031 10.990969 13.2
2.207483 11.002517 13.21
2.205941 11.014059 13.22
2.204398 11.025602 13.23
2.202859 11.037141 13.24
2.201321 11.048679 13.25
2.199786 11.060214 13.26
2.198253 11.071747 13.27
2.196725 11.083275 13.28
2.195197 11.094803 13.29
2.193672 11.106328 13.3
2.192151 11.117849 13.31
2.190631 11.129369 13.32
2.189116 11.140884 13.33
2.187598 11.152402 13.34
2.186087 11.163913 13.35
2.184575 11.175425 13.36
2.183069 11.186931 13.37
2.181565 11.198435 13.38
2.180063 11.209937 13.39
2.178563 11.221437 13.4
2.177063 11.232937 13.41
2.17557 11.244430 13.42
2.174075 11.255925 13.43
2.172586 11.267414 13.44
2.171096 11.278904 13.45
2.16961 11.290390 13.46
2.168128 11.301872 13.47
2.166646 11.313354 13.48
2.165168 11.324832 13.49
2.163692 11.336308 13.5
2.162217 11.347783 13.51
2.160746 11.359254 13.52
2.159277 11.370723 13.53
2.15781 11.382190 13.54
2.156345 11.393655 13.55
2.154882 11.405118 13.56
2.153424 11.416576 13.57
2.151966 11.428034 13.58
2.15051 11.439490 13.59
2.149058 11.450942 13.6
2.147606 11.462394 13.61
2.146158 11.473842 13.62
2.144711 11.485289 13.63
2.143267 11.496733 13.64
2.141824 11.508176 13.65
2.140386 11.519614 13.66
2.138947 11.531053 13.67
2.137513 11.542487 13.68
2.136081 11.553919 13.69
2.134649 11.565351 13.7
2.133222 11.576778 13.71
2.131796 11.588204 13.72
2.130372 11.599628 13.73
2.128949 11.611051 13.74
2.12753 11.622470 13.75
2.126113 11.633887 13.76
2.124697 11.645303 13.77
2.123286 11.656714 13.78
2.121875 11.668125 13.79
2.120465 11.679535 13.8
2.119059 11.690941 13.81
2.117656 11.702344 13.82
2.116253 11.713747 13.83
2.114853 11.725147 13.84
2.113457 11.736543 13.85
2.112058 11.747942 13.86
2.110666 11.759334 13.87
2.109275 11.770725 13.88
2.107885 11.782115 13.89
2.106498 11.793502 13.9
2.105111 11.804889 13.91
2.103729 11.816271 13.92
2.102349 11.827651 13.93
2.100972 11.839028 13.94
2.099595 11.850405 13.95
2.098217 11.861783 13.96
2.096846 11.873154 13.97
2.095475 11.884525 13.98
2.094108 11.895892 13.99
2.092742 11.907258 14.0
2.091378 11.918622 14.01
2.090016 11.929984 14.02
2.088655 11.941345 14.03
2.087297 11.952703 14.04
2.08594 11.964060 14.05
2.084586 11.975414 14.06
2.083235 11.986765 14.07
2.081887 11.998113 14.08
2.080537 12.009463 14.09
2.079191 12.020809 14.1
2.077845 12.032155 14.11
2.076507 12.043493 14.12
2.075165 12.054835 14.13
2.073828 12.066172 14.14
2.072494 12.077506 14.15
2.07116 12.088840 14.16
2.069826 12.100174 14.17
2.068496 12.111504 14.18
2.067169 12.122831 14.19
2.065843 12.134157 14.2
2.064517 12.145483 14.21
2.063195 12.156805 14.22
2.061875 12.168125 14.23
2.060556 12.179444 14.24
2.05924 12.190760 14.25
2.057927 12.202073 14.26
2.056613 12.213387 14.27
2.055303 12.224697 14.28
2.053995 12.236005 14.29
2.052687 12.247313 14.3
2.051382 12.258618 14.31
2.050081 12.269919 14.32
2.048778 12.281222 14.33
2.047479 12.292521 14.34
2.046182 12.303818 14.35
2.044888 12.315112 14.36
2.043593 12.326407 14.37
2.042302 12.337698 14.38
2.041012 12.348988 14.39
2.039726 12.360274 14.4
2.038438 12.371562 14.41
2.037155 12.382845 14.42
2.03587 12.394130 14.43
2.034593 12.405407 14.44
2.033311 12.416689 14.45
2.032036 12.427964 14.46
2.03076 12.439240 14.47
2.029489 12.450511 14.48
2.028218 12.461782 14.49
2.026948 12.473052 14.5
2.025679 12.484321 14.51
2.024413 12.495587 14.52
2.02315 12.506850 14.53
2.021887 12.518113 14.54
2.020627 12.529373 14.55
2.019368 12.540632 14.56
2.018112 12.551888 14.57
2.016858 12.563142 14.58
2.015602 12.574398 14.59
2.014351 12.585649 14.6
2.013102 12.596898 14.61
2.011853 12.608147 14.62
2.010609 12.619391 14.63
2.009365 12.630635 14.64
2.008122 12.641878 14.65
2.006879 12.653121 14.66
2.005642 12.664358 14.67
2.004404 12.675596 14.68
2.003169 12.686831 14.69
2.001934 12.698066 14.7
2.000702 12.709298 14.71
1.99947 12.720530 14.72
1.998243 12.731757 14.73
1.997015 12.742985 14.74
1.995789 12.754211 14.75
1.994567 12.765433 14.76
1.993344 12.776656 14.77
1.992125 12.787875 14.78
1.990905 12.799095 14.79
1.989688 12.810312 14.8
1.988473 12.821527 14.81
1.98726 12.832740 14.82
1.986049 12.843951 14.83
1.984839 12.855161 14.84
1.983629 12.866371 14.85
1.982424 12.877576 14.86
1.981219 12.888781 14.87
1.980016 12.899984 14.88
1.978814 12.911186 14.89
1.977615 12.922385 14.9
1.976417 12.933583 14.91
1.975219 12.944781 14.92
1.974024 12.955976 14.93
1.972831 12.967169 14.94
1.97164 12.978360 14.95
1.970449 12.989551 14.96
1.969259 13.000741 14.97
1.968074 13.011926 14.98
1.966891 13.023109 14.99
1.965705 13.034295 15.0
1.964523 13.045477 15.01
1.963342 13.056658 15.02
1.962164 13.067836 15.03
1.960985 13.079015 15.04
1.959811 13.090189 15.05
1.958637 13.101363 15.06
1.957465 13.112535 15.07
1.956292 13.123708 15.08
1.955125 13.134875 15.09
1.953956 13.146044 15.1
1.95279 13.157210 15.11
1.951626 13.168374 15.12
1.950462 13.179538 15.13
1.949301 13.190699 15.14
1.948141 13.201859 15.15
1.946985 13.213015 15.16
1.945827 13.224173 15.17
1.944671 13.235329 15.18
1.943519 13.246481 15.19
1.942368 13.257632 15.2
1.941216 13.268784 15.21
1.940067 13.279933 15.22
1.93892 13.291080 15.23
1.937774 13.302226 15.24
1.936628 13.313372 15.25
1.935488 13.324512 15.26
1.934345 13.335655 15.27
1.933205 13.346795 15.28
1.932068 13.357932 15.29
1.930932 13.369068 15.3
1.929796 13.380204 15.31
1.928664 13.391336 15.32
1.92753 13.402470 15.33
1.9264 13.413600 15.34
1.925271 13.424729 15.35
1.924145 13.435855 15.36
1.923019 13.446981 15.37
1.921893 13.458107 15.38
1.92077 13.469230 15.39
1.919649 13.480351 15.4
1.918527 13.491473 15.41
1.917408 13.502592 15.42
1.916291 13.513709 15.43
1.915175 13.524825 15.44
1.914062 13.535938 15.45
1.912949 13.547051 15.46
1.911837 13.558163 15.47
1.910729 13.569271 15.48
1.90962 13.580380 15.49
1.908513 13.591487 15.5
1.907408 13.602592 15.51
1.906302 13.613698 15.52
1.9052 13.624800 15.53
1.904101 13.635899 15.54
1.903001 13.646999 15.55
1.9019 13.658100 15.56
1.900804 13.669196 15.57
1.899708 13.680292 15.58
1.898615 13.691385 15.59
1.897522 13.702478 15.6
1.89643 13.713570 15.61
1.89534 13.724660 15.62
1.894252 13.735748 15.63
1.893164 13.746836 15.64
1.89208 13.757920 15.65
1.890997 13.769003 15.66
1.889913 13.780087 15.67
1.888832 13.791168 15.68
1.887753 13.802247 15.69
1.886673 13.813327 15.7
1.885594 13.824406 15.71
1.88452 13.835480 15.72
1.883446 13.846554 15.73
1.882375 13.857625 15.74
1.881302 13.868698 15.75
1.880232 13.879768 15.76
1.87916 13.890840 15.77
1.878096 13.901904 15.78
1.877029 13.912971 15.79
1.875963 13.924037 15.8
1.8749 13.935100 15.81
1.873839 13.946161 15.82
1.872779 13.957221 15.83
1.871719 13.968281 15.84
1.87066 13.979340 15.85
1.869604 13.990396 15.86
1.868548 14.001452 15.87
1.867495 14.012505 15.88
1.866441 14.023559 15.89
1.865391 14.034609 15.9
1.864341 14.045659 15.91
1.863293 14.056707 15.92
1.862245 14.067755 15.93
1.861199 14.078801 15.94
1.860154 14.089846 15.95
1.859112 14.100888 15.96
1.858067 14.111933 15.97
1.857028 14.122972 15.98
1.85599 14.134010 15.99
1.854952 14.145048 16.0
1.853914 14.156086 16.01
1.852876 14.167124 16.02
1.851843 14.178157 16.03
1.850812 14.189188 16.04
1.849782 14.200218 16.05
1.848753 14.211247 16.06
1.847723 14.222277 16.07
1.846693 14.233307 16.08
1.845668 14.244332 16.09
1.844643 14.255357 16.1
1.843618 14.266382 16.11
1.842595 14.277405 16.12
1.841575 14.288425 16.13
1.840557 14.299443 16.14
1.839536 14.310464 16.15
1.838519 14.321481 16.16
1.837503 14.332497 16.17
1.836487 14.343513 16.18
1.835473 14.354527 16.19
1.83446 14.365540 16.2
1.833452 14.376548 16.21
1.832441 14.387559 16.22
1.831434 14.398566 16.23
1.830425 14.409575 16.24
1.829419 14.420581 16.25
1.828413 14.431587 16.26
1.827411 14.442589 16.27
1.826409 14.453591 16.28
1.825407 14.464593 16.29
1.82441 14.475590 16.3
1.82341 14.486590 16.31
1.822412 14.497588 16.32
1.821416 14.508584 16.33
1.820423 14.519577 16.34
1.819427 14.530573 16.35
1.818433 14.541567 16.36
1.817445 14.552555 16.37
1.816453 14.563547 16.38
1.815467 14.574533 16.39
1.814476 14.585524 16.4
1.813489 14.596511 16.41
1.812503 14.607497 16.42
1.811521 14.618479 16.43
1.810541 14.629459 16.44
1.809556 14.640444 16.45
1.808577 14.651423 16.46
1.807598 14.662402 16.47
1.806621 14.673379 16.48
1.805641 14.684359 16.49
1.804666 14.695334 16.5
1.803693 14.706307 16.51
1.802718 14.717282 16.52
1.801744 14.728256 16.53
1.800774 14.739226 16.54
1.799807 14.750193 16.55
1.798838 14.761162 16.56
1.79787 14.772130 16.57
1.796904 14.783096 16.58
1.795938 14.794062 16.59
1.794976 14.805024 16.6
1.794011 14.815989 16.61
1.793051 14.826949 16.62
1.792092 14.837908 16.63
1.79113 14.848870 16.64
1.790173 14.859827 16.65
1.789216 14.870784 16.66
1.788258 14.881742 16.67
1.787306 14.892694 16.68
1.786353 14.903647 16.69
1.7854 14.914600 16.7
1.784449 14.925551 16.71
1.783499 14.936501 16.72
1.782548 14.947452 16.73
1.781601 14.958399 16.74
1.780655 14.969345 16.75
1.779709 14.980291 16.76
1.778763 14.991237 16.77
1.777821 15.002179 16.78
1.776878 15.013122 16.79
1.775939 15.024061 16.8
1.774999 15.035001 16.81
1.774061 15.045939 16.82
1.773123 15.056877 16.83
1.772185 15.067815 16.84
1.771249 15.078751 16.85
1.770316 15.089684 16.86
1.769383 15.100617 16.87
1.768451 15.111549 16.88
1.76752 15.122480 16.89
1.766588 15.133412 16.9
1.765661 15.144339 16.91
1.764731 15.155269 16.92
1.763804 15.166196 16.93
1.762883 15.177117 16.94
1.761955 15.188045 16.95
1.761033 15.198967 16.96
1.76011 15.209890 16.97
1.759191 15.220809 16.98
1.758269 15.231731 16.99
1.757347 15.242653 17.0
1.75643 15.253570 17.01
1.755515 15.264485 17.02
1.7546 15.275400 17.03
1.753682 15.286318 17.04
1.752772 15.297228 17.05
1.75186 15.308140 17.06
1.750946 15.319054 17.07
1.750034 15.329966 17.08
1.749126 15.340874 17.09
1.748216 15.351784 17.1
1.74731 15.362690 17.11
1.746403 15.373597 17.12
1.745501 15.384499 17.13
1.744595 15.395405 17.14
1.743692 15.406308 17.15
1.742789 15.417211 17.16
1.741887 15.428113 17.17
1.740988 15.439012 17.18
1.740091 15.449909 17.19
1.739189 15.460811 17.2
1.738295 15.471705 17.21
1.737399 15.482601 17.22
1.736503 15.493497 17.23
1.735609 15.504391 17.24
1.734718 15.515282 17.25
1.733825 15.526175 17.26
1.732934 15.537066 17.27
1.732043 15.547957 17.28
1.731157 15.558843 17.29
1.73027 15.569730 17.3
1.729381 15.580619 17.31
1.728495 15.591505 17.32
1.72761 15.602390 17.33
1.726725 15.613275 17.34
1.725843 15.624157 17.35
1.724963 15.635037 17.36
1.724081 15.645919 17.37
1.723203 15.656797 17.38
1.722325 15.667675 17.39
1.721446 15.678554 17.4
1.720571 15.689429 17.41
1.719693 15.700307 17.42
1.718818 15.711182 17.43
1.717944 15.722056 17.44
1.717073 15.732927 17.45
1.716201 15.743799 17.46
1.715329 15.754671 17.47
1.714459 15.765541 17.48
1.71359 15.776410 17.49
1.712724 15.787276 17.5
1.711856 15.798144 17.51
1.71099 15.809010 17.52
1.710125 15.819875 17.53
1.709262 15.830738 17.54
1.7084 15.841600 17.55
1.707537 15.852463 17.56
1.706677 15.863323 17.57
1.705816 15.874184 17.58
1.704958 15.885042 17.59
1.704097 15.895903 17.6
1.703241 15.906759 17.61
1.702384 15.917616 17.62
1.70153 15.928470 17.63
1.700676 15.939324 17.64
1.699821 15.950179 17.65
1.698969 15.961031 17.66
1.698118 15.971882 17.67
1.697268 15.982732 17.68
1.696419 15.993581 17.69
1.695569 16.004431 17.7
1.694722 16.015278 17.71
1.693875 16.026125 17.72
1.69303 16.036970 17.73
1.692185 16.047815 17.74
1.691341 16.058659 17.75
1.690498 16.069502 17.76
1.689655 16.080345 17.77
1.688813 16.091187 17.78
1.687972 16.102028 17.79
1.687135 16.112865 17.8
1.686295 16.123705 17.81
1.685458 16.134542 17.82
1.68462 16.145380 17.83
1.683784 16.156216 17.84
1.682952 16.167048 17.85
1.682117 16.177883 17.86
1.681283 16.188717 17.87
1.680451 16.199549 17.88
1.679619 16.210381 17.89
1.678791 16.221209 17.9
1.677962 16.232038 17.91
1.677132 16.242868 17.92
1.676304 16.253696 17.93
1.675476 16.264524 17.94
1.674651 16.275349 17.95
1.673829 16.286171 17.96
1.673007 16.296993 17.97
1.672181 16.307819 17.98
1.671358 16.318642 17.99
1.670536 16.329464 18.0
1.669716 16.340284 18.01
1.668895 16.351105 18.02
1.668079 16.361921 18.03
1.66726 16.372740 18.04
1.666444 16.383556 18.05
1.665629 16.394371 18.06
1.664812 16.405188 18.07
1.664 16.416000 18.08
1.663185 16.426815 18.09
1.662372 16.437628 18.1
1.661561 16.448439 18.11
1.660749 16.459251 18.12
1.65994 16.470060 18.13
1.659133 16.480867 18.14
1.658326 16.491674 18.15
1.657517 16.502483 18.16
1.656712 16.513288 18.17
1.655903 16.524097 18.18
1.655099 16.534901 18.19
1.654294 16.545706 18.2
1.653493 16.556507 18.21
1.652692 16.567308 18.22
1.65189 16.578110 18.23
1.651091 16.588909 18.24
1.650291 16.599709 18.25
1.64949 16.610510 18.26
1.648693 16.621307 18.27
1.647897 16.632103 18.28
1.647098 16.642902 18.29
1.646306 16.653694 18.3
1.64551 16.664490 18.31
1.644717 16.675283 18.32
1.643923 16.686077 18.33
1.643131 16.696869 18.34
1.642341 16.707659 18.35
1.641549 16.718451 18.36
1.640761 16.729239 18.37
1.639975 16.740025 18.38
1.639186 16.750814 18.39
1.6384 16.761600 18.4
1.63761 16.772390 18.41
1.636827 16.783173 18.42
1.636039 16.793961 18.43
1.635257 16.804743 18.44
1.634475 16.815525 18.45
1.633695 16.826305 18.46
1.632912 16.837088 18.47
1.632132 16.847868 18.48
1.631352 16.858648 18.49
1.630573 16.869427 18.5
1.629795 16.880205 18.51
1.629016 16.890984 18.52
1.62824 16.901760 18.53
1.627463 16.912537 18.54
1.626693 16.923307 18.55
1.625916 16.934084 18.56
1.625145 16.944855 18.57
1.624371 16.955629 18.58
1.623602 16.966398 18.59
1.622829 16.977171 18.6
1.62206 16.987940 18.61
1.621291 16.998709 18.62
1.620524 17.009476 18.63
1.619755 17.020245 18.64
1.618987 17.031013 18.65
1.618223 17.041777 18.66
1.617456 17.052544 18.67
1.616693 17.063307 18.68
1.615928 17.074072 18.69
1.615167 17.084833 18.7
1.614406 17.095594 18.71
1.613646 17.106354 18.72
1.612883 17.117117 18.73
1.612124 17.127876 18.74
1.611364 17.138636 18.75
1.610609 17.149391 18.76
1.609848 17.160152 18.77
1.609092 17.170908 18.78
1.608335 17.181665 18.79
1.607583 17.192417 18.8
1.606827 17.203173 18.81
1.606074 17.213926 18.82
1.605324 17.224676 18.83
1.60457 17.235430 18.84
1.603817 17.246183 18.85
1.603069 17.256931 18.86
1.602319 17.267681 18.87
1.601573 17.278427 18.88
1.600823 17.289177 18.89
1.600075 17.299925 18.9
1.599329 17.310671 18.91
1.598585 17.321415 18.92
1.597839 17.332161 18.93
1.597093 17.342907 18.94
1.596349 17.353651 18.95
1.595609 17.364391 18.96
1.594868 17.375132 18.97
1.594126 17.385874 18.98
1.593384 17.396616 18.99
1.592644 17.407356 19.0
1.591905 17.418095 19.01
1.591167 17.428833 19.02
1.590431 17.439569 19.03
1.589692 17.450308 19.04
1.588958 17.461042 19.05
1.588221 17.471779 19.06
1.587488 17.482512 19.07
1.586754 17.493246 19.08
1.586021 17.503979 19.09
1.585289 17.514711 19.1
1.584556 17.525444 19.11
1.583825 17.536175 19.12
1.583096 17.546904 19.13
1.582369 17.557631 19.14
1.581641 17.568359 19.15
1.580912 17.579088 19.16
1.580183 17.589817 19.17
1.57946 17.600540 19.18
1.578731 17.611269 19.19
1.578008 17.621992 19.2
1.577285 17.632715 19.21
1.576562 17.643438 19.22
1.575837 17.654163 19.23
1.575114 17.664886 19.24
1.574392 17.675608 19.25
1.573673 17.686327 19.26
1.572952 17.697048 19.27
1.572233 17.707767 19.28
1.571513 17.718487 19.29
1.570798 17.729202 19.3
1.57008 17.739920 19.31
1.569363 17.750637 19.32
1.568649 17.761351 19.33
1.567932 17.772068 19.34
1.56722 17.782780 19.35
1.566507 17.793493 19.36
1.565795 17.804205 19.37
1.565083 17.814917 19.38
1.564372 17.825628 19.39
1.56366 17.836340 19.4
1.56295 17.847050 19.41
1.562239 17.857761 19.42
1.561533 17.868467 19.43
1.560825 17.879175 19.44
1.560115 17.889885 19.45
1.559413 17.900587 19.46
1.558703 17.911297 19.47
1.558001 17.921999 19.48
1.557295 17.932705 19.49
1.556593 17.943407 19.5
1.555889 17.954111 19.51
1.555187 17.964813 19.52
1.554487 17.975513 19.53
1.553784 17.986216 19.54
1.553088 17.996912 19.55
1.552388 18.007612 19.56
1.551688 18.018312 19.57
1.550989 18.029011 19.58
1.550293 18.039707 19.59
1.549596 18.050404 19.6
1.548898 18.061102 19.61
1.548204 18.071796 19.62
1.547511 18.082489 19.63
1.546816 18.093184 19.64
1.546122 18.103878 19.65
1.545429 18.114571 19.66
1.544737 18.125263 19.67
1.544046 18.135954 19.68
1.543354 18.146646 19.69
1.542665 18.157335 19.7
1.54198 18.168020 19.71
1.541289 18.178711 19.72
1.5406 18.189400 19.73
1.539915 18.200085 19.74
1.539227 18.210773 19.75
1.538542 18.221458 19.76
1.537855 18.232145 19.77
1.53717 18.242830 19.78
1.536487 18.253513 19.79
1.535806 18.264194 19.8
1.535122 18.274878 19.81
1.534441 18.285559 19.82
1.53376 18.296240 19.83
1.533077 18.306923 19.84
1.5324 18.317600 19.85
1.531721 18.328279 19.86
1.531039 18.338961 19.87
1.530362 18.349638 19.88
1.529685 18.360315 19.89
1.529013 18.370987 19.9
1.528334 18.381666 19.91
1.527656 18.392344 19.92
1.526983 18.403017 19.93
1.526309 18.413691 19.94
1.525636 18.424364 19.95
1.524966 18.435034 19.96
1.524289 18.445711 19.97
1.523621 18.456379 19.98
1.522948 18.467052 19.99
1.52228 18.477720 20.0
