# 125.3 deg
6.820188 0.049812 6.87
6.715147 0.164853 6.88
6.634148 0.255852 6.89
6.567901 0.332099 6.9
6.510278 0.399722 6.91
6.458483 0.461517 6.92
6.410974 0.519026 6.93
6.366824 0.573176 6.94
6.325403 0.624597 6.95
6.286269 0.673731 6.96
6.249095 0.720905 6.97
6.213618 0.766382 6.98
6.179643 0.810357 6.99
6.147 0.853000 7.0
6.115561 0.894439 7.01
6.085209 0.934791 7.02
6.05585 0.974150 7.03
6.027401 1.012599 7.04
5.99979 1.050210 7.05
5.972959 1.087041 7.06
5.946848 1.123152 7.07
5.921413 1.158587 7.08
5.896609 1.193391 7.09
5.872398 1.227602 7.1
5.848742 1.261258 7.11
5.825615 1.294385 7.12
5.802985 1.327015 7.13
5.780828 1.359172 7.14
5.759116 1.390884 7.15
5.737834 1.422166 7.16
5.716955 1.453045 7.17
5.696466 1.483534 7.18
5.676345 1.513655 7.19
5.65658 1.543420 7.2
5.637154 1.572846 7.21
5.618056 1.601944 7.22
5.599267 1.630733 7.23
5.58078 1.659220 7.24
5.562584 1.687416 7.25
5.544666 1.715334 7.26
5.527016 1.742984 7.27
5.509625 1.770375 7.28
5.492488 1.797512 7.29
5.475589 1.824411 7.3
5.458927 1.851073 7.31
5.442493 1.877507 7.32
5.426277 1.903723 7.33
5.410274 1.929726 7.34
5.39448 1.955520 7.35
5.378883 1.981117 7.36
5.363482 2.006518 7.37
5.348271 2.031729 7.38
5.333244 2.056756 7.39
5.318395 2.081605 7.4
5.303722 2.106278 7.41
5.289218 2.130782 7.42
5.274881 2.155119 7.43
5.260701 2.179299 7.44
5.246678 2.203322 7.45
5.232807 2.227193 7.46
5.219089 2.250911 7.47
5.205516 2.274484 7.48
5.192086 2.297914 7.49
5.178791 2.321209 7.5
5.165632 2.344368 7.51
5.152611 2.367389 7.52
5.139718 2.390282 7.53
5.126951 2.413049 7.54
5.114309 2.435691 7.55
5.101786 2.458214 7.56
5.089382 2.480618 7.57
5.077099 2.502901 7.58
5.064926 2.525074 7.59
5.052867 2.547133 7.6
5.040916 2.569084 7.61
5.029074 2.590926 7.62
5.017336 2.612664 7.63
5.005702 2.634298 7.64
4.994171 2.655829 7.65
4.982739 2.677261 7.66
4.971402 2.698598 7.67
4.960163 2.719837 7.68
4.949016 2.740984 7.69
4.937963 2.762037 7.7
4.927001 2.782999 7.71
4.916128 2.803872 7.72
4.905344 2.824656 7.73
4.894644 2.845356 7.74
4.884028 2.865972 7.75
4.873497 2.886503 7.76
4.863048 2.906952 7.77
4.852679 2.927321 7.78
4.842388 2.947612 7.79
4.832176 2.967824 7.8
4.822041 2.987959 7.81
4.81198 3.008020 7.82
4.801996 3.028004 7.83
4.792083 3.047917 7.84
4.782243 3.067757 7.85
4.772474 3.087526 7.86
4.762774 3.107226 7.87
4.753144 3.126856 7.88
4.74358 3.146420 7.89
4.734085 3.165915 7.9
4.724655 3.185345 7.91
4.715289 3.204711 7.92
4.705989 3.224011 7.93
4.696749 3.243251 7.94
4.687575 3.262425 7.95
4.678458 3.281542 7.96
4.669405 3.300595 7.97
4.660409 3.319591 7.98
4.651474 3.338526 7.99
4.642596 3.357404 8.0
4.633776 3.376224 8.01
4.625011 3.394989 8.02
4.616304 3.413696 8.03
4.60765 3.432350 8.04
4.59905 3.450950 8.05
4.590504 3.469496 8.06
4.582013 3.487987 8.07
4.573573 3.506427 8.08
4.565184 3.524816 8.09
4.556846 3.543154 8.1
4.548561 3.561439 8.11
4.540322 3.579678 8.12
4.532133 3.597867 8.13
4.523993 3.616007 8.14
4.515903 3.634097 8.15
4.507858 3.652142 8.16
4.49986 3.670140 8.17
4.491908 3.688092 8.18
4.484005 3.705995 8.19
4.476144 3.723856 8.2
4.468328 3.741672 8.21
4.460554 3.759446 8.22
4.45283 3.777170 8.23
4.445144 3.794856 8.24
4.4375 3.812500 8.25
4.429901 3.830099 8.26
4.422344 3.847656 8.27
4.414827 3.865173 8.28
4.407351 3.882649 8.29
4.399916 3.900084 8.3
4.392519 3.917481 8.31
4.385163 3.934837 8.32
4.377848 3.952152 8.33
4.370568 3.969432 8.34
4.363329 3.986671 8.35
4.356128 4.003872 8.36
4.348963 4.021037 8.37
4.341835 4.038165 8.38
4.334745 4.055255 8.39
4.327691 4.072309 8.4
4.320673 4.089327 8.41
4.31369 4.106310 8.42
4.306742 4.123258 8.43
4.29983 4.140170 8.44
4.292953 4.157047 8.45
4.286109 4.173891 8.46
4.279298 4.190702 8.47
4.272524 4.207476 8.48
4.265781 4.224219 8.49
4.25907 4.240930 8.5
4.252392 4.257608 8.51
4.245747 4.274253 8.52
4.239134 4.290866 8.53
4.232554 4.307446 8.54
4.226003 4.323997 8.55
4.219484 4.340516 8.56
4.212996 4.357004 8.57
4.20654 4.373460 8.58
4.200112 4.389888 8.59
4.193713 4.406287 8.6
4.187348 4.422652 8.61
4.18101 4.438990 8.62
4.1747 4.455300 8.63
4.16842 4.471580 8.64
4.16217 4.487830 8.65
4.155945 4.504055 8.66
4.149751 4.520249 8.67
4.143583 4.536417 8.68
4.137447 4.552553 8.69
4.131333 4.568667 8.7
4.125249 4.584751 8.71
4.119191 4.600809 8.72
4.11316 4.616840 8.73
4.107156 4.632844 8.74
4.101177 4.648823 8.75
4.095223 4.664777 8.76
4.089299 4.680701 8.77
4.083399 4.696601 8.78
4.077523 4.712477 8.79
4.071673 4.728327 8.8
4.065848 4.744152 8.81
4.060047 4.759953 8.82
4.054271 4.775729 8.83
4.048519 4.791481 8.84
4.042794 4.807206 8.85
4.037091 4.822909 8.86
4.031412 4.838588 8.87
4.025755 4.854245 8.88
4.020122 4.869878 8.89
4.014514 4.885486 8.9
4.008928 4.901072 8.91
4.003364 4.916636 8.92
3.997823 4.932177 8.93
3.992308 4.947692 8.94
3.986812 4.963188 8.95
3.981337 4.978663 8.96
3.975886 4.994114 8.97
3.970458 5.009542 8.98
3.965048 5.024952 8.99
3.959661 5.040339 9.0
3.954297 5.055703 9.01
3.948951 5.071049 9.02
3.94363 5.086370 9.03
3.938328 5.101672 9.04
3.933047 5.116953 9.05
3.927786 5.132214 9.06
3.922547 5.147453 9.07
3.917326 5.162674 9.08
3.912126 5.177874 9.09
3.906946 5.193054 9.1
3.901787 5.208213 9.11
3.896646 5.223354 9.12
3.891525 5.238475 9.13
3.886422 5.253578 9.14
3.881342 5.268658 9.15
3.876277 5.283723 9.16
3.871233 5.298767 9.17
3.866208 5.313792 9.18
3.861203 5.328797 9.19
3.856214 5.343786 9.2
3.851244 5.358756 9.21
3.846293 5.373707 9.22
3.841361 5.388639 9.23
3.836446 5.403554 9.24
3.831549 5.418451 9.25
3.826669 5.433331 9.26
3.821807 5.448193 9.27
3.816965 5.463035 9.28
3.812139 5.477861 9.29
3.807329 5.492671 9.3
3.802537 5.507463 9.31
3.797764 5.522236 9.32
3.793006 5.536994 9.33
3.788264 5.551736 9.34
3.78354 5.566460 9.35
3.778835 5.581165 9.36
3.774143 5.595857 9.37
3.769469 5.610531 9.38
3.764811 5.625189 9.39
3.76017 5.639830 9.4
3.755545 5.654455 9.41
3.750935 5.669065 9.42
3.74634 5.683660 9.43
3.741765 5.698235 9.44
3.737202 5.712798 9.45
3.732655 5.727345 9.46
3.728124 5.741876 9.47
3.723611 5.756389 9.48
3.71911 5.770890 9.49
3.714627 5.785373 9.5
3.710154 5.799846 9.51
3.705701 5.814299 9.52
3.701263 5.828737 9.53
3.696837 5.843163 9.54
3.692427 5.857573 9.55
3.688032 5.871968 9.56
3.683652 5.886348 9.57
3.679286 5.900714 9.58
3.674934 5.915066 9.59
3.670596 5.929404 9.6
3.666274 5.943726 9.61
3.661965 5.958035 9.62
3.657669 5.972331 9.63
3.653387 5.986613 9.64
3.649122 6.000878 9.65
3.644868 6.015132 9.66
3.640629 6.029371 9.67
3.636403 6.043597 9.68
3.632191 6.057809 9.69
3.627994 6.072006 9.7
3.623807 6.086193 9.71
3.619636 6.100364 9.72
3.615477 6.114523 9.73
3.611331 6.128669 9.74
3.607201 6.142799 9.75
3.603081 6.156919 9.76
3.598973 6.171027 9.77
3.594882 6.185118 9.78
3.590801 6.199199 9.79
3.586732 6.213268 9.8
3.582677 6.227323 9.81
3.578635 6.241365 9.82
3.574606 6.255394 9.83
3.570587 6.269413 9.84
3.566581 6.283419 9.85
3.56259 6.297410 9.86
3.558608 6.311392 9.87
3.554639 6.325361 9.88
3.550683 6.339317 9.89
3.546739 6.353261 9.9
3.542806 6.367194 9.91
3.538885 6.381115 9.92
3.534975 6.395025 9.93
3.531077 6.408923 9.94
3.527192 6.422808 9.95
3.523317 6.436683 9.96
3.519454 6.450546 9.97
3.515604 6.464396 9.98
3.511764 6.478236 9.99
3.507934 6.492066 10.0
3.504116 6.505884 10.01
3.50031 6.519690 10.02
3.496514 6.533486 10.03
3.492731 6.547269 10.04
3.488956 6.561044 10.05
3.485194 6.574806 10.06
3.481443 6.588557 10.07
3.477703 6.602297 10.08
3.473972 6.616028 10.09
3.470252 6.629748 10.1
3.466544 6.643456 10.11
3.462845 6.657155 10.12
3.459156 6.670844 10.13
3.45548 6.684520 10.14
3.451812 6.698188 10.15
3.448156 6.711844 10.16
3.444508 6.725492 10.17
3.440872 6.739128 10.18
3.437246 6.752754 10.19
3.43363 6.766370 10.2
3.430023 6.779977 10.21
3.426426 6.793574 10.22
3.42284 6.807160 10.23
3.419262 6.820738 10.24
3.415695 6.834305 10.25
3.412137 6.847863 10.26
3.408588 6.861412 10.27
3.405051 6.874949 10.28
3.40152 6.888480 10.29
3.398001 6.901999 10.3
3.394491 6.915509 10.31
3.390991 6.929009 10.32
3.3875 6.942500 10.33
3.384017 6.955983 10.34
3.380544 6.969456 10.35
3.377081 6.982919 10.36
3.373627 6.996373 10.37
3.370181 7.009819 10.38
3.366745 7.023255 10.39
3.36332 7.036680 10.4
3.359902 7.050098 10.41
3.356491 7.063509 10.42
3.353091 7.076909 10.43
3.349702 7.090298 10.44
3.34632 7.103680 10.45
3.342946 7.117054 10.46
3.33958 7.130420 10.47
3.336225 7.143775 10.48
3.332876 7.157124 10.49
3.32954 7.170460 10.5
3.326208 7.183792 10.51
3.322886 7.197114 10.52
3.319574 7.210426 10.53
3.31627 7.223730 10.54
3.312973 7.237027 10.55
3.309684 7.250316 10.56
3.306407 7.263593 10.57
3.303135 7.276865 10.58
3.299871 7.290129 10.59
3.296616 7.303384 10.6
3.293371 7.316629 10.61
3.290133 7.329867 10.62
3.286901 7.343099 10.63
3.283679 7.356321 10.64
3.280466 7.369534 10.65
3.27726 7.382740 10.66
3.274062 7.395938 10.67
3.270871 7.409129 10.68
3.26769 7.422310 10.69
3.264515 7.435485 10.7
3.261347 7.448653 10.71
3.258188 7.461812 10.72
3.255038 7.474962 10.73
3.251894 7.488106 10.74
3.248758 7.501242 10.75
3.24563 7.514370 10.76
3.24251 7.527490 10.77
3.239398 7.540602 10.78
3.236292 7.553708 10.79
3.233192 7.566808 10.8
3.230102 7.579898 10.81
3.22702 7.592980 10.82
3.223946 7.606054 10.83
3.220877 7.619123 10.84
3.217815 7.632185 10.85
3.214762 7.645238 10.86
3.211716 7.658284 10.87
3.208677 7.671323 10.88
3.205646 7.684354 10.89
3.202621 7.697379 10.9
3.199603 7.710397 10.91
3.196594 7.723406 10.92
3.19359 7.736410 10.93
3.190594 7.749406 10.94
3.187605 7.762395 10.95
3.184622 7.775378 10.96
3.181648 7.788352 10.97
3.17868 7.801320 10.98
3.175717 7.814283 10.99
3.172763 7.827237 11.0
3.169815 7.840185 11.01
3.166873 7.853127 11.02
3.16394 7.866060 11.03
3.161013 7.878987 11.04
3.158092 7.891908 11.05
3.155179 7.904821 11.06
3.152273 7.917727 11.07
3.149371 7.930629 11.08
3.146477 7.943523 11.09
3.143591 7.956409 11.1
3.140709 7.969291 11.11
3.137834 7.982166 11.12
3.134966 7.995034 11.13
3.132105 8.007895 11.14
3.129251 8.020749 11.15
3.126403 8.033597 11.16
3.12356 8.046440 11.17
3.120724 8.059276 11.18
3.117895 8.072105 11.19
3.115071 8.084929 11.2
3.112254 8.097746 11.21
3.109443 8.110557 11.22
3.106641 8.123359 11.23
3.103841 8.136159 11.24
3.101051 8.148949 11.25
3.098264 8.161736 11.26
3.095483 8.174517 11.27
3.092712 8.187288 11.28
3.089945 8.200055 11.29
3.087183 8.212817 11.3
3.084428 8.225572 11.31
3.081679 8.238321 11.32
3.078936 8.251064 11.33
3.076197 8.263803 11.34
3.073464 8.276536 11.35
3.070741 8.289259 11.36
3.068022 8.301978 11.37
3.065307 8.314693 11.38
3.062599 8.327401 11.39
3.059898 8.340102 11.4
3.057202 8.352798 11.41
3.054511 8.365489 11.42
3.051826 8.378174 11.43
3.049147 8.390853 11.44
3.046474 8.403526 11.45
3.043807 8.416193 11.46
3.041144 8.428856 11.47
3.038489 8.441511 11.48
3.035837 8.454163 11.49
3.033192 8.466808 11.5
3.030553 8.479447 11.51
3.027917 8.492083 11.52
3.025291 8.504709 11.53
3.022668 8.517332 11.54
3.020048 8.529952 11.55
3.017438 8.542562 11.56
3.014833 8.555167 11.57
3.01223 8.567770 11.58
3.009634 8.580366 11.59
3.007043 8.592957 11.6
3.004459 8.605541 11.61
3.00188 8.618120 11.62
2.999304 8.630696 11.63
2.996734 8.643266 11.64
2.994172 8.655828 11.65
2.991614 8.668386 11.66
2.98906 8.680940 11.67
2.98651 8.693490 11.68
2.983968 8.706032 11.69
2.981431 8.718569 11.7
2.978898 8.731102 11.71
2.976371 8.743629 11.72
2.97385 8.756150 11.73
2.971332 8.768668 11.74
2.96882 8.781180 11.75
2.966311 8.793689 11.76
2.963809 8.806191 11.77
2.961314 8.818686 11.78
2.95882 8.831180 11.79
2.956332 8.843668 11.8
2.953851 8.856149 11.81
2.951375 8.868625 11.82
2.948903 8.881097 11.83
2.946435 8.893565 11.84
2.943972 8.906028 11.85
2.941515 8.918485 11.86
2.939063 8.930937 11.87
2.936615 8.943385 11.88
2.934171 8.955829 11.89
2.931734 8.968266 11.9
2.9293 8.980700 11.91
2.926871 8.993129 11.92
2.924448 9.005552 11.93
2.922028 9.017972 11.94
2.919614 9.030386 11.95
2.917202 9.042798 11.96
2.914798 9.055202 11.97
2.9124 9.067600 11.98
2.910002 9.079998 11.99
2.907612 9.092388 12.0
2.905223 9.104777 12.01
2.902842 9.117158 12.02
2.900466 9.129534 12.03
2.898092 9.141908 12.04
2.895724 9.154276 12.05
2.893361 9.166639 12.06
2.891002 9.178998 12.07
2.888645 9.191355 12.08
2.886296 9.203704 12.09
2.88395 9.216050 12.1
2.88161 9.228390 12.11
2.879272 9.240728 12.12
2.87694 9.253060 12.13
2.87461 9.265390 12.14
2.872287 9.277713 12.15
2.869968 9.290032 12.16
2.867654 9.302346 12.17
2.865342 9.314658 12.18
2.863037 9.326963 12.19
2.860735 9.339265 12.2
2.858438 9.351562 12.21
2.856143 9.363857 12.22
2.853855 9.376145 12.23
2.851569 9.388431 12.24
2.849288 9.400712 12.25
2.847012 9.412988 12.26
2.844739 9.425261 12.27
2.842471 9.437529 12.28
2.840206 9.449794 12.29
2.837949 9.462051 12.3
2.835693 9.474307 12.31
2.83344 9.486560 12.32
2.831195 9.498805 12.33
2.82895 9.511050 12.34
2.826711 9.523289 12.35
2.824477 9.535523 12.36
2.822244 9.547756 12.37
2.820018 9.559982 12.38
2.817794 9.572206 12.39
2.815577 9.584423 12.4
2.813362 9.596638 12.41
2.81115 9.608850 12.42
2.808942 9.621058 12.43
2.806742 9.633258 12.44
2.804542 9.645458 12.45
2.802346 9.657654 12.46
2.800154 9.669846 12.47
2.797968 9.682032 12.48
2.795786 9.694214 12.49
2.793604 9.706396 12.5
2.791429 9.718571 12.51
2.789256 9.730744 12.52
2.787088 9.742912 12.53
2.784925 9.755075 12.54
2.782764 9.767236 12.55
2.780607 9.779393 12.56
2.778455 9.791545 12.57
2.776307 9.803693 12.58
2.774161 9.815839 12.59
2.772018 9.827982 12.6
2.769883 9.840117 12.61
2.767749 9.852251 12.62
2.765617 9.864383 12.63
2.763491 9.876509 12.64
2.761368 9.888632 12.65
2.75925 9.900750 12.66
2.757135 9.912865 12.67
2.755024 9.924976 12.68
2.752916 9.937084 12.69
2.750813 9.949187 12.7
2.748712 9.961288 12.71
2.746614 9.973386 12.72
2.744523 9.985477 12.73
2.742434 9.997566 12.74
2.740348 10.009652 12.75
2.738266 10.021734 12.76
2.736188 10.033812 12.77
2.734115 10.045885 12.78
2.732043 10.057957 12.79
2.729976 10.070024 12.8
2.727912 10.082088 12.81
2.725852 10.094148 12.82
2.723798 10.106202 12.83
2.721744 10.118256 12.84
2.719697 10.130303 12.85
2.717651 10.142349 12.86
2.715609 10.154391 12.87
2.713572 10.166428 12.88
2.711537 10.178463 12.89
2.709509 10.190491 12.9
2.707482 10.202518 12.91
2.705458 10.214542 12.92
2.703438 10.226562 12.93
2.701423 10.238577 12.94
2.699412 10.250588 12.95
2.697402 10.262598 12.96
2.695398 10.274602 12.97
2.693396 10.286604 12.98
2.6914 10.298600 12.99
2.689405 10.310595 13.0
2.687415 10.322585 13.01
2.685428 10.334572 13.02
2.683445 10.346555 13.03
2.681465 10.358535 13.04
2.679489 10.370511 13.05
2.677517 10.382483 13.06
2.675546 10.394454 13.07
2.673581 10.406419 13.08
2.671619 10.418381 13.09
2.669658 10.430342 13.1
2.667705 10.442295 13.11
2.665751 10.454249 13.12
2.663803 10.466197 13.13
2.661858 10.478142 13.14
2.659917 10.490083 13.15
2.657977 10.502023 13.16
2.656043 10.513957 13.17
2.654112 10.525888 13.18
2.652183 10.537817 13.19
2.650257 10.549743 13.2
2.648336 10.561664 13.21
2.646419 10.573581 13.22
2.644504 10.585496 13.23
2.642594 10.597406 13.24
2.640683 10.609317 13.25
2.638778 10.621222 13.26
2.636877 10.633123 13.27
2.63498 10.645020 13.28
2.633083 10.656917 13.29
2.63119 10.668810 13.3
2.629303 10.680697 13.31
2.627417 10.692583 13.32
2.625536 10.704464 13.33
2.623654 10.716346 13.34
2.621778 10.728222 13.35
2.619905 10.740095 13.36
2.618036 10.751964 13.37
2.61617 10.763830 13.38
2.614307 10.775693 13.39
2.612449 10.787551 13.4
2.610589 10.799411 13.41
2.608738 10.811262 13.42
2.606885 10.823115 13.43
2.605039 10.834961 13.44
2.603193 10.846807 13.45
2.601353 10.858647 13.46
2.599516 10.870484 13.47
2.59768 10.882320 13.48
2.595849 10.894151 13.49
2.594019 10.905981 13.5
2.592192 10.917808 13.51
2.59037 10.929630 13.52
2.588552 10.941448 13.53
2.586734 10.953266 13.54
2.58492 10.965080 13.55
2.583108 10.976892 13.56
2.581301 10.988699 13.57
2.579496 11.000504 13.58
2.577696 11.012304 13.59
2.575896 11.024104 13.6
2.574101 11.035899 13.61
2.572307 11.047693 13.62
2.570517 11.059483 13.63
2.568732 11.071268 13.64
2.566946 11.083054 13.65
2.565167 11.094833 13.66
2.563386 11.106614 13.67
2.561614 11.118386 13.68
2.55984 11.130160 13.69
2.558069 11.141931 13.7
2.556303 11.153697 13.71
2.55454 11.165460 13.72
2.552781 11.177219 13.73
2.551022 11.188978 13.74
2.549267 11.200733 13.75
2.547514 11.212486 13.76
2.545764 11.224236 13.77
2.544019 11.235981 13.78
2.542275 11.247725 13.79
2.540535 11.259465 13.8
2.538796 11.271204 13.81
2.537062 11.282938 13.82
2.535328 11.294672 13.83
2.533599 11.306401 13.84
2.531873 11.318127 13.85
2.530147 11.329853 13.86
2.528425 11.341575 13.87
2.526707 11.353293 13.88
2.524992 11.365008 13.89
2.523279 11.376721 13.9
2.521566 11.388434 13.91
2.519861 11.400139 13.92
2.518155 11.411845 13.93
2.516452 11.423548 13.94
2.514754 11.435246 13.95
2.513056 11.446944 13.96
2.511362 11.458638 13.97
2.509669 11.470331 13.98
2.507983 11.482017 13.99
2.506296 11.493704 14.0
2.504613 11.505387 14.01
2.502932 11.517068 14.02
2.501253 11.528747 14.03
2.499578 11.540422 14.04
2.497904 11.552096 14.05
2.496234 11.563766 14.06
2.494567 11.575433 14.07
2.492905 11.587095 14.08
2.491239 11.598761 14.09
2.489581 11.610419 14.1
2.48792 11.622080 14.11
2.48627 11.633730 14.12
2.484616 11.645384 14.13
2.482968 11.657032 14.14
2.481322 11.668678 14.15
2.479677 11.680323 14.16
2.478034 11.691966 14.17
2.476394 11.703606 14.18
2.47476 11.715240 14.19
2.473124 11.726876 14.2
2.471492 11.738508 14.21
2.469864 11.750136 14.22
2.468236 11.761764 14.23
2.466612 11.773388 14.24
2.464991 11.785009 14.25
2.463372 11.796628 14.26
2.461753 11.808247 14.27
2.46014 11.819860 14.28
2.45853 11.831470 14.29
2.456919 11.843081 14.3
2.455311 11.854689 14.31
2.45371 11.866290 14.32
2.452107 11.877893 14.33
2.450508 11.889492 14.34
2.44891 11.901090 14.35
2.447316 11.912684 14.36
2.445723 11.924277 14.37
2.444134 11.935866 14.38
2.442547 11.947453 14.39
2.440962 11.959038 14.4
2.439378 11.970622 14.41
2.437797 11.982203 14.42
2.436221 11.993779 14.43
2.434648 12.005352 14.44
2.433071 12.016929 14.45
2.431501 12.028499 14.46
2.429932 12.040068 14.47
2.428368 12.051632 14.48
2.426804 12.063196 14.49
2.425244 12.074756 14.5
2.423683 12.086317 14.51
2.422125 12.097875 14.52
2.420574 12.109426 14.53
2.419021 12.120979 14.54
2.417471 12.132529 14.55
2.415923 12.144077 14.56
2.414378 12.155622 14.57
2.412836 12.167164 14.58
2.411295 12.178705 14.59
2.409756 12.190244 14.6
2.408221 12.201779 14.61
2.406688 12.213312 14.62
2.405157 12.224843 14.63
2.403628 12.236372 14.64
2.4021 12.247900 14.65
2.400574 12.259426 14.66
2.399053 12.270947 14.67
2.397534 12.282466 14.68
2.396015 12.293985 14.69
2.3945 12.305500 14.7
2.392985 12.317015 14.71
2.391474 12.328526 14.72
2.389966 12.340034 14.73
2.388459 12.351541 14.74
2.386952 12.363048 14.75
2.385451 12.374549 14.76
2.38395 12.386050 14.77
2.382453 12.397547 14.78
2.380957 12.409043 14.79
2.379463 12.420537 14.8
2.377971 12.432029 14.81
2.376482 12.443518 14.82
2.374995 12.455005 14.83
2.373509 12.466491 14.84
2.372025 12.477975 14.85
2.370547 12.489453 14.86
2.369067 12.500933 14.87
2.367592 12.512408 14.88
2.366115 12.523885 14.89
2.364644 12.535356 14.9
2.363174 12.546826 14.91
2.361706 12.558294 14.92
2.36024 12.569760 14.93
2.358777 12.581223 14.94
2.357313 12.592687 14.95
2.355855 12.604145 14.96
2.354396 12.615604 14.97
2.352941 12.627059 14.98
2.351488 12.638512 14.99
2.350038 12.649962 15.0
2.348587 12.661413 15.01
2.34714 12.672860 15.02
2.345694 12.684306 15.03
2.344252 12.695748 15.04
2.34281 12.707190 15.05
2.341371 12.718629 15.06
2.339936 12.730064 15.07
2.338499 12.741501 15.08
2.337066 12.752934 15.09
2.335634 12.764366 15.1
2.334207 12.775793 15.11
2.332779 12.787221 15.12
2.331354 12.798646 15.13
2.329932 12.810068 15.14
2.328512 12.821488 15.15
2.327093 12.832907 15.16
2.325675 12.844325 15.17
2.324258 12.855742 15.18
2.322848 12.867152 15.19
2.321436 12.878564 15.2
2.320026 12.889974 15.21
2.318619 12.901381 15.22
2.317215 12.912785 15.23
2.31581 12.924190 15.24
2.314408 12.935592 15.25
2.31301 12.946990 15.26
2.311612 12.958388 15.27
2.310216 12.969784 15.28
2.308825 12.981175 15.29
2.307433 12.992567 15.3
2.306042 13.003958 15.31
2.304655 13.015345 15.32
2.303269 13.026731 15.33
2.301885 13.038115 15.34
2.300503 13.049497 15.35
2.299125 13.060875 15.36
2.297747 13.072253 15.37
2.296368 13.083632 15.38
2.294995 13.095005 15.39
2.293622 13.106378 15.4
2.292251 13.117749 15.41
2.290883 13.129117 15.42
2.289515 13.140485 15.43
2.28815 13.151850 15.44
2.286789 13.163211 15.45
2.285425 13.174575 15.46
2.284067 13.185933 15.47
2.282711 13.197289 15.48
2.281353 13.208647 15.49
2.280001 13.219999 15.5
2.278648 13.231352 15.51
2.277298 13.242702 15.52
2.275949 13.254051 15.53
2.274604 13.265396 15.54
2.273258 13.276742 15.55
2.271915 13.288085 15.56
2.270574 13.299426 15.57
2.269235 13.310765 15.58
2.267898 13.322102 15.59
2.266561 13.333439 15.6
2.265229 13.344771 15.61
2.263895 13.356105 15.62
2.262565 13.367435 15.63
2.261236 13.378764 15.64
2.25991 13.390090 15.65
2.258585 13.401415 15.66
2.257262 13.412738 15.67
2.255939 13.424061 15.68
2.254621 13.435379 15.69
2.253303 13.446697 15.7
2.251986 13.458014 15.71
2.250672 13.469328 15.72
2.249361 13.480639 15.73
2.24805 13.491950 15.74
2.246739 13.503261 15.75
2.245432 13.514568 15.76
2.244126 13.525874 15.77
2.242823 13.537177 15.78
2.24152 13.548480 15.79
2.24022 13.559780 15.8
2.23892 13.571080 15.81
2.237625 13.582375 15.82
2.236329 13.593671 15.83
2.235035 13.604965 15.84
2.233744 13.616256 15.85
2.232453 13.627547 15.86
2.231164 13.638836 15.87
2.229878 13.650122 15.88
2.228592 13.661408 15.89
2.227312 13.672688 15.9
2.226028 13.683972 15.91
2.224748 13.695252 15.92
2.223469 13.706531 15.93
2.222194 13.717806 15.94
2.220917 13.729083 15.95
2.219644 13.740356 15.96
2.218372 13.751628 15.97
2.217102 13.762898 15.98
2.215835 13.774165 15.99
2.214567 13.785433 16.0
2.213302 13.796698 16.01
2.212037 13.807963 16.02
2.210777 13.819223 16.03
2.209517 13.830483 16.04
2.208259 13.841741 16.05
2.207003 13.852997 16.06
2.205747 13.864253 16.07
2.204492 13.875508 16.08
2.203241 13.886759 16.09
2.201992 13.898008 16.1
2.200739 13.909261 16.11
2.199495 13.920505 16.12
2.19825 13.931750 16.13
2.197008 13.942992 16.14
2.195763 13.954237 16.15
2.194521 13.965479 16.16
2.193282 13.976718 16.17
2.192045 13.987955 16.18
2.19081 13.999190 16.19
2.189574 14.010426 16.2
2.188344 14.021656 16.21
2.187112 14.032888 16.22
2.185883 14.044117 16.23
2.184654 14.055346 16.24
2.183428 14.066572 16.25
2.182201 14.077799 16.26
2.18098 14.089020 16.27
2.179757 14.100243 16.28
2.178537 14.111463 16.29
2.17732 14.122680 16.3
2.176102 14.133898 16.31
2.174885 14.145115 16.32
2.173672 14.156328 16.33
2.17246 14.167540 16.34
2.171247 14.178753 16.35
2.170038 14.189962 16.36
2.168831 14.201169 16.37
2.167625 14.212375 16.38
2.166421 14.223579 16.39
2.165217 14.234783 16.4
2.164015 14.245985 16.41
2.162813 14.257187 16.42
2.161617 14.268383 16.43
2.16042 14.279580 16.44
2.159223 14.290777 16.45
2.158032 14.301968 16.46
2.156836 14.313164 16.47
2.155647 14.324353 16.48
2.154454 14.335546 16.49
2.153267 14.346733 16.5
2.15208 14.357920 16.51
2.150895 14.369105 16.52
2.149709 14.380291 16.53
2.148526 14.391474 16.54
2.14735 14.402650 16.55
2.146169 14.413831 16.56
2.144989 14.425011 16.57
2.143814 14.436186 16.58
2.14264 14.447360 16.59
2.141467 14.458533 16.6
2.140293 14.469707 16.61
2.139123 14.480877 16.62
2.137956 14.492044 16.63
2.136786 14.503214 16.64
2.13562 14.514380 16.65
2.134455 14.525545 16.66
2.133291 14.536709 16.67
2.132129 14.547871 16.68
2.130969 14.559031 16.69
2.129809 14.570191 16.7
2.128652 14.581348 16.71
2.127495 14.592505 16.72
2.126342 14.603658 16.73
2.125188 14.614812 16.74
2.124037 14.625963 16.75
2.122884 14.637116 16.76
2.121735 14.648265 16.77
2.120589 14.659411 16.78
2.119441 14.670559 16.79
2.118297 14.681703 16.8
2.117155 14.692845 16.81
2.116013 14.703987 16.82
2.114873 14.715127 16.83
2.11373 14.726270 16.84
2.112595 14.737405 16.85
2.111459 14.748541 16.86
2.110322 14.759678 16.87
2.109191 14.770809 16.88
2.108057 14.781943 16.89
2.106924 14.793076 16.9
2.105796 14.804204 16.91
2.104668 14.815332 16.92
2.10354 14.826460 16.93
2.102416 14.837584 16.94
2.101292 14.848708 16.95
2.10017 14.859830 16.96
2.099047 14.870953 16.97
2.097929 14.882071 16.98
2.09681 14.893190 16.99
2.09569 14.904310 17.0
2.094575 14.915425 17.01
2.093459 14.926541 17.02
2.092347 14.937653 17.03
2.091234 14.948766 17.04
2.090127 14.959873 17.05
2.089017 14.970983 17.06
2.087907 14.982093 17.07
2.086801 14.993199 17.08
2.085694 15.004306 17.09
2.08459 15.015410 17.1
2.08349 15.026510 17.11
2.082386 15.037614 17.12
2.081289 15.048711 17.13
2.080189 15.059811 17.14
2.07909 15.070910 17.15
2.077994 15.082006 17.16
2.076898 15.093102 17.17
2.075807 15.104193 17.18
2.074714 15.115286 17.19
2.073622 15.126378 17.2
2.072535 15.137465 17.21
2.071446 15.148554 17.22
2.070359 15.159641 17.23
2.069272 15.170728 17.24
2.068188 15.181812 17.25
2.067105 15.192895 17.26
2.066022 15.203978 17.27
2.064941 15.215059 17.28
2.063862 15.226138 17.29
2.062785 15.237215 17.3
2.061708 15.248292 17.31
2.060632 15.259368 17.32
2.059556 15.270444 17.33
2.058484 15.281516 17.34
2.057411 15.292589 17.35
2.056342 15.303658 17.36
2.055271 15.314729 17.37
2.054205 15.325795 17.38
2.053139 15.336861 17.39
2.052072 15.347928 17.4
2.051009 15.358991 17.41
2.049946 15.370054 17.42
2.048883 15.381117 17.43
2.047821 15.392179 17.44
2.046762 15.403238 17.45
2.045704 15.414296 17.46
2.044647 15.425353 17.47
2.043593 15.436407 17.48
2.042538 15.447462 17.49
2.041485 15.458515 17.5
2.040433 15.469567 17.51
2.039382 15.480618 17.52
2.03833 15.491670 17.53
2.037284 15.502716 17.54
2.036237 15.513763 17.55
2.03519 15.524810 17.56
2.034146 15.535854 17.57
2.033103 15.546897 17.58
2.03206 15.557940 17.59
2.031018 15.568982 17.6
2.029978 15.580022 17.61
2.028937 15.591063 17.62
2.027903 15.602097 17.63
2.026867 15.613133 17.64
2.025829 15.624171 17.65
2.024798 15.635202 17.66
2.023765 15.646235 17.67
2.022731 15.657269 17.68
2.021702 15.668298 17.69
2.02067 15.679330 17.7
2.019645 15.690355 17.71
2.018618 15.701382 17.72
2.017592 15.712408 17.73
2.016566 15.723434 17.74
2.015543 15.734457 17.75
2.01452 15.745480 17.76
2.013498 15.756502 17.77
2.012478 15.767522 17.78
2.011459 15.778541 17.79
2.010444 15.789556 17.8
2.009427 15.800573 17.81
2.00841 15.811590 17.82
2.007396 15.822604 17.83
2.006381 15.833619 17.84
2.005372 15.844628 17.85
2.004361 15.855639 17.86
2.00335 15.866650 17.87
2.002342 15.877658 17.88
2.001334 15.888666 17.89
2.000327 15.899673 17.9
1.999322 15.910678 17.91
1.998319 15.921681 17.92
1.997313 15.932687 17.93
1.996311 15.943689 17.94
1.995313 15.954687 17.95
1.994313 15.965687 17.96
1.993317 15.976683 17.97
1.992319 15.987681 17.98
1.991322 15.998678 17.99
1.990326 16.009674 18.0
1.989332 16.020668 18.01
1.988338 16.031662 18.02
1.987348 16.042652 18.03
1.986356 16.053644 18.04
1.985366 16.064634 18.05
1.984379 16.075621 18.06
1.983391 16.086609 18.07
1.982405 16.097595 18.08
1.98142 16.108580 18.09
1.980434 16.119566 18.1
1.979452 16.130548 18.11
1.978469 16.141531 18.12
1.97749 16.152510 18.13
1.97651 16.163490 18.14
1.975531 16.174469 18.15
1.974552 16.185448 18.16
1.973576 16.196424 18.17
1.972599 16.207401 18.18
1.971624 16.218376 18.19
1.970651 16.229349 18.2
1.969682 16.240318 18.21
1.968709 16.251291 18.22
1.96774 16.262260 18.23
1.966768 16.273232 18.24
1.965803 16.284197 18.25
1.964834 16.295166 18.26
1.963867 16.306133 18.27
1.962903 16.317097 18.28
1.961938 16.328062 18.29
1.960978 16.339022 18.3
1.960015 16.349985 18.31
1.959055 16.360945 18.32
1.958094 16.371906 18.33
1.957136 16.382864 18.34
1.956178 16.393822 18.35
1.955221 16.404779 18.36
1.954265 16.415735 18.37
1.953313 16.426687 18.38
1.952357 16.437643 18.39
1.951405 16.448595 18.4
1.950453 16.459547 18.41
1.949503 16.470497 18.42
1.948553 16.481447 18.43
1.947605 16.492395 18.44
1.946658 16.503342 18.45
1.945714 16.514286 18.46
1.944766 16.525234 18.47
1.943823 16.536177 18.48
1.942877 16.547123 18.49
1.941938 16.558062 18.5
1.940996 16.569004 18.51
1.940053 16.579947 18.52
1.939113 16.590887 18.53
1.938176 16.601824 18.54
1.937241 16.612759 18.55
1.936305 16.623695 18.56
1.93537 16.634630 18.57
1.934435 16.645565 18.58
1.933502 16.656498 18.59
1.932569 16.667431 18.6
1.931638 16.678362 18.61
1.930705 16.689295 18.62
1.92978 16.700220 18.63
1.928851 16.711149 18.64
1.92792 16.722080 18.65
1.926994 16.733006 18.66
1.926069 16.743931 18.67
1.925148 16.754852 18.68
1.924221 16.765779 18.69
1.923299 16.776701 18.7
1.922378 16.787622 18.71
1.92146 16.798540 18.72
1.92054 16.809460 18.73
1.919621 16.820379 18.74
1.918703 16.831297 18.75
1.917785 16.842215 18.76
1.91687 16.853130 18.77
1.915954 16.864046 18.78
1.91504 16.874960 18.79
1.91413 16.885870 18.8
1.913216 16.896784 18.81
1.912306 16.907694 18.82
1.911396 16.918604 18.83
1.910486 16.929514 18.84
1.909578 16.940422 18.85
1.908672 16.951328 18.86
1.907766 16.962234 18.87
1.906863 16.973137 18.88
1.905957 16.984043 18.89
1.905056 16.994944 18.9
1.904152 17.005848 18.91
1.90325 17.016750 18.92
1.902349 17.027651 18.93
1.901449 17.038551 18.94
1.900552 17.049448 18.95
1.899653 17.060347 18.96
1.898759 17.071241 18.97
1.897862 17.082138 18.98
1.896967 17.093033 18.99
1.896072 17.103928 19.0
1.895178 17.114822 19.01
1.894287 17.125713 19.02
1.893396 17.136604 19.03
1.892505 17.147495 19.04
1.891618 17.158382 19.05
1.890729 17.169271 19.06
1.889841 17.180159 19.07
1.888954 17.191046 19.08
1.888069 17.201931 19.09
1.887182 17.212818 19.1
1.8863 17.223700 19.11
1.885415 17.234585 19.12
1.884536 17.245464 19.13
1.883656 17.256344 19.14
1.882775 17.267225 19.15
1.881895 17.278105 19.16
1.881016 17.288984 19.17
1.880138 17.299862 19.18
1.879262 17.310738 19.19
1.878389 17.321611 19.2
1.877515 17.332485 19.21
1.876641 17.343359 19.22
1.875765 17.354235 19.23
1.874892 17.365108 19.24
1.874022 17.375978 19.25
1.873152 17.386848 19.26
1.872282 17.397718 19.27
1.871413 17.408587 19.28
1.870545 17.419455 19.29
1.869679 17.430321 19.3
1.868813 17.441187 19.31
1.867947 17.452053 19.32
1.867085 17.462915 19.33
1.86622 17.473780 19.34
1.86536 17.484640 19.35
1.864499 17.495501 19.36
1.863637 17.506363 19.37
1.862779 17.517221 19.38
1.861918 17.528082 19.39
1.86106 17.538940 19.4
1.860205 17.549795 19.41
1.859344 17.560656 19.42
1.858493 17.571507 19.43
1.857637 17.582363 19.44
1.856782 17.593218 19.45
1.855931 17.604069 19.46
1.855078 17.614922 19.47
1.854229 17.625771 19.48
1.853377 17.636623 19.49
1.852528 17.647472 19.5
1.851681 17.658319 19.51
1.850832 17.669168 19.52
1.849984 17.680016 19.53
1.849137 17.690863 19.54
1.848296 17.701704 19.55
1.847451 17.712549 19.56
1.846606 17.723394 19.57
1.845764 17.734236 19.58
1.844923 17.745077 19.59
1.844083 17.755917 19.6
1.84324 17.766760 19.61
1.842403 17.777597 19.62
1.841565 17.788435 19.63
1.840727 17.799273 19.64
1.83989 17.810110 19.65
1.839052 17.820948 19.66
1.838217 17.831783 19.67
1.837387 17.842613 19.68
1.836551 17.853449 19.69
1.835719 17.864281 19.7
1.834889 17.875111 19.71
1.834058 17.885942 19.72
1.833228 17.896772 19.73
1.8324 17.907600 19.74
1.83157 17.918430 19.75
1.830742 17.929258 19.76
1.829914 17.940086 19.77
1.829089 17.950911 19.78
1.828263 17.961737 19.79
1.827441 17.972559 19.8
1.826617 17.983383 19.81
1.825796 17.994204 19.82
1.824972 18.005028 19.83
1.824152 18.015848 19.84
1.823333 18.026667 19.85
1.822511 18.037489 19.86
1.821693 18.048307 19.87
1.820876 18.059124 19.88
1.820059 18.069941 19.89
1.819245 18.080755 19.9
1.818428 18.091572 19.91
1.817614 18.102386 19.92
1.816799 18.113201 19.93
1.815988 18.124012 19.94
1.815173 18.134827 19.95
1.814364 18.145636 19.96
1.813552 18.156448 19.97
1.812743 18.167257 19.98
1.811934 18.178066 19.99
1.811127 18.188873 20.0
