# 106.7 deg
6.244835 0.005165 6.25
6.158485 0.101515 6.26
6.070011 0.199989 6.27
6.000616 0.279384 6.28
5.941934 0.348066 6.29
5.890025 0.409975 6.3
5.842905 0.467095 6.31
5.799414 0.520586 6.32
5.758829 0.571171 6.33
5.720629 0.619371 6.34
5.684457 0.665543 6.35
5.650022 0.709978 6.36
5.61712 0.752880 6.37
5.585563 0.794437 6.38
5.555216 0.834784 6.39
5.525962 0.874038 6.4
5.497696 0.912304 6.41
5.470339 0.949661 6.42
5.443818 0.986182 6.43
5.418067 1.021933 6.44
5.393031 1.056969 6.45
5.36866 1.091340 6.46
5.344914 1.125086 6.47
5.321749 1.158251 6.48
5.299134 1.190866 6.49
5.277034 1.222966 6.5
5.255422 1.254578 6.51
5.234275 1.285725 6.52
5.213565 1.316435 6.53
5.193271 1.346729 6.54
5.173376 1.376624 6.55
5.153858 1.406142 6.56
5.134701 1.435299 6.57
5.115891 1.464109 6.58
5.097411 1.492589 6.59
5.079248 1.520752 6.6
5.061388 1.548612 6.61
5.043823 1.576177 6.62
5.026538 1.603462 6.63
5.009525 1.630475 6.64
4.99277 1.657230 6.65
4.976271 1.683729 6.66
4.960013 1.709987 6.67
4.94399 1.736010 6.68
4.928194 1.761806 6.69
4.912619 1.787381 6.7
4.897256 1.812744 6.71
4.8821 1.837900 6.72
4.867142 1.862858 6.73
4.852381 1.887619 6.74
4.837806 1.912194 6.75
4.823414 1.936586 6.76
4.809201 1.960799 6.77
4.79516 1.984840 6.78
4.781289 2.008711 6.79
4.76758 2.032420 6.8
4.754031 2.055969 6.81
4.740637 2.079363 6.82
4.727393 2.102607 6.83
4.714299 2.125701 6.84
4.701348 2.148652 6.85
4.688537 2.171463 6.86
4.675863 2.194137 6.87
4.663324 2.216676 6.88
4.650914 2.239086 6.89
4.638635 2.261365 6.9
4.626477 2.283523 6.91
4.614445 2.305555 6.92
4.602531 2.327469 6.93
4.590734 2.349266 6.94
4.57905 2.370950 6.95
4.567479 2.392521 6.96
4.556019 2.413981 6.97
4.544665 2.435335 6.98
4.533417 2.456583 6.99
4.522271 2.477729 7.0
4.511229 2.498771 7.01
4.500284 2.519716 7.02
4.489437 2.540563 7.03
4.478686 2.561314 7.04
4.468027 2.581973 7.05
4.457462 2.602538 7.06
4.446986 2.623014 7.07
4.4366 2.643400 7.08
4.4263 2.663700 7.09
4.416086 2.683914 7.1
4.405955 2.704045 7.11
4.395908 2.724092 7.12
4.385942 2.744058 7.13
4.376056 2.763944 7.14
4.366247 2.783753 7.15
4.356517 2.803483 7.16
4.346861 2.823139 7.17
4.337281 2.842719 7.18
4.327774 2.862226 7.19
4.318339 2.881661 7.2
4.308976 2.901024 7.21
4.299684 2.920316 7.22
4.290459 2.939541 7.23
4.281302 2.958698 7.24
4.272213 2.977787 7.25
4.263189 2.996811 7.26
4.254229 3.015771 7.27
4.245333 3.034667 7.28
4.236503 3.053497 7.29
4.227731 3.072269 7.3
4.219023 3.090977 7.31
4.210375 3.109625 7.32
4.201786 3.128214 7.33
4.193255 3.146745 7.34
4.184783 3.165217 7.35
4.176366 3.183634 7.36
4.168007 3.201993 7.37
4.159703 3.220297 7.38
4.151454 3.238546 7.39
4.143258 3.256742 7.4
4.135117 3.274883 7.41
4.127027 3.292973 7.42
4.118991 3.311009 7.43
4.111003 3.328997 7.44
4.103067 3.346933 7.45
4.095179 3.364821 7.46
4.087343 3.382657 7.47
4.079555 3.400445 7.48
4.071816 3.418184 7.49
4.064121 3.435879 7.5
4.056474 3.453526 7.51
4.048876 3.471124 7.52
4.041323 3.488677 7.53
4.033814 3.506186 7.54
4.026351 3.523649 7.55
4.018929 3.541071 7.56
4.011551 3.558449 7.57
4.00422 3.575780 7.58
3.996928 3.593072 7.59
3.98968 3.610320 7.6
3.982473 3.627527 7.61
3.975307 3.644693 7.62
3.968181 3.661819 7.63
3.961096 3.678904 7.64
3.954052 3.695948 7.65
3.947047 3.712953 7.66
3.940079 3.729921 7.67
3.93315 3.746850 7.68
3.926259 3.763741 7.69
3.919407 3.780593 7.7
3.912591 3.797409 7.71
3.905812 3.814188 7.72
3.899071 3.830929 7.73
3.892364 3.847636 7.74
3.885693 3.864307 7.75
3.879057 3.880943 7.76
3.872457 3.897543 7.77
3.865892 3.914108 7.78
3.859359 3.930641 7.79
3.852861 3.947139 7.8
3.846398 3.963602 7.81
3.839966 3.980034 7.82
3.833569 3.996431 7.83
3.827202 4.012798 7.84
3.820869 4.029131 7.85
3.814568 4.045432 7.86
3.808297 4.061703 7.87
3.80206 4.077940 7.88
3.795852 4.094148 7.89
3.789675 4.110325 7.9
3.783528 4.126472 7.91
3.777412 4.142588 7.92
3.771326 4.158674 7.93
3.765267 4.174733 7.94
3.759241 4.190759 7.95
3.753241 4.206759 7.96
3.747271 4.222729 7.97
3.74133 4.238670 7.98
3.735416 4.254584 7.99
3.729531 4.270469 8.0
3.723673 4.286327 8.01
3.717841 4.302159 8.02
3.71204 4.317960 8.03
3.706264 4.333736 8.04
3.700511 4.349489 8.05
3.694789 4.365211 8.06
3.689093 4.380907 8.07
3.683422 4.396578 8.08
3.677776 4.412224 8.09
3.672156 4.427844 8.1
3.666564 4.443436 8.11
3.660994 4.459006 8.12
3.655449 4.474551 8.13
3.649929 4.490071 8.14
3.644435 4.505565 8.15
3.638965 4.521035 8.16
3.633517 4.536483 8.17
3.628093 4.551907 8.18
3.622697 4.567303 8.19
3.617321 4.582679 8.2
3.611968 4.598032 8.21
3.606637 4.613363 8.22
3.601333 4.628667 8.23
3.596049 4.643951 8.24
3.590786 4.659214 8.25
3.585547 4.674453 8.26
3.580331 4.689669 8.27
3.575138 4.704862 8.28
3.569964 4.720036 8.29
3.564813 4.735187 8.3
3.559683 4.750317 8.31
3.554574 4.765426 8.32
3.549489 4.780511 8.33
3.544421 4.795579 8.34
3.539376 4.810624 8.35
3.534353 4.825647 8.36
3.529348 4.840652 8.37
3.524363 4.855637 8.38
3.5194 4.870600 8.39
3.514456 4.885544 8.4
3.509532 4.900468 8.41
3.504628 4.915372 8.42
3.499743 4.930257 8.43
3.494879 4.945121 8.44
3.490034 4.959966 8.45
3.485207 4.974793 8.46
3.480398 4.989602 8.47
3.475611 5.004389 8.48
3.47084 5.019160 8.49
3.466089 5.033911 8.5
3.461355 5.048645 8.51
3.456641 5.063359 8.52
3.451944 5.078056 8.53
3.447267 5.092733 8.54
3.442605 5.107395 8.55
3.437963 5.122037 8.56
3.433338 5.136662 8.57
3.428731 5.151269 8.58
3.42414 5.165860 8.59
3.419568 5.180432 8.6
3.415014 5.194986 8.61
3.410476 5.209524 8.62
3.405953 5.224047 8.63
3.401448 5.238552 8.64
3.396962 5.253038 8.65
3.392489 5.267511 8.66
3.388035 5.281965 8.67
3.383596 5.296404 8.68
3.379176 5.310824 8.69
3.374768 5.325232 8.7
3.370379 5.339621 8.71
3.366005 5.353995 8.72
3.361647 5.368353 8.73
3.357303 5.382697 8.74
3.352977 5.397023 8.75
3.348664 5.411336 8.76
3.34437 5.425630 8.77
3.340091 5.439909 8.78
3.335825 5.454175 8.79
3.331575 5.468425 8.8
3.327339 5.482661 8.81
3.323119 5.496881 8.82
3.318913 5.511087 8.83
3.314721 5.525279 8.84
3.310547 5.539453 8.85
3.306386 5.553614 8.86
3.30224 5.567760 8.87
3.298105 5.581895 8.88
3.293986 5.596014 8.89
3.289883 5.610117 8.9
3.285793 5.624207 8.91
3.281716 5.638284 8.92
3.277653 5.652347 8.93
3.273606 5.666394 8.94
3.269572 5.680428 8.95
3.26555 5.694450 8.96
3.261543 5.708457 8.97
3.25755 5.722450 8.98
3.253568 5.736432 8.99
3.2496 5.750400 9.0
3.245648 5.764352 9.01
3.241705 5.778295 9.02
3.237778 5.792222 9.03
3.233863 5.806137 9.04
3.229961 5.820039 9.05
3.226072 5.833928 9.06
3.222197 5.847803 9.07
3.218333 5.861667 9.08
3.214482 5.875518 9.09
3.210643 5.889357 9.1
3.206819 5.903181 9.11
3.203005 5.916995 9.12
3.199204 5.930796 9.13
3.195414 5.944586 9.14
3.191639 5.958361 9.15
3.187873 5.972127 9.16
3.184121 5.985879 9.17
3.180379 5.999621 9.18
3.176653 6.013347 9.19
3.172935 6.027065 9.2
3.169229 6.040771 9.21
3.165536 6.054464 9.22
3.161855 6.068145 9.23
3.158184 6.081816 9.24
3.154526 6.095474 9.25
3.150878 6.109122 9.26
3.147243 6.122757 9.27
3.143619 6.136381 9.28
3.140006 6.149994 9.29
3.136403 6.163597 9.3
3.132812 6.177188 9.31
3.129232 6.190768 9.32
3.125663 6.204337 9.33
3.122104 6.217896 9.34
3.118558 6.231442 9.35
3.115023 6.244977 9.36
3.111496 6.258504 9.37
3.107981 6.272019 9.38
3.104476 6.285524 9.39
3.100984 6.299016 9.4
3.0975 6.312500 9.41
3.094028 6.325972 9.42
3.090564 6.339436 9.43
3.087114 6.352886 9.44
3.083672 6.366328 9.45
3.080239 6.379761 9.46
3.076818 6.393182 9.47
3.07341 6.406590 9.48
3.070009 6.419991 9.49
3.066618 6.433382 9.5
3.063234 6.446766 9.51
3.059865 6.460135 9.52
3.056505 6.473495 9.53
3.053152 6.486848 9.54
3.049811 6.500189 9.55
3.046479 6.513521 9.56
3.043157 6.526843 9.57
3.039844 6.540156 9.58
3.036541 6.553459 9.59
3.033247 6.566753 9.6
3.029965 6.580035 9.61
3.02669 6.593310 9.62
3.023425 6.606575 9.63
3.020168 6.619832 9.64
3.016923 6.633077 9.65
3.013685 6.646315 9.66
3.010457 6.659543 9.67
3.007238 6.672762 9.68
3.004028 6.685972 9.69
3.000829 6.699171 9.7
2.997638 6.712362 9.71
2.994453 6.725547 9.72
2.99128 6.738720 9.73
2.988115 6.751885 9.74
2.98496 6.765040 9.75
2.981811 6.778189 9.76
2.978673 6.791327 9.77
2.975544 6.804456 9.78
2.972424 6.817576 9.79
2.969309 6.830691 9.8
2.966205 6.843795 9.81
2.96311 6.856890 9.82
2.960024 6.869976 9.83
2.956945 6.883055 9.84
2.953875 6.896125 9.85
2.950814 6.909186 9.86
2.947759 6.922241 9.87
2.944712 6.935288 9.88
2.941677 6.948323 9.89
2.938649 6.961351 9.9
2.935627 6.974373 9.91
2.932614 6.987386 9.92
2.929609 7.000391 9.93
2.926613 7.013387 9.94
2.923624 7.026376 9.95
2.920642 7.039358 9.96
2.917669 7.052331 9.97
2.914704 7.065296 9.98
2.911747 7.078253 9.99
2.908796 7.091204 10.0
2.905854 7.104146 10.01
2.902919 7.117081 10.02
2.899992 7.130008 10.03
2.897073 7.142927 10.04
2.894161 7.155839 10.05
2.891256 7.168744 10.06
2.88836 7.181640 10.07
2.88547 7.194530 10.08
2.882588 7.207412 10.09
2.879712 7.220288 10.1
2.876846 7.233154 10.11
2.873985 7.246015 10.12
2.87113 7.258870 10.13
2.868286 7.271714 10.14
2.865447 7.284553 10.15
2.862615 7.297385 10.16
2.859789 7.310211 10.17
2.856971 7.323029 10.18
2.854162 7.335838 10.19
2.851359 7.348641 10.2
2.84856 7.361440 10.21
2.845771 7.374229 10.22
2.842987 7.387013 10.23
2.840209 7.399791 10.24
2.837441 7.412559 10.25
2.834677 7.425323 10.26
2.83192 7.438080 10.27
2.82917 7.450830 10.28
2.826426 7.463574 10.29
2.82369 7.476310 10.3
2.820959 7.489041 10.31
2.818236 7.501764 10.32
2.815519 7.514481 10.33
2.812807 7.527193 10.34
2.810102 7.539898 10.35
2.807405 7.552595 10.36
2.804714 7.565286 10.37
2.802028 7.577972 10.38
2.799348 7.590652 10.39
2.796679 7.603321 10.4
2.794012 7.615988 10.41
2.791349 7.628651 10.42
2.788697 7.641303 10.43
2.786052 7.653948 10.44
2.78341 7.666590 10.45
2.780775 7.679225 10.46
2.778146 7.691854 10.47
2.775523 7.704477 10.48
2.772906 7.717094 10.49
2.770297 7.729703 10.5
2.767691 7.742309 10.51
2.765093 7.754907 10.52
2.762501 7.767499 10.53
2.759913 7.780087 10.54
2.757332 7.792668 10.55
2.754757 7.805243 10.56
2.752189 7.817811 10.57
2.749627 7.830373 10.58
2.747068 7.842932 10.59
2.744517 7.855483 10.6
2.741972 7.868028 10.61
2.739432 7.880568 10.62
2.736897 7.893103 10.63
2.734369 7.905631 10.64
2.731847 7.918153 10.65
2.72933 7.930670 10.66
2.726818 7.943182 10.67
2.724312 7.955688 10.68
2.721813 7.968187 10.69
2.719319 7.980681 10.7
2.716828 7.993172 10.71
2.714345 8.005655 10.72
2.711868 8.018132 10.73
2.709395 8.030605 10.74
2.706927 8.043073 10.75
2.704465 8.055535 10.76
2.702009 8.067991 10.77
2.699559 8.080441 10.78
2.697113 8.092887 10.79
2.69467 8.105330 10.8
2.692236 8.117764 10.81
2.689807 8.130193 10.82
2.687384 8.142616 10.83
2.684965 8.155035 10.84
2.682551 8.167449 10.85
2.680143 8.179857 10.86
2.67774 8.192260 10.87
2.675341 8.204659 10.88
2.672948 8.217052 10.89
2.670561 8.229439 10.9
2.668178 8.241822 10.91
2.6658 8.254200 10.92
2.663427 8.266573 10.93
2.66106 8.278940 10.94
2.658698 8.291302 10.95
2.65634 8.303660 10.96
2.653988 8.316012 10.97
2.651641 8.328359 10.98
2.649297 8.340703 10.99
2.64696 8.353040 11.0
2.644626 8.365374 11.01
2.642299 8.377701 11.02
2.639977 8.390023 11.03
2.637659 8.402341 11.04
2.635345 8.414655 11.05
2.633037 8.426963 11.06
2.630735 8.439265 11.07
2.628435 8.451565 11.08
2.62614 8.463860 11.09
2.623852 8.476148 11.1
2.621568 8.488432 11.11
2.619288 8.500712 11.12
2.617012 8.512988 11.13
2.614742 8.525258 11.14
2.612478 8.537522 11.15
2.610216 8.549784 11.16
2.607958 8.562042 11.17
2.605708 8.574292 11.18
2.60346 8.586540 11.19
2.601217 8.598783 11.2
2.598979 8.611021 11.21
2.596744 8.623256 11.22
2.594517 8.635483 11.23
2.59229 8.647710 11.24
2.590073 8.659927 11.25
2.587856 8.672144 11.26
2.585644 8.684356 11.27
2.583438 8.696562 11.28
2.581236 8.708764 11.29
2.579037 8.720963 11.3
2.576844 8.733156 11.31
2.574656 8.745344 11.32
2.572471 8.757529 11.33
2.57029 8.769710 11.34
2.568111 8.781889 11.35
2.565942 8.794058 11.36
2.563775 8.806225 11.37
2.561609 8.818391 11.38
2.559452 8.830548 11.39
2.557297 8.842703 11.4
2.555147 8.854853 11.41
2.553 8.867000 11.42
2.550858 8.879142 11.43
2.54872 8.891280 11.44
2.546586 8.903414 11.45
2.544458 8.915542 11.46
2.542331 8.927669 11.47
2.540211 8.939789 11.48
2.538094 8.951906 11.49
2.53598 8.964020 11.5
2.533871 8.976129 11.51
2.531765 8.988235 11.52
2.529665 9.000335 11.53
2.527568 9.012432 11.54
2.525475 9.024525 11.55
2.523386 9.036614 11.56
2.521303 9.048697 11.57
2.519221 9.060779 11.58
2.517143 9.072857 11.59
2.515071 9.084929 11.6
2.513002 9.096998 11.61
2.510937 9.109063 11.62
2.508875 9.121125 11.63
2.506817 9.133183 11.64
2.504765 9.145235 11.65
2.502714 9.157286 11.66
2.50067 9.169330 11.67
2.498625 9.181375 11.68
2.49659 9.193410 11.69
2.494555 9.205445 11.7
2.492524 9.217476 11.71
2.490498 9.229502 11.72
2.488475 9.241525 11.73
2.486455 9.253545 11.74
2.48444 9.265560 11.75
2.482427 9.277573 11.76
2.48042 9.289580 11.77
2.478416 9.301584 11.78
2.476416 9.313584 11.79
2.474417 9.325583 11.8
2.472424 9.337576 11.81
2.470436 9.349564 11.82
2.46845 9.361550 11.83
2.466467 9.373533 11.84
2.464489 9.385511 11.85
2.462513 9.397487 11.86
2.460542 9.409458 11.87
2.458574 9.421426 11.88
2.456608 9.433392 11.89
2.454648 9.445352 11.9
2.452692 9.457308 11.91
2.450738 9.469262 11.92
2.448788 9.481212 11.93
2.446841 9.493159 11.94
2.444898 9.505102 11.95
2.442956 9.517044 11.96
2.441021 9.528979 11.97
2.43909 9.540910 11.98
2.43716 9.552840 11.99
2.435233 9.564767 12.0
2.433308 9.576692 12.01
2.43139 9.588610 12.02
2.429476 9.600524 12.03
2.427564 9.612436 12.04
2.425654 9.624346 12.05
2.423748 9.636252 12.06
2.421848 9.648152 12.07
2.419948 9.660052 12.08
2.418052 9.671948 12.09
2.416159 9.683841 12.1
2.414271 9.695729 12.11
2.412384 9.707616 12.12
2.410503 9.719497 12.13
2.408621 9.731379 12.14
2.406747 9.743253 12.15
2.404875 9.755125 12.16
2.403006 9.766994 12.17
2.401139 9.778861 12.18
2.399277 9.790723 12.19
2.397417 9.802583 12.2
2.39556 9.814440 12.21
2.393706 9.826294 12.22
2.391857 9.838143 12.23
2.39001 9.849990 12.24
2.388165 9.861835 12.25
2.386326 9.873674 12.26
2.384487 9.885513 12.27
2.382654 9.897346 12.28
2.380821 9.909179 12.29
2.378996 9.921004 12.3
2.37717 9.932830 12.31
2.375349 9.944651 12.32
2.373531 9.956469 12.33
2.371715 9.968285 12.34
2.369904 9.980096 12.35
2.368097 9.991903 12.36
2.366289 10.003711 12.37
2.364487 10.015513 12.38
2.362688 10.027312 12.39
2.360892 10.039108 12.4
2.3591 10.050900 12.41
2.357308 10.062692 12.42
2.355521 10.074479 12.43
2.353738 10.086262 12.44
2.351958 10.098042 12.45
2.35018 10.109820 12.46
2.348406 10.121594 12.47
2.346635 10.133365 12.48
2.344867 10.145133 12.49
2.343102 10.156898 12.5
2.34134 10.168660 12.51
2.339582 10.180418 12.52
2.337826 10.192174 12.53
2.336075 10.203925 12.54
2.334325 10.215675 12.55
2.332579 10.227421 12.56
2.330837 10.239163 12.57
2.329098 10.250902 12.58
2.32736 10.262640 12.59
2.325625 10.274375 12.6
2.323897 10.286103 12.61
2.322169 10.297831 12.62
2.320443 10.309557 12.63
2.318722 10.321278 12.64
2.317006 10.332994 12.65
2.315291 10.344709 12.66
2.313579 10.356421 12.67
2.311868 10.368132 12.68
2.310164 10.379836 12.69
2.308461 10.391539 12.7
2.30676 10.403240 12.71
2.305062 10.414938 12.72
2.303368 10.426632 12.73
2.301677 10.438323 12.74
2.299989 10.450011 12.75
2.298302 10.461698 12.76
2.296621 10.473379 12.77
2.294942 10.485058 12.78
2.293265 10.496735 12.79
2.29159 10.508410 12.8
2.28992 10.520080 12.81
2.288251 10.531749 12.82
2.286587 10.543413 12.83
2.284925 10.555075 12.84
2.283265 10.566735 12.85
2.281609 10.578391 12.86
2.279954 10.590046 12.87
2.278306 10.601694 12.88
2.276656 10.613344 12.89
2.27501 10.624990 12.9
2.27337 10.636630 12.91
2.27173 10.648270 12.92
2.270092 10.659908 12.93
2.268459 10.671541 12.94
2.266829 10.683171 12.95
2.265199 10.694801 12.96
2.263573 10.706427 12.97
2.26195 10.718050 12.98
2.260329 10.729671 12.99
2.258714 10.741286 13.0
2.257098 10.752902 13.01
2.255485 10.764515 13.02
2.253876 10.776124 13.03
2.252269 10.787731 13.04
2.250665 10.799335 13.05
2.249065 10.810935 13.06
2.247465 10.822535 13.07
2.24587 10.834130 13.08
2.244278 10.845722 13.09
2.242686 10.857314 13.1
2.241098 10.868902 13.11
2.239512 10.880488 13.12
2.237929 10.892071 13.13
2.236349 10.903651 13.14
2.234775 10.915225 13.15
2.233196 10.926804 13.16
2.231625 10.938375 13.17
2.230056 10.949944 13.18
2.228489 10.961511 13.19
2.226925 10.973075 13.2
2.225362 10.984638 13.21
2.223804 10.996196 13.22
2.222247 11.007753 13.23
2.220694 11.019306 13.24
2.21914 11.030860 13.25
2.217591 11.042409 13.26
2.216044 11.053956 13.27
2.214501 11.065499 13.28
2.212959 11.077041 13.29
2.211421 11.088579 13.3
2.209882 11.100118 13.31
2.20835 11.111650 13.32
2.20682 11.123180 13.33
2.205288 11.134712 13.34
2.203762 11.146238 13.35
2.202236 11.157764 13.36
2.200715 11.169285 13.37
2.199199 11.180801 13.38
2.197681 11.192319 13.39
2.196168 11.203832 13.4
2.194655 11.215345 13.41
2.193147 11.226853 13.42
2.191638 11.238362 13.43
2.190134 11.249866 13.44
2.18863 11.261370 13.45
2.187132 11.272868 13.46
2.185633 11.284367 13.47
2.184139 11.295861 13.48
2.182648 11.307352 13.49
2.181156 11.318844 13.5
2.179668 11.330332 13.51
2.178183 11.341817 13.52
2.176702 11.353298 13.53
2.175221 11.364779 13.54
2.173741 11.376259 13.55
2.172265 11.387735 13.56
2.170792 11.399208 13.57
2.169321 11.410679 13.58
2.167852 11.422148 13.59
2.166385 11.433615 13.6
2.16492 11.445080 13.61
2.163457 11.456543 13.62
2.161999 11.468001 13.63
2.160539 11.479461 13.64
2.159086 11.490914 13.65
2.157633 11.502367 13.66
2.15618 11.513820 13.67
2.154733 11.525267 13.68
2.153287 11.536713 13.69
2.151842 11.548158 13.7
2.150402 11.559598 13.71
2.148962 11.571038 13.72
2.147525 11.582475 13.73
2.14609 11.593910 13.74
2.144657 11.605343 13.75
2.143226 11.616774 13.76
2.141798 11.628202 13.77
2.140373 11.639627 13.78
2.138949 11.651051 13.79
2.137526 11.662474 13.8
2.136107 11.673893 13.81
2.134692 11.685308 13.82
2.133275 11.696725 13.83
2.131862 11.708138 13.84
2.130453 11.719547 13.85
2.129044 11.730956 13.86
2.127637 11.742363 13.87
2.126232 11.753768 13.88
2.12483 11.765170 13.89
2.123431 11.776569 13.9
2.12203 11.787970 13.91
2.120637 11.799363 13.92
2.119242 11.810758 13.93
2.117852 11.822148 13.94
2.116462 11.833538 13.95
2.115072 11.844928 13.96
2.113688 11.856312 13.97
2.112304 11.867696 13.98
2.110925 11.879075 13.99
2.109545 11.890455 14.0
2.108169 11.901831 14.01
2.106795 11.913205 14.02
2.105421 11.924579 14.03
2.10405 11.935950 14.04
2.102679 11.947321 14.05
2.101315 11.958685 14.06
2.099951 11.970049 14.07
2.098591 11.981409 14.08
2.097228 11.992772 14.09
2.095869 12.004131 14.1
2.094511 12.015489 14.11
2.093161 12.026839 14.12
2.091807 12.038193 14.13
2.090459 12.049541 14.14
2.08911 12.060890 14.15
2.087764 12.072236 14.16
2.086418 12.083582 14.17
2.085077 12.094923 14.18
2.083738 12.106262 14.19
2.082399 12.117601 14.2
2.081061 12.128939 14.21
2.079727 12.140273 14.22
2.078395 12.151605 14.23
2.077065 12.162935 14.24
2.075736 12.174264 14.25
2.074411 12.185589 14.26
2.073084 12.196916 14.27
2.071761 12.208239 14.28
2.070442 12.219558 14.29
2.069124 12.230876 14.3
2.067805 12.242195 14.31
2.066492 12.253508 14.32
2.065179 12.264821 14.33
2.063867 12.276133 14.34
2.062559 12.287441 14.35
2.061251 12.298749 14.36
2.059946 12.310054 14.37
2.058643 12.321357 14.38
2.057341 12.332659 14.39
2.056042 12.343958 14.4
2.054743 12.355257 14.41
2.053449 12.366551 14.42
2.052153 12.377847 14.43
2.050864 12.389136 14.44
2.049569 12.400431 14.45
2.048283 12.411717 14.46
2.046996 12.423004 14.47
2.045713 12.434287 14.48
2.04443 12.445570 14.49
2.04315 12.456850 14.5
2.041869 12.468131 14.51
2.04059 12.479410 14.52
2.039316 12.490684 14.53
2.038042 12.501958 14.54
2.03677 12.513230 14.55
2.035499 12.524501 14.56
2.034232 12.535768 14.57
2.032966 12.547034 14.58
2.0317 12.558300 14.59
2.030436 12.569564 14.6
2.029177 12.580823 14.61
2.027918 12.592082 14.62
2.02666 12.603340 14.63
2.025406 12.614594 14.64
2.024151 12.625849 14.65
2.022896 12.637104 14.66
2.02165 12.648350 14.67
2.020402 12.659598 14.68
2.019154 12.670846 14.69
2.017906 12.682094 14.7
2.016664 12.693336 14.71
2.015421 12.704579 14.72
2.014183 12.715817 14.73
2.012945 12.727055 14.74
2.011707 12.738293 14.75
2.010474 12.749526 14.76
2.009241 12.760759 14.77
2.00801 12.771990 14.78
2.00678 12.783220 14.79
2.005551 12.794449 14.8
2.004325 12.805675 14.81
2.003102 12.816898 14.82
2.00188 12.828120 14.83
2.000658 12.839342 14.84
1.999438 12.850562 14.85
1.998222 12.861778 14.86
1.997006 12.872994 14.87
1.995792 12.884208 14.88
1.994579 12.895421 14.89
1.993369 12.906631 14.9
1.99216 12.917840 14.91
1.990951 12.929049 14.92
1.989745 12.940255 14.93
1.988542 12.951458 14.94
1.987339 12.962661 14.95
1.986138 12.973862 14.96
1.984939 12.985061 14.97
1.983741 12.996259 14.98
1.982547 13.007453 14.99
1.981352 13.018648 15.0
1.980159 13.029841 15.01
1.978967 13.041033 15.02
1.977779 13.052221 15.03
1.976591 13.063409 15.04
1.975406 13.074594 15.05
1.974219 13.085781 15.06
1.973038 13.096962 15.07
1.971855 13.108145 15.08
1.970677 13.119323 15.09
1.969497 13.130503 15.1
1.968321 13.141679 15.11
1.967147 13.152853 15.12
1.965973 13.164027 15.13
1.964801 13.175199 15.14
1.963632 13.186368 15.15
1.962464 13.197536 15.16
1.961296 13.208704 15.17
1.960129 13.219871 15.18
1.958968 13.231032 15.19
1.957805 13.242195 15.2
1.956644 13.253356 15.21
1.955484 13.264516 15.22
1.954327 13.275673 15.23
1.953171 13.286829 15.24
1.952015 13.297985 15.25
1.950864 13.309136 15.26
1.94971 13.320290 15.27
1.948562 13.331438 15.28
1.947414 13.342586 15.29
1.946268 13.353732 15.3
1.945121 13.364879 15.31
1.943979 13.376021 15.32
1.942837 13.387163 15.33
1.941695 13.398305 15.34
1.940556 13.409444 15.35
1.939419 13.420581 15.36
1.938284 13.431716 15.37
1.937148 13.442852 15.38
1.936014 13.453986 15.39
1.934883 13.465117 15.4
1.933752 13.476248 15.41
1.932625 13.487375 15.42
1.931498 13.498502 15.43
1.930371 13.509629 15.44
1.929249 13.520751 15.45
1.928124 13.531876 15.46
1.927003 13.542997 15.47
1.925885 13.554115 15.48
1.924764 13.565236 15.49
1.923648 13.576352 15.5
1.922533 13.587467 15.51
1.921419 13.598581 15.52
1.920308 13.609692 15.53
1.919197 13.620803 15.54
1.918087 13.631913 15.55
1.916978 13.643022 15.56
1.915872 13.654128 15.57
1.914765 13.665235 15.58
1.913664 13.676336 15.59
1.912559 13.687441 15.6
1.911459 13.698541 15.61
1.910359 13.709641 15.62
1.909262 13.720738 15.63
1.908164 13.731836 15.64
1.907071 13.742929 15.65
1.905977 13.754023 15.66
1.904885 13.765115 15.67
1.903794 13.776206 15.68
1.902704 13.787296 15.69
1.901616 13.798384 15.7
1.900529 13.809471 15.71
1.899442 13.820558 15.72
1.898361 13.831639 15.73
1.89728 13.842720 15.74
1.896196 13.853804 15.75
1.895117 13.864883 15.76
1.894039 13.875961 15.77
1.892962 13.887038 15.78
1.891884 13.898116 15.79
1.890813 13.909187 15.8
1.889738 13.920262 15.81
1.888668 13.931332 15.82
1.887597 13.942403 15.83
1.886527 13.953473 15.84
1.885462 13.964538 15.85
1.884396 13.975604 15.86
1.88333 13.986670 15.87
1.882268 13.997732 15.88
1.881206 14.008794 15.89
1.880147 14.019853 15.9
1.879086 14.030914 15.91
1.878028 14.041972 15.92
1.876972 14.053028 15.93
1.875916 14.064084 15.94
1.874864 14.075136 15.95
1.87381 14.086190 15.96
1.872759 14.097241 15.97
1.871708 14.108292 15.98
1.870661 14.119339 15.99
1.869613 14.130387 16.0
1.868568 14.141432 16.01
1.867522 14.152478 16.02
1.866479 14.163521 16.03
1.865438 14.174562 16.04
1.864398 14.185602 16.05
1.86336 14.196640 16.06
1.862321 14.207679 16.07
1.861283 14.218717 16.08
1.860248 14.229752 16.09
1.859215 14.240785 16.1
1.85818 14.251820 16.11
1.857149 14.262851 16.12
1.85612 14.273880 16.13
1.855094 14.284906 16.14
1.854064 14.295936 16.15
1.853036 14.306964 16.16
1.852011 14.317989 16.17
1.850989 14.329011 16.18
1.849966 14.340034 16.19
1.848943 14.351057 16.2
1.847927 14.362073 16.21
1.846907 14.373093 16.22
1.845891 14.384109 16.23
1.844874 14.395126 16.24
1.843858 14.406142 16.25
1.842844 14.417156 16.26
1.841833 14.428167 16.27
1.840821 14.439179 16.28
1.839809 14.450191 16.29
1.838803 14.461197 16.3
1.837796 14.472204 16.31
1.836788 14.483212 16.32
1.835784 14.494216 16.33
1.834781 14.505219 16.34
1.833777 14.516223 16.35
1.832776 14.527224 16.36
1.831778 14.538222 16.37
1.830779 14.549221 16.38
1.829783 14.560217 16.39
1.828784 14.571216 16.4
1.827789 14.582211 16.41
1.826796 14.593204 16.42
1.825803 14.604197 16.43
1.824813 14.615187 16.44
1.82382 14.626180 16.45
1.822834 14.637166 16.46
1.821847 14.648153 16.47
1.82086 14.659140 16.48
1.819873 14.670127 16.49
1.818891 14.681109 16.5
1.817905 14.692095 16.51
1.816925 14.703075 16.52
1.815942 14.714058 16.53
1.814964 14.725036 16.54
1.813988 14.736012 16.55
1.81301 14.746990 16.56
1.812032 14.757968 16.57
1.811058 14.768942 16.58
1.810085 14.779915 16.59
1.809113 14.790887 16.6
1.808142 14.801858 16.61
1.807171 14.812829 16.62
1.806205 14.823795 16.63
1.805236 14.834764 16.64
1.804269 14.845731 16.65
1.803304 14.856696 16.66
1.802339 14.867661 16.67
1.801376 14.878624 16.68
1.800415 14.889585 16.69
1.799453 14.900547 16.7
1.798495 14.911505 16.71
1.797538 14.922462 16.72
1.796581 14.933419 16.73
1.795625 14.944375 16.74
1.79467 14.955330 16.75
1.793713 14.966287 16.76
1.79276 14.977240 16.77
1.791809 14.988191 16.78
1.790859 14.999141 16.79
1.78991 15.010090 16.8
1.788965 15.021035 16.81
1.788019 15.031981 16.82
1.78707 15.042930 16.83
1.786123 15.053877 16.84
1.785182 15.064818 16.85
1.784241 15.075759 16.86
1.783297 15.086703 16.87
1.782358 15.097642 16.88
1.781419 15.108581 16.89
1.78048 15.119520 16.9
1.779544 15.130456 16.91
1.778607 15.141393 16.92
1.777672 15.152328 16.93
1.77674 15.163260 16.94
1.775808 15.174192 16.95
1.774877 15.185123 16.96
1.773946 15.196054 16.97
1.773017 15.206983 16.98
1.772087 15.217913 16.99
1.77116 15.228840 17.0
1.770234 15.239766 17.01
1.76931 15.250690 17.02
1.768387 15.261613 17.03
1.767462 15.272538 17.04
1.766544 15.283456 17.05
1.765623 15.294377 17.06
1.764702 15.305298 17.07
1.763784 15.316216 17.08
1.762866 15.327134 17.09
1.76195 15.338050 17.1
1.761035 15.348965 17.11
1.76012 15.359880 17.12
1.75921 15.370790 17.13
1.758297 15.381703 17.14
1.757386 15.392614 17.15
1.756476 15.403524 17.16
1.755567 15.414433 17.17
1.754658 15.425342 17.18
1.753752 15.436248 17.19
1.752845 15.447155 17.2
1.751943 15.458057 17.21
1.751037 15.468963 17.22
1.750136 15.479864 17.23
1.749234 15.490766 17.24
1.748333 15.501667 17.25
1.747435 15.512565 17.26
1.746537 15.523463 17.27
1.745636 15.534364 17.28
1.744741 15.545259 17.29
1.743847 15.556153 17.3
1.742952 15.567048 17.31
1.742058 15.577942 17.32
1.741165 15.588835 17.33
1.740274 15.599726 17.34
1.739383 15.610617 17.35
1.738496 15.621504 17.36
1.737605 15.632395 17.37
1.736721 15.643279 17.38
1.735835 15.654165 17.39
1.734949 15.665051 17.4
1.734063 15.675937 17.41
1.733181 15.686819 17.42
1.732298 15.697702 17.43
1.731416 15.708584 17.44
1.730538 15.719462 17.45
1.729658 15.730342 17.46
1.72878 15.741220 17.47
1.727903 15.752097 17.48
1.727024 15.762976 17.49
1.726151 15.773849 17.5
1.725276 15.784724 17.51
1.724403 15.795597 17.52
1.723529 15.806471 17.53
1.72266 15.817340 17.54
1.72179 15.828210 17.55
1.72092 15.839080 17.56
1.720052 15.849948 17.57
1.719185 15.860815 17.58
1.718317 15.871683 17.59
1.717452 15.882548 17.6
1.716586 15.893414 17.61
1.715722 15.904278 17.62
1.714861 15.915139 17.63
1.714 15.926000 17.64
1.713138 15.936862 17.65
1.712279 15.947721 17.66
1.711421 15.958579 17.67
1.71056 15.969440 17.68
1.709706 15.980294 17.69
1.70885 15.991150 17.7
1.707993 16.002007 17.71
1.707141 16.012859 17.72
1.70629 16.023710 17.73
1.705435 16.034565 17.74
1.704586 16.045414 17.75
1.703735 16.056265 17.76
1.702884 16.067116 17.77
1.702035 16.077965 17.78
1.701188 16.088812 17.79
1.700345 16.099655 17.8
1.699498 16.110502 17.81
1.698651 16.121349 17.82
1.697807 16.132193 17.83
1.696964 16.143036 17.84
1.696123 16.153877 17.85
1.695281 16.164719 17.86
1.694444 16.175556 17.87
1.693604 16.186396 17.88
1.692763 16.197237 17.89
1.691929 16.208071 17.9
1.691092 16.218908 17.91
1.690256 16.229744 17.92
1.68942 16.240580 17.93
1.688585 16.251415 17.94
1.687753 16.262247 17.95
1.686923 16.273077 17.96
1.686093 16.283907 17.97
1.685261 16.294739 17.98
1.684431 16.305569 17.99
1.683603 16.316397 18.0
1.682777 16.327223 18.01
1.681949 16.338051 18.02
1.681125 16.348875 18.03
1.680299 16.359701 18.04
1.679477 16.370523 18.05
1.678654 16.381346 18.06
1.677832 16.392168 18.07
1.67701 16.402990 18.08
1.676189 16.413811 18.09
1.675369 16.424631 18.1
1.674552 16.435448 18.11
1.673736 16.446264 18.12
1.672919 16.457081 18.13
1.672103 16.467897 18.14
1.671288 16.478712 18.15
1.670471 16.489529 18.16
1.669659 16.500341 18.17
1.668846 16.511154 18.18
1.668033 16.521967 18.19
1.667224 16.532776 18.2
1.666415 16.543585 18.21
1.665608 16.554392 18.22
1.664799 16.565201 18.23
1.663992 16.576008 18.24
1.663185 16.586815 18.25
1.66238 16.597620 18.26
1.661573 16.608427 18.27
1.660772 16.619228 18.28
1.659967 16.630033 18.29
1.659167 16.640833 18.3
1.658364 16.651636 18.31
1.657564 16.662436 18.32
1.656763 16.673237 18.33
1.655966 16.684034 18.34
1.655168 16.694832 18.35
1.654371 16.705629 18.36
1.653575 16.716425 18.37
1.652781 16.727219 18.38
1.651986 16.738014 18.39
1.651192 16.748808 18.4
1.650398 16.759602 18.41
1.649609 16.770391 18.42
1.648815 16.781185 18.43
1.648025 16.791975 18.44
1.647237 16.802763 18.45
1.646449 16.813551 18.46
1.645661 16.824339 18.47
1.644873 16.835127 18.48
1.644087 16.845913 18.49
1.643299 16.856701 18.5
1.642519 16.867481 18.51
1.641733 16.878267 18.52
1.640949 16.889051 18.53
1.640166 16.899834 18.54
1.639388 16.910612 18.55
1.638606 16.921394 18.56
1.637829 16.932171 18.57
1.637047 16.942953 18.58
1.636268 16.953732 18.59
1.63549 16.964510 18.6
1.634715 16.975285 18.61
1.633939 16.986061 18.62
1.633168 16.996832 18.63
1.632393 17.007607 18.64
1.631617 17.018383 18.65
1.630846 17.029154 18.66
1.630073 17.039927 18.67
1.629305 17.050695 18.68
1.628532 17.061468 18.69
1.627765 17.072235 18.7
1.626996 17.083004 18.71
1.626229 17.093771 18.72
1.625462 17.104538 18.73
1.624697 17.115303 18.74
1.62393 17.126070 18.75
1.623167 17.136833 18.76
1.622402 17.147598 18.77
1.621639 17.158361 18.78
1.620877 17.169123 18.79
1.620116 17.179884 18.8
1.619357 17.190643 18.81
1.618595 17.201405 18.82
1.617838 17.212162 18.83
1.617077 17.222923 18.84
1.616319 17.233681 18.85
1.615564 17.244436 18.86
1.614808 17.255192 18.87
1.614056 17.265944 18.88
1.613299 17.276701 18.89
1.612547 17.287453 18.9
1.611794 17.298206 18.91
1.611042 17.308958 18.92
1.61029 17.319710 18.93
1.609538 17.330462 18.94
1.608791 17.341209 18.95
1.608043 17.351957 18.96
1.607295 17.362705 18.97
1.606547 17.373453 18.98
1.605801 17.384199 18.99
1.605053 17.394947 19.0
1.604307 17.405693 19.01
1.603563 17.416437 19.02
1.602819 17.427181 19.03
1.602077 17.437923 19.04
1.601336 17.448664 19.05
1.600592 17.459408 19.06
1.599854 17.470146 19.07
1.599112 17.480888 19.08
1.598373 17.491627 19.09
1.597635 17.502365 19.1
1.596897 17.513103 19.11
1.59616 17.523840 19.12
1.595424 17.534576 19.13
1.594691 17.545309 19.14
1.593954 17.556046 19.15
1.593224 17.566776 19.16
1.592487 17.577513 19.17
1.591755 17.588245 19.18
1.591024 17.598976 19.19
1.590293 17.609707 19.2
1.589564 17.620436 19.21
1.588834 17.631166 19.22
1.588103 17.641897 19.23
1.587374 17.652626 19.24
1.586649 17.663351 19.25
1.585922 17.674078 19.26
1.585195 17.684805 19.27
1.58447 17.695530 19.28
1.583745 17.706255 19.29
1.583024 17.716976 19.3
1.582301 17.727699 19.31
1.581578 17.738422 19.32
1.580856 17.749144 19.33
1.580133 17.759867 19.34
1.579416 17.770584 19.35
1.578697 17.781303 19.36
1.577977 17.792023 19.37
1.57726 17.802740 19.38
1.576543 17.813457 19.39
1.575825 17.824175 19.4
1.575112 17.834888 19.41
1.574392 17.845608 19.42
1.573682 17.856318 19.43
1.572967 17.867033 19.44
1.572252 17.877748 19.45
1.571542 17.888458 19.46
1.57083 17.899170 19.47
1.57012 17.909880 19.48
1.569409 17.920591 19.49
1.568699 17.931301 19.5
1.567991 17.942009 19.51
1.567281 17.952719 19.52
1.566575 17.963425 19.53
1.565867 17.974133 19.54
1.565163 17.984837 19.55
1.564457 17.995543 19.56
1.563752 18.006248 19.57
1.563049 18.016951 19.58
1.562347 18.027653 19.59
1.561645 18.038355 19.6
1.560939 18.049061 19.61
1.560239 18.059761 19.62
1.559541 18.070459 19.63
1.55884 18.081160 19.64
1.558142 18.091858 19.65
1.55744 18.102560 19.66
1.556744 18.113256 19.67
1.556049 18.123951 19.68
1.555351 18.134649 19.69
1.554656 18.145344 19.7
1.553964 18.156036 19.71
1.553267 18.166733 19.72
1.552573 18.177427 19.73
1.551882 18.188118 19.74
1.551189 18.198811 19.75
1.550497 18.209503 19.76
1.549804 18.220196 19.77
1.549115 18.230885 19.78
1.548425 18.241575 19.79
1.547738 18.252262 19.8
1.547049 18.262951 19.81
1.546364 18.273636 19.82
1.545675 18.284325 19.83
1.544988 18.295012 19.84
1.544304 18.305696 19.85
1.543619 18.316381 19.86
1.542934 18.327066 19.87
1.542249 18.337751 19.88
1.541566 18.348434 19.89
1.540886 18.359114 19.9
1.540205 18.369795 19.91
1.539522 18.380478 19.92
1.538845 18.391155 19.93
1.538162 18.401838 19.94
1.537482 18.412518 19.95
1.536807 18.423193 19.96
1.536126 18.433874 19.97
1.53545 18.444550 19.98
1.534775 18.455225 19.99
1.5341 18.465900 20.0
