# 112.3 deg
6.365506 0.014494 6.38
6.269116 0.120884 6.39
6.183556 0.216444 6.4
6.115625 0.294375 6.41
6.057632 0.362368 6.42
6.006054 0.423946 6.43
5.959071 0.480929 6.44
5.915614 0.534386 6.45
5.874985 0.585015 6.46
5.836704 0.633296 6.47
5.800412 0.679588 6.48
5.765842 0.724158 6.49
5.732779 0.767221 6.5
5.701057 0.808943 6.51
5.670537 0.849463 6.52
5.6411 0.888900 6.53
5.612651 0.927349 6.54
5.585107 0.964893 6.55
5.558394 1.001606 6.56
5.532449 1.037551 6.57
5.507221 1.072779 6.58
5.482657 1.107343 6.59
5.458714 1.141286 6.6
5.435353 1.174647 6.61
5.412545 1.207455 6.62
5.390252 1.239748 6.63
5.368449 1.271551 6.64
5.347107 1.302893 6.65
5.326207 1.333793 6.66
5.305723 1.364277 6.67
5.285638 1.394362 6.68
5.26593 1.424070 6.69
5.246588 1.453412 6.7
5.22759 1.482410 6.71
5.208926 1.511074 6.72
5.190577 1.539423 6.73
5.172538 1.567462 6.74
5.154789 1.595211 6.75
5.137323 1.622677 6.76
5.12013 1.649870 6.77
5.1032 1.676800 6.78
5.086523 1.703477 6.79
5.07009 1.729910 6.8
5.053893 1.756107 6.81
5.037924 1.782076 6.82
5.022176 1.807824 6.83
5.006642 1.833358 6.84
4.991316 1.858684 6.85
4.97619 1.883810 6.86
4.961261 1.908739 6.87
4.94652 1.933480 6.88
4.931963 1.958037 6.89
4.917586 1.982414 6.9
4.903381 2.006619 6.91
4.889349 2.030651 6.92
4.875478 2.054522 6.93
4.86177 2.078230 6.94
4.848216 2.101784 6.95
4.834814 2.125186 6.96
4.821563 2.148437 6.97
4.808455 2.171545 6.98
4.79549 2.194510 6.99
4.782661 2.217339 7.0
4.769968 2.240032 7.01
4.757407 2.262593 7.02
4.744974 2.285026 7.03
4.732668 2.307332 7.04
4.720484 2.329516 7.05
4.708421 2.351579 7.06
4.696475 2.373525 7.07
4.684645 2.395355 7.08
4.672929 2.417071 7.09
4.661322 2.438678 7.1
4.649823 2.460177 7.11
4.638431 2.481569 7.12
4.627144 2.502856 7.13
4.615958 2.524042 7.14
4.604871 2.545129 7.15
4.593884 2.566116 7.16
4.582992 2.587008 7.17
4.572195 2.607805 7.18
4.56149 2.628510 7.19
4.550877 2.649123 7.2
4.540353 2.669647 7.21
4.529919 2.690081 7.22
4.519568 2.710432 7.23
4.509302 2.730698 7.24
4.499121 2.750879 7.25
4.489021 2.770979 7.26
4.479001 2.790999 7.27
4.469059 2.810941 7.28
4.459199 2.830801 7.29
4.449411 2.850589 7.3
4.439701 2.870299 7.31
4.430065 2.889935 7.32
4.420501 2.909499 7.33
4.411009 2.928991 7.34
4.401589 2.948411 7.35
4.392236 2.967764 7.36
4.382953 2.987047 7.37
4.373737 3.006263 7.38
4.364588 3.025412 7.39
4.355503 3.044497 7.4
4.346485 3.063515 7.41
4.337529 3.082471 7.42
4.328638 3.101362 7.43
4.319805 3.120195 7.44
4.311034 3.138966 7.45
4.302321 3.157679 7.46
4.293671 3.176329 7.47
4.285078 3.194922 7.48
4.276543 3.213457 7.49
4.268062 3.231938 7.5
4.259637 3.250363 7.51
4.251271 3.268729 7.52
4.242958 3.287042 7.53
4.234699 3.305301 7.54
4.226493 3.323507 7.55
4.218337 3.341663 7.56
4.210234 3.359766 7.57
4.202184 3.377816 7.58
4.194182 3.395818 7.59
4.186231 3.413769 7.6
4.178327 3.431673 7.61
4.170474 3.449526 7.62
4.162668 3.467332 7.63
4.154909 3.485091 7.64
4.147199 3.502801 7.65
4.139533 3.520467 7.66
4.131912 3.538088 7.67
4.124337 3.555663 7.68
4.116806 3.573194 7.69
4.10932 3.590680 7.7
4.101878 3.608122 7.71
4.094478 3.625522 7.72
4.087121 3.642879 7.73
4.079806 3.660194 7.74
4.072531 3.677469 7.75
4.065298 3.694702 7.76
4.058106 3.711894 7.77
4.050954 3.729046 7.78
4.043842 3.746158 7.79
4.036768 3.763232 7.8
4.029735 3.780265 7.81
4.022738 3.797262 7.82
4.015782 3.814218 7.83
4.008861 3.831139 7.84
4.001978 3.848022 7.85
3.995133 3.864867 7.86
3.988322 3.881678 7.87
3.981549 3.898451 7.88
3.97481 3.915190 7.89
3.96811 3.931890 7.9
3.96144 3.948560 7.91
3.954808 3.965192 7.92
3.948209 3.981791 7.93
3.941644 3.998356 7.94
3.935114 4.014886 7.95
3.928615 4.031385 7.96
3.92215 4.047850 7.97
3.915717 4.064283 7.98
3.909316 4.080684 7.99
3.902949 4.097051 8.0
3.896611 4.113389 8.01
3.890305 4.129695 8.02
3.884032 4.145968 8.03
3.877788 4.162212 8.04
3.871572 4.178428 8.05
3.865388 4.194612 8.06
3.859237 4.210763 8.07
3.853113 4.226887 8.08
3.847018 4.242982 8.09
3.840952 4.259048 8.1
3.834917 4.275083 8.11
3.828907 4.291093 8.12
3.822927 4.307073 8.13
3.816975 4.323025 8.14
3.811053 4.338947 8.15
3.805155 4.354845 8.16
3.799285 4.370715 8.17
3.793441 4.386559 8.18
3.787628 4.402372 8.19
3.781838 4.418162 8.2
3.776075 4.433925 8.21
3.770336 4.449664 8.22
3.764628 4.465372 8.23
3.758942 4.481058 8.24
3.753281 4.496719 8.25
3.747646 4.512354 8.26
3.742036 4.527964 8.27
3.736452 4.543548 8.28
3.730891 4.559109 8.29
3.725355 4.574645 8.3
3.719842 4.590158 8.31
3.714354 4.605646 8.32
3.708891 4.621109 8.33
3.703448 4.636552 8.34
3.698032 4.651968 8.35
3.692639 4.667361 8.36
3.687267 4.682733 8.37
3.681918 4.698082 8.38
3.676592 4.713408 8.39
3.671288 4.728712 8.4
3.666008 4.743992 8.41
3.660749 4.759251 8.42
3.65551 4.774490 8.43
3.650296 4.789704 8.44
3.645103 4.804897 8.45
3.63993 4.820070 8.46
3.634777 4.835223 8.47
3.629649 4.850351 8.48
3.624539 4.865461 8.49
3.61945 4.880550 8.5
3.614382 4.895618 8.51
3.609333 4.910667 8.52
3.604307 4.925693 8.53
3.5993 4.940700 8.54
3.594312 4.955688 8.55
3.589345 4.970655 8.56
3.584397 4.985603 8.57
3.579469 5.000531 8.58
3.57456 5.015440 8.59
3.56967 5.030330 8.6
3.564801 5.045199 8.61
3.55995 5.060050 8.62
3.555116 5.074884 8.63
3.550302 5.089698 8.64
3.545508 5.104492 8.65
3.540729 5.119271 8.66
3.535971 5.134029 8.67
3.531229 5.148771 8.68
3.526509 5.163491 8.69
3.521803 5.178197 8.7
3.517116 5.192884 8.71
3.512446 5.207554 8.72
3.507796 5.222204 8.73
3.50316 5.236840 8.74
3.498542 5.251458 8.75
3.493941 5.266059 8.76
3.48936 5.280640 8.77
3.484794 5.295206 8.78
3.480246 5.309754 8.79
3.475713 5.324287 8.8
3.471196 5.338804 8.81
3.466697 5.353303 8.82
3.462214 5.367786 8.83
3.457747 5.382253 8.84
3.453298 5.396702 8.85
3.448862 5.411138 8.86
3.444444 5.425556 8.87
3.44004 5.439960 8.88
3.435653 5.454347 8.89
3.431282 5.468718 8.9
3.426926 5.483074 8.91
3.422584 5.497416 8.92
3.418259 5.511741 8.93
3.41395 5.526050 8.94
3.409656 5.540344 8.95
3.405374 5.554626 8.96
3.401109 5.568891 8.97
3.396861 5.583139 8.98
3.392623 5.597377 8.99
3.388402 5.611598 9.0
3.384198 5.625802 9.01
3.380003 5.639997 9.02
3.375827 5.654173 9.03
3.371664 5.668336 9.04
3.367515 5.682485 9.05
3.36338 5.696620 9.06
3.359259 5.710741 9.07
3.355152 5.724848 9.08
3.351059 5.738941 9.09
3.346979 5.753021 9.1
3.342914 5.767086 9.11
3.338862 5.781138 9.12
3.334823 5.795177 9.13
3.330797 5.809203 9.14
3.326786 5.823214 9.15
3.322786 5.837214 9.16
3.318801 5.851199 9.17
3.314828 5.865172 9.18
3.310871 5.879129 9.19
3.306923 5.893077 9.2
3.302989 5.907011 9.21
3.299068 5.920932 9.22
3.295161 5.934839 9.23
3.291265 5.948735 9.24
3.287382 5.962618 9.25
3.283511 5.976489 9.26
3.279654 5.990346 9.27
3.275807 6.004193 9.28
3.271975 6.018025 9.29
3.268153 6.031847 9.3
3.264343 6.045657 9.31
3.260547 6.059453 9.32
3.256763 6.073237 9.33
3.252988 6.087012 9.34
3.249227 6.100773 9.35
3.245479 6.114521 9.36
3.241741 6.128259 9.37
3.238015 6.141985 9.38
3.2343 6.155700 9.39
3.230598 6.169402 9.4
3.226905 6.183095 9.41
3.223225 6.196775 9.42
3.219556 6.210444 9.43
3.2159 6.224100 9.44
3.212253 6.237747 9.45
3.208617 6.251383 9.46
3.204991 6.265009 9.47
3.201381 6.278619 9.48
3.197778 6.292222 9.49
3.194188 6.305812 9.5
3.190605 6.319395 9.51
3.187037 6.332963 9.52
3.183479 6.346521 9.53
3.17993 6.360070 9.54
3.176393 6.373607 9.55
3.172865 6.387135 9.56
3.169349 6.400651 9.57
3.165844 6.414156 9.58
3.162348 6.427652 9.59
3.158861 6.441139 9.6
3.155387 6.454613 9.61
3.151922 6.468078 9.62
3.148468 6.481532 9.63
3.145022 6.494978 9.64
3.141589 6.508411 9.65
3.138163 6.521837 9.66
3.13475 6.535250 9.67
3.131344 6.548656 9.68
3.12795 6.562050 9.69
3.124568 6.575432 9.7
3.121192 6.588808 9.71
3.117826 6.602174 9.72
3.11447 6.615530 9.73
3.111124 6.628876 9.74
3.107788 6.642212 9.75
3.10446 6.655540 9.76
3.101143 6.668857 9.77
3.097836 6.682164 9.78
3.094537 6.695463 9.79
3.091246 6.708754 9.8
3.087966 6.722034 9.81
3.084696 6.735304 9.82
3.081435 6.748565 9.83
3.078181 6.761819 9.84
3.074937 6.775063 9.85
3.071703 6.788297 9.86
3.068478 6.801522 9.87
3.06526 6.814740 9.88
3.062053 6.827947 9.89
3.058855 6.841145 9.9
3.055664 6.854336 9.91
3.052483 6.867517 9.92
3.049309 6.880691 9.93
3.046144 6.893856 9.94
3.04299 6.907010 9.95
3.039841 6.920159 9.96
3.036703 6.933297 9.97
3.033573 6.946427 9.98
3.030452 6.959548 9.99
3.027338 6.972662 10.0
3.024232 6.985768 10.01
3.021133 6.998867 10.02
3.018046 7.011954 10.03
3.014966 7.025034 10.04
3.011891 7.038109 10.05
3.008828 7.051172 10.06
3.005771 7.064229 10.07
3.002723 7.077277 10.08
2.999682 7.090318 10.09
2.996649 7.103351 10.1
2.993626 7.116374 10.11
2.990608 7.129392 10.12
2.987597 7.142403 10.13
2.984597 7.155403 10.14
2.981603 7.168397 10.15
2.978617 7.181383 10.16
2.975638 7.194362 10.17
2.972667 7.207333 10.18
2.969704 7.220296 10.19
2.966748 7.233252 10.2
2.963799 7.246201 10.21
2.960857 7.259143 10.22
2.957924 7.272076 10.23
2.954996 7.285004 10.24
2.952077 7.297923 10.25
2.949164 7.310836 10.26
2.946259 7.323741 10.27
2.943362 7.336638 10.28
2.94047 7.349530 10.29
2.937587 7.362413 10.3
2.93471 7.375290 10.31
2.93184 7.388160 10.32
2.928977 7.401023 10.33
2.926122 7.413878 10.34
2.923272 7.426728 10.35
2.92043 7.439570 10.36
2.917596 7.452404 10.37
2.914767 7.465233 10.38
2.911945 7.478055 10.39
2.909134 7.490866 10.4
2.906325 7.503675 10.41
2.903522 7.516478 10.42
2.900729 7.529271 10.43
2.897943 7.542057 10.44
2.895162 7.554838 10.45
2.892386 7.567614 10.46
2.889619 7.580381 10.47
2.886858 7.593142 10.48
2.884104 7.605896 10.49
2.881357 7.618643 10.5
2.878614 7.631386 10.51
2.875879 7.644121 10.52
2.873151 7.656849 10.53
2.870429 7.669571 10.54
2.867712 7.682288 10.55
2.865003 7.694997 10.56
2.862301 7.707699 10.57
2.859603 7.720397 10.58
2.856913 7.733087 10.59
2.854229 7.745771 10.6
2.851551 7.758449 10.61
2.848879 7.771121 10.62
2.846212 7.783788 10.63
2.843552 7.796448 10.64
2.840899 7.809101 10.65
2.838252 7.821748 10.66
2.83561 7.834390 10.67
2.832975 7.847025 10.68
2.830346 7.859654 10.69
2.827723 7.872277 10.7
2.825104 7.884896 10.71
2.822493 7.897507 10.72
2.819889 7.910111 10.73
2.817288 7.922712 10.74
2.814694 7.935306 10.75
2.812106 7.947894 10.76
2.809524 7.960476 10.77
2.806948 7.973052 10.78
2.804377 7.985623 10.79
2.801809 7.998191 10.8
2.799251 8.010749 10.81
2.796697 8.023303 10.82
2.79415 8.035850 10.83
2.791608 8.048392 10.84
2.789071 8.060929 10.85
2.78654 8.073460 10.86
2.784016 8.085984 10.87
2.781494 8.098506 10.88
2.778981 8.111019 10.89
2.776472 8.123528 10.9
2.773968 8.136032 10.91
2.77147 8.148530 10.92
2.768978 8.161022 10.93
2.76649 8.173510 10.94
2.76401 8.185990 10.95
2.761532 8.198468 10.96
2.759062 8.210938 10.97
2.756596 8.223404 10.98
2.754135 8.235865 10.99
2.75168 8.248320 11.0
2.749229 8.260771 11.01
2.746785 8.273215 11.02
2.744347 8.285653 11.03
2.741913 8.298087 11.04
2.739483 8.310517 11.05
2.737059 8.322941 11.06
2.734642 8.335358 11.07
2.732227 8.347773 11.08
2.729819 8.360181 11.09
2.727417 8.372583 11.1
2.725018 8.384982 11.11
2.722624 8.397376 11.12
2.720235 8.409765 11.13
2.717853 8.422147 11.14
2.715475 8.434525 11.15
2.713102 8.446898 11.16
2.710732 8.459268 11.17
2.708371 8.471629 11.18
2.70601 8.483990 11.19
2.703657 8.496343 11.2
2.701309 8.508691 11.21
2.698964 8.521036 11.22
2.696626 8.533374 11.23
2.69429 8.545710 11.24
2.691963 8.558037 11.25
2.689637 8.570363 11.26
2.687316 8.582684 11.27
2.685003 8.594997 11.28
2.682693 8.607307 11.29
2.680385 8.619615 11.3
2.678085 8.631915 11.31
2.675789 8.644211 11.32
2.673497 8.656503 11.33
2.671209 8.668791 11.34
2.668925 8.681075 11.35
2.666649 8.693351 11.36
2.664376 8.705624 11.37
2.662107 8.717893 11.38
2.659843 8.730157 11.39
2.657583 8.742417 11.4
2.655328 8.754672 11.41
2.653077 8.766923 11.42
2.650831 8.779169 11.43
2.648591 8.791409 11.44
2.646352 8.803648 11.45
2.644121 8.815879 11.46
2.641891 8.828109 11.47
2.639668 8.840332 11.48
2.637448 8.852552 11.49
2.635232 8.864768 11.5
2.633021 8.876979 11.51
2.630813 8.889187 11.52
2.628613 8.901387 11.53
2.626416 8.913584 11.54
2.624221 8.925779 11.55
2.622031 8.937969 11.56
2.619847 8.950153 11.57
2.617666 8.962334 11.58
2.615489 8.974511 11.59
2.613317 8.986683 11.6
2.611149 8.998851 11.61
2.608985 9.011015 11.62
2.606825 9.023175 11.63
2.604668 9.035332 11.64
2.602518 9.047482 11.65
2.600369 9.059631 11.66
2.598226 9.071774 11.67
2.596085 9.083915 11.68
2.593953 9.096047 11.69
2.59182 9.108180 11.7
2.589692 9.120308 11.71
2.587571 9.132429 11.72
2.585452 9.144548 11.73
2.583336 9.156664 11.74
2.581223 9.168777 11.75
2.579118 9.180882 11.76
2.577014 9.192986 11.77
2.574916 9.205084 11.78
2.572819 9.217181 11.79
2.570728 9.229272 11.8
2.56864 9.241360 11.81
2.566558 9.253442 11.82
2.564477 9.265523 11.83
2.562402 9.277598 11.84
2.56033 9.289670 11.85
2.558261 9.301739 11.86
2.556197 9.313803 11.87
2.554137 9.325863 11.88
2.55208 9.337920 11.89
2.550026 9.349974 11.9
2.54798 9.362020 11.91
2.545932 9.374068 11.92
2.543892 9.386108 11.93
2.541853 9.398147 11.94
2.539819 9.410181 11.95
2.537787 9.422213 11.96
2.535761 9.434239 11.97
2.533741 9.446259 11.98
2.53172 9.458280 11.99
2.529704 9.470296 12.0
2.52769 9.482310 12.01
2.525681 9.494319 12.02
2.523679 9.506321 12.03
2.521676 9.518324 12.04
2.519678 9.530322 12.05
2.517684 9.542316 12.06
2.515694 9.554306 12.07
2.513706 9.566294 12.08
2.511722 9.578278 12.09
2.509743 9.590257 12.1
2.507767 9.602233 12.11
2.505794 9.614206 12.12
2.503825 9.626175 12.13
2.501857 9.638143 12.14
2.499896 9.650104 12.15
2.497937 9.662063 12.16
2.495982 9.674018 12.17
2.49403 9.685970 12.18
2.492081 9.697919 12.19
2.490136 9.709864 12.2
2.488193 9.721807 12.21
2.486253 9.733747 12.22
2.48432 9.745680 12.23
2.482388 9.757612 12.24
2.480458 9.769542 12.25
2.478534 9.781466 12.26
2.476613 9.793387 12.27
2.474695 9.805305 12.28
2.472777 9.817223 12.29
2.470867 9.829133 12.3
2.468958 9.841042 12.31
2.467053 9.852947 12.32
2.465152 9.864848 12.33
2.463253 9.876747 12.34
2.461359 9.888641 12.35
2.459467 9.900533 12.36
2.457577 9.912423 12.37
2.455691 9.924309 12.38
2.453809 9.936191 12.39
2.45193 9.948070 12.4
2.450056 9.959944 12.41
2.448183 9.971817 12.42
2.446313 9.983687 12.43
2.44445 9.995550 12.44
2.442587 10.007413 12.45
2.440726 10.019274 12.46
2.438871 10.031129 12.47
2.43702 10.042980 12.48
2.435169 10.054831 12.49
2.433323 10.066677 12.5
2.43148 10.078520 12.51
2.429639 10.090361 12.52
2.427803 10.102197 12.53
2.425971 10.114029 12.54
2.424142 10.125858 12.55
2.422313 10.137687 12.56
2.420492 10.149508 12.57
2.418673 10.161327 12.58
2.416854 10.173146 12.59
2.415038 10.184962 12.6
2.413229 10.196771 12.61
2.411423 10.208577 12.62
2.409617 10.220383 12.63
2.407817 10.232183 12.64
2.40602 10.243980 12.65
2.404226 10.255774 12.66
2.402434 10.267566 12.67
2.400646 10.279354 12.68
2.398862 10.291138 12.69
2.397081 10.302919 12.7
2.395302 10.314698 12.71
2.393527 10.326473 12.72
2.391755 10.338245 12.73
2.389987 10.350013 12.74
2.388222 10.361778 12.75
2.386458 10.373542 12.76
2.384698 10.385302 12.77
2.382943 10.397057 12.78
2.381189 10.408811 12.79
2.379438 10.420562 12.8
2.377691 10.432309 12.81
2.375947 10.444053 12.82
2.374207 10.455793 12.83
2.372468 10.467532 12.84
2.370734 10.479266 12.85
2.369 10.491000 12.86
2.367272 10.502728 12.87
2.365547 10.514453 12.88
2.363822 10.526178 12.89
2.362104 10.537896 12.9
2.360386 10.549614 12.91
2.35867 10.561330 12.92
2.356959 10.573041 12.93
2.355252 10.584748 12.94
2.353547 10.596453 12.95
2.351843 10.608157 12.96
2.350144 10.619856 12.97
2.348447 10.631553 12.98
2.346754 10.643246 12.99
2.345062 10.654938 13.0
2.343374 10.666626 13.01
2.34169 10.678310 13.02
2.340008 10.689992 13.03
2.338328 10.701672 13.04
2.336652 10.713348 13.05
2.334979 10.725021 13.06
2.333307 10.736693 13.07
2.331638 10.748362 13.08
2.329975 10.760025 13.09
2.32831 10.771690 13.1
2.326651 10.783349 13.11
2.324992 10.795008 13.12
2.323339 10.806661 13.13
2.321689 10.818311 13.14
2.320042 10.829958 13.15
2.318394 10.841606 13.16
2.316751 10.853249 13.17
2.31511 10.864890 13.18
2.313473 10.876527 13.19
2.311838 10.888162 13.2
2.310205 10.899795 13.21
2.308578 10.911422 13.22
2.306951 10.923049 13.23
2.305328 10.934672 13.24
2.303705 10.946295 13.25
2.302087 10.957913 13.26
2.30047 10.969530 13.27
2.298858 10.981142 13.28
2.297247 10.992753 13.29
2.295638 11.004362 13.3
2.294033 11.015967 13.31
2.292431 11.027569 13.32
2.290832 11.039168 13.33
2.289232 11.050768 13.34
2.287637 11.062363 13.35
2.286045 11.073955 13.36
2.284456 11.085544 13.37
2.282869 11.097131 13.38
2.281285 11.108715 13.39
2.279705 11.120295 13.4
2.278123 11.131877 13.41
2.276549 11.143451 13.42
2.274974 11.155026 13.43
2.273402 11.166598 13.44
2.271832 11.178168 13.45
2.270264 11.189736 13.46
2.268701 11.201299 13.47
2.26714 11.212860 13.48
2.265582 11.224418 13.49
2.264025 11.235975 13.5
2.26247 11.247530 13.51
2.260919 11.259081 13.52
2.259371 11.270629 13.53
2.257825 11.282175 13.54
2.256279 11.293721 13.55
2.254737 11.305263 13.56
2.253199 11.316801 13.57
2.251663 11.328337 13.58
2.25013 11.339870 13.59
2.248597 11.351403 13.6
2.247068 11.362932 13.61
2.24554 11.374460 13.62
2.244017 11.385983 13.63
2.242494 11.397506 13.64
2.240974 11.409026 13.65
2.239458 11.420542 13.66
2.237941 11.432059 13.67
2.23643 11.443570 13.68
2.234919 11.455081 13.69
2.233411 11.466589 13.7
2.231907 11.478093 13.71
2.230404 11.489596 13.72
2.228903 11.501097 13.73
2.227404 11.512596 13.74
2.225908 11.524092 13.75
2.224416 11.535584 13.76
2.222924 11.547076 13.77
2.221437 11.558563 13.78
2.219949 11.570051 13.79
2.218464 11.581536 13.8
2.216982 11.593018 13.81
2.215504 11.604496 13.82
2.214025 11.615975 13.83
2.21255 11.627450 13.84
2.211079 11.638921 13.85
2.209607 11.650393 13.86
2.20814 11.661860 13.87
2.206672 11.673328 13.88
2.205209 11.684791 13.89
2.203748 11.696252 13.9
2.202287 11.707713 13.91
2.200831 11.719169 13.92
2.199377 11.730623 13.93
2.197924 11.742076 13.94
2.196475 11.753525 13.95
2.195023 11.764977 13.96
2.193579 11.776421 13.97
2.192135 11.787865 13.98
2.190695 11.799305 13.99
2.189257 11.810743 14.0
2.187819 11.822181 14.01
2.186385 11.833615 14.02
2.184951 11.845049 14.03
2.183521 11.856479 14.04
2.182092 11.867908 14.05
2.180665 11.879335 14.06
2.179241 11.890759 14.07
2.177822 11.902178 14.08
2.176399 11.913601 14.09
2.174983 11.925017 14.1
2.173565 11.936435 14.11
2.172155 11.947845 14.12
2.170743 11.959257 14.13
2.169335 11.970665 14.14
2.167928 11.982072 14.15
2.166524 11.993476 14.16
2.16512 12.004880 14.17
2.163721 12.016279 14.18
2.162322 12.027678 14.19
2.160925 12.039075 14.2
2.159531 12.050469 14.21
2.158138 12.061862 14.22
2.156748 12.073252 14.23
2.15536 12.084640 14.24
2.153974 12.096026 14.25
2.15259 12.107410 14.26
2.151207 12.118793 14.27
2.149827 12.130173 14.28
2.148451 12.141549 14.29
2.147075 12.152925 14.3
2.145701 12.164299 14.31
2.144329 12.175671 14.32
2.142959 12.187041 14.33
2.141592 12.198408 14.34
2.140226 12.209774 14.35
2.138861 12.221139 14.36
2.137501 12.232499 14.37
2.136141 12.243859 14.38
2.134782 12.255218 14.39
2.133428 12.266572 14.4
2.132073 12.277927 14.41
2.130721 12.289279 14.42
2.129371 12.300629 14.43
2.128025 12.311975 14.44
2.126676 12.323324 14.45
2.125333 12.334667 14.46
2.123991 12.346009 14.47
2.122653 12.357347 14.48
2.121314 12.368686 14.49
2.119978 12.380022 14.5
2.118644 12.391356 14.51
2.11731 12.402690 14.52
2.11598 12.414020 14.53
2.114651 12.425349 14.54
2.113325 12.436675 14.55
2.112 12.448000 14.56
2.110679 12.459321 14.57
2.109358 12.470642 14.58
2.108037 12.481963 14.59
2.106719 12.493281 14.6
2.105406 12.504594 14.61
2.104092 12.515908 14.62
2.102781 12.527219 14.63
2.101473 12.538527 14.64
2.100165 12.549835 14.65
2.098857 12.561143 14.66
2.097555 12.572445 14.67
2.096253 12.583747 14.68
2.094952 12.595048 14.69
2.093653 12.606347 14.7
2.092357 12.617643 14.71
2.09106 12.628940 14.72
2.089769 12.640231 14.73
2.088478 12.651522 14.74
2.087188 12.662812 14.75
2.085901 12.674099 14.76
2.084616 12.685384 14.77
2.083332 12.696668 14.78
2.082049 12.707951 14.79
2.080768 12.719232 14.8
2.07949 12.730510 14.81
2.078214 12.741786 14.82
2.07694 12.753060 14.83
2.075667 12.764333 14.84
2.074395 12.775605 14.85
2.073126 12.786874 14.86
2.071859 12.798141 14.87
2.070594 12.809406 14.88
2.069328 12.820672 14.89
2.068067 12.831933 14.9
2.066807 12.843193 14.91
2.065546 12.854454 14.92
2.064289 12.865711 14.93
2.063034 12.876966 14.94
2.061781 12.888219 14.95
2.060528 12.899472 14.96
2.059277 12.910723 14.97
2.05803 12.921970 14.98
2.056785 12.933215 14.99
2.055538 12.944462 15.0
2.054294 12.955706 15.01
2.053052 12.966948 15.02
2.051813 12.978187 15.03
2.050575 12.989425 15.04
2.04934 13.000660 15.05
2.048105 13.011895 15.06
2.046872 13.023128 15.07
2.045639 13.034361 15.08
2.04441 13.045590 15.09
2.043181 13.056819 15.1
2.041956 13.068044 15.11
2.040732 13.079268 15.12
2.039508 13.090492 15.13
2.038286 13.101714 15.14
2.037067 13.112933 15.15
2.03585 13.124150 15.16
2.034634 13.135366 15.17
2.033416 13.146584 15.18
2.032205 13.157795 15.19
2.030994 13.169006 15.2
2.029784 13.180216 15.21
2.028574 13.191426 15.22
2.02737 13.202630 15.23
2.026165 13.213835 15.24
2.024959 13.225041 15.25
2.02376 13.236240 15.26
2.022559 13.247441 15.27
2.021361 13.258639 15.28
2.020165 13.269835 15.29
2.01897 13.281030 15.3
2.017775 13.292225 15.31
2.016585 13.303415 15.32
2.015393 13.314607 15.33
2.014204 13.325796 15.34
2.013017 13.336983 15.35
2.011832 13.348168 15.36
2.010649 13.359351 15.37
2.009465 13.370535 15.38
2.008284 13.381716 15.39
2.007106 13.392894 15.4
2.005926 13.404074 15.41
2.004751 13.415249 15.42
2.003576 13.426424 15.43
2.002404 13.437596 15.44
2.001232 13.448768 15.45
2.000062 13.459938 15.46
1.998894 13.471106 15.47
1.997728 13.482272 15.48
1.996563 13.493437 15.49
1.9954 13.504600 15.5
1.994238 13.515762 15.51
1.993076 13.526924 15.52
1.991917 13.538083 15.53
1.99076 13.549240 15.54
1.989604 13.560396 15.55
1.988448 13.571552 15.56
1.987296 13.582704 15.57
1.986144 13.593856 15.58
1.984996 13.605004 15.59
1.983846 13.616154 15.6
1.9827 13.627300 15.61
1.981552 13.638448 15.62
1.98041 13.649590 15.63
1.979266 13.660734 15.64
1.978127 13.671873 15.65
1.976987 13.683013 15.66
1.975849 13.694151 15.67
1.974713 13.705287 15.68
1.973577 13.716423 15.69
1.972444 13.727556 15.7
1.971312 13.738688 15.71
1.97018 13.749820 15.72
1.969054 13.760946 15.73
1.967925 13.772075 15.74
1.966797 13.783203 15.75
1.965674 13.794326 15.76
1.964551 13.805449 15.77
1.963428 13.816572 15.78
1.962306 13.827694 15.79
1.961187 13.838813 15.8
1.960071 13.849929 15.81
1.958955 13.861045 15.82
1.95784 13.872160 15.83
1.956725 13.883275 15.84
1.955616 13.894384 15.85
1.954504 13.905496 15.86
1.953394 13.916606 15.87
1.952288 13.927712 15.88
1.951182 13.938818 15.89
1.950078 13.949922 15.9
1.948975 13.961025 15.91
1.947873 13.972127 15.92
1.946772 13.983228 15.93
1.945673 13.994327 15.94
1.944576 14.005424 15.95
1.943479 14.016521 15.96
1.942384 14.027616 15.97
1.94129 14.038710 15.98
1.940201 14.049799 15.99
1.939109 14.060891 16.0
1.93802 14.071980 16.01
1.936929 14.083071 16.02
1.935845 14.094155 16.03
1.934759 14.105241 16.04
1.933677 14.116323 16.05
1.932595 14.127405 16.06
1.931513 14.138487 16.07
1.930431 14.149569 16.08
1.929356 14.160644 16.09
1.928278 14.171722 16.1
1.927202 14.182798 16.11
1.926128 14.193872 16.12
1.925056 14.204944 16.13
1.923985 14.216015 16.14
1.922914 14.227086 16.15
1.921844 14.238156 16.16
1.920777 14.249223 16.17
1.919712 14.260288 16.18
1.918644 14.271356 16.19
1.917583 14.282417 16.2
1.916522 14.293478 16.21
1.915461 14.304539 16.22
1.914401 14.315599 16.23
1.913343 14.326657 16.24
1.912286 14.337714 16.25
1.911229 14.348771 16.26
1.910176 14.359824 16.27
1.909124 14.370876 16.28
1.90807 14.381930 16.29
1.907024 14.392976 16.3
1.905973 14.404027 16.31
1.904923 14.415077 16.32
1.903879 14.426121 16.33
1.902836 14.437164 16.34
1.901788 14.448212 16.35
1.900747 14.459253 16.36
1.899706 14.470294 16.37
1.898664 14.481336 16.38
1.897627 14.492373 16.39
1.89659 14.503410 16.4
1.895554 14.514446 16.41
1.894517 14.525483 16.42
1.893487 14.536513 16.43
1.892456 14.547544 16.44
1.891422 14.558578 16.45
1.890395 14.569605 16.46
1.889366 14.580634 16.47
1.888339 14.591661 16.48
1.88731 14.602690 16.49
1.886288 14.613712 16.5
1.885264 14.624736 16.51
1.88424 14.635760 16.52
1.883218 14.646782 16.53
1.8822 14.657800 16.54
1.881183 14.668817 16.55
1.880167 14.679833 16.56
1.879148 14.690852 16.57
1.878134 14.701866 16.58
1.877122 14.712878 16.59
1.87611 14.723890 16.6
1.875097 14.734903 16.61
1.874088 14.745912 16.62
1.873082 14.756918 16.63
1.872071 14.767929 16.64
1.871066 14.778934 16.65
1.870063 14.789937 16.66
1.869058 14.800942 16.67
1.868056 14.811944 16.68
1.867054 14.822946 16.69
1.866052 14.833948 16.7
1.865056 14.844944 16.71
1.864058 14.855942 16.72
1.863062 14.866938 16.73
1.862066 14.877934 16.74
1.861073 14.888927 16.75
1.860079 14.899921 16.76
1.859087 14.910913 16.77
1.858095 14.921905 16.78
1.857107 14.932893 16.79
1.85612 14.943880 16.8
1.855134 14.954866 16.81
1.854149 14.965851 16.82
1.853164 14.976836 16.83
1.852177 14.987823 16.84
1.851197 14.998803 16.85
1.850217 15.009783 16.86
1.849236 15.020764 16.87
1.848258 15.031742 16.88
1.847281 15.042719 16.89
1.846302 15.053698 16.9
1.845329 15.064671 16.91
1.844355 15.075645 16.92
1.843381 15.086619 16.93
1.842412 15.097588 16.94
1.84144 15.108560 16.95
1.840471 15.119529 16.96
1.839503 15.130497 16.97
1.838538 15.141462 16.98
1.837569 15.152431 16.99
1.836602 15.163398 17.0
1.835639 15.174361 17.01
1.834677 15.185323 17.02
1.833717 15.196283 17.03
1.832753 15.207247 17.04
1.8318 15.218200 17.05
1.83084 15.229160 17.06
1.829882 15.240118 17.07
1.828926 15.251074 17.08
1.827971 15.262029 17.09
1.827016 15.272984 17.1
1.826064 15.283936 17.11
1.825113 15.294887 17.12
1.824166 15.305834 17.13
1.823216 15.316784 17.14
1.822267 15.327733 17.15
1.82132 15.338680 17.16
1.820372 15.349628 17.17
1.81943 15.360570 17.18
1.818485 15.371515 17.19
1.81754 15.382460 17.2
1.816603 15.393397 17.21
1.815661 15.404339 17.22
1.814722 15.415278 17.23
1.813783 15.426217 17.24
1.812846 15.437154 17.25
1.811912 15.448088 17.26
1.810977 15.459023 17.27
1.810041 15.469959 17.28
1.809109 15.480891 17.29
1.808178 15.491822 17.3
1.807246 15.502754 17.31
1.806316 15.513684 17.32
1.805389 15.524611 17.33
1.80446 15.535540 17.34
1.803533 15.546467 17.35
1.80261 15.557390 17.36
1.801684 15.568316 17.37
1.800761 15.579239 17.38
1.799842 15.590158 17.39
1.798919 15.601081 17.4
1.797998 15.612002 17.41
1.797079 15.622921 17.42
1.79616 15.633840 17.43
1.795245 15.644755 17.44
1.794329 15.655671 17.45
1.793413 15.666587 17.46
1.792499 15.677501 17.47
1.791587 15.688413 17.48
1.790675 15.699325 17.49
1.789764 15.710236 17.5
1.788855 15.721145 17.51
1.787947 15.732053 17.52
1.787039 15.742961 17.53
1.786132 15.753868 17.54
1.785227 15.764773 17.55
1.784323 15.775677 17.56
1.78342 15.786580 17.57
1.782518 15.797482 17.58
1.781616 15.808384 17.59
1.780714 15.819286 17.6
1.779814 15.830186 17.61
1.778916 15.841084 17.62
1.77802 15.851980 17.63
1.777123 15.862877 17.64
1.776226 15.873774 17.65
1.775334 15.884666 17.66
1.77444 15.895560 17.67
1.773547 15.906453 17.68
1.772656 15.917344 17.69
1.771764 15.928236 17.7
1.770876 15.939124 17.71
1.769988 15.950012 17.72
1.769103 15.960897 17.73
1.768214 15.971786 17.74
1.767328 15.982672 17.75
1.766444 15.993556 17.76
1.76556 16.004440 17.77
1.764676 16.015324 17.78
1.763795 16.026205 17.79
1.762917 16.037083 17.8
1.762036 16.047964 17.81
1.761156 16.058844 17.82
1.760279 16.069721 17.83
1.759401 16.080599 17.84
1.758527 16.091473 17.85
1.757652 16.102348 17.86
1.756778 16.113222 17.87
1.755904 16.124096 17.88
1.755032 16.134968 17.89
1.754162 16.145838 17.9
1.753292 16.156708 17.91
1.752422 16.167578 17.92
1.751552 16.178448 17.93
1.750686 16.189314 17.94
1.749822 16.200178 17.95
1.748958 16.211042 17.96
1.748093 16.221907 17.97
1.747229 16.232771 17.98
1.746367 16.243633 17.99
1.745504 16.254496 18.0
1.744642 16.265358 18.01
1.743783 16.276217 18.02
1.742925 16.287075 18.03
1.742066 16.297934 18.04
1.74121 16.308790 18.05
1.740357 16.319643 18.06
1.7395 16.330500 18.07
1.738646 16.341354 18.08
1.737793 16.352207 18.09
1.736938 16.363062 18.1
1.736087 16.373913 18.11
1.73524 16.384760 18.12
1.734389 16.395611 18.13
1.73354 16.406460 18.14
1.732693 16.417307 18.15
1.731844 16.428156 18.16
1.731001 16.438999 18.17
1.730154 16.449846 18.18
1.72931 16.460690 18.19
1.728465 16.471535 18.2
1.727626 16.482374 18.21
1.726786 16.493214 18.22
1.725945 16.504055 18.23
1.725106 16.514894 18.24
1.724268 16.525732 18.25
1.723428 16.536572 18.26
1.722593 16.547407 18.27
1.721757 16.558243 18.28
1.72092 16.569080 18.29
1.72009 16.579910 18.3
1.719254 16.590746 18.31
1.718422 16.601578 18.32
1.717589 16.612411 18.33
1.71676 16.623240 18.34
1.715931 16.634069 18.35
1.715101 16.644899 18.36
1.714273 16.655727 18.37
1.713448 16.666552 18.38
1.71262 16.677380 18.39
1.711794 16.688206 18.4
1.710968 16.699032 18.41
1.710146 16.709854 18.42
1.709324 16.720676 18.43
1.708501 16.731499 18.44
1.707683 16.742317 18.45
1.706862 16.753138 18.46
1.706042 16.763958 18.47
1.705224 16.774776 18.48
1.704405 16.785595 18.49
1.70359 16.796410 18.5
1.702774 16.807226 18.51
1.701959 16.818041 18.52
1.701143 16.828857 18.53
1.70033 16.839670 18.54
1.699521 16.850479 18.55
1.698706 16.861294 18.56
1.697897 16.872103 18.57
1.697086 16.882914 18.58
1.696277 16.893723 18.59
1.695469 16.904531 18.6
1.694661 16.915339 18.61
1.693854 16.926146 18.62
1.693053 16.936947 18.63
1.692248 16.947752 18.64
1.691439 16.958561 18.65
1.690638 16.969362 18.66
1.689835 16.980165 18.67
1.689037 16.990963 18.68
1.688234 17.001766 18.69
1.687434 17.012566 18.7
1.686635 17.023365 18.71
1.685839 17.034161 18.72
1.68504 17.044960 18.73
1.684244 17.055756 18.74
1.683447 17.066553 18.75
1.682653 17.077347 18.76
1.68186 17.088140 18.77
1.681066 17.098934 18.78
1.680272 17.109728 18.79
1.679482 17.120518 18.8
1.678692 17.131308 18.81
1.677901 17.142099 18.82
1.677115 17.152885 18.83
1.676325 17.163675 18.84
1.675535 17.174465 18.85
1.674751 17.185249 18.86
1.673965 17.196035 18.87
1.673182 17.206818 18.88
1.672396 17.217604 18.89
1.671612 17.228388 18.9
1.67083 17.239170 18.91
1.670048 17.249952 18.92
1.669267 17.260733 18.93
1.668485 17.271515 18.94
1.667707 17.282293 18.95
1.66693 17.293070 18.96
1.666152 17.303848 18.97
1.665375 17.314625 18.98
1.664599 17.325401 18.99
1.663822 17.336178 19.0
1.663048 17.346952 19.01
1.662271 17.357729 19.02
1.6615 17.368500 19.03
1.660728 17.379272 19.04
1.659957 17.390043 19.05
1.659184 17.400816 19.06
1.658415 17.411585 19.07
1.657646 17.422354 19.08
1.656877 17.433123 19.09
1.65611 17.443890 19.1
1.655343 17.454657 19.11
1.654576 17.465424 19.12
1.653813 17.476187 19.13
1.653048 17.486952 19.14
1.652285 17.497715 19.15
1.651522 17.508478 19.16
1.650759 17.519241 19.17
1.649997 17.530003 19.18
1.649238 17.540762 19.19
1.648479 17.551521 19.2
1.647721 17.562279 19.21
1.646962 17.573038 19.22
1.646201 17.583799 19.23
1.645445 17.594555 19.24
1.644691 17.605309 19.25
1.643934 17.616066 19.26
1.643178 17.626822 19.27
1.642425 17.637575 19.28
1.641671 17.648329 19.29
1.640919 17.659081 19.3
1.640168 17.669832 19.31
1.639418 17.680582 19.32
1.638668 17.691332 19.33
1.637918 17.702082 19.34
1.63717 17.712830 19.35
1.636423 17.723577 19.36
1.635675 17.734325 19.37
1.63493 17.745070 19.38
1.634184 17.755816 19.39
1.633438 17.766562 19.4
1.632696 17.777304 19.41
1.63195 17.788050 19.42
1.63121 17.798790 19.43
1.630466 17.809534 19.44
1.629724 17.820276 19.45
1.628987 17.831013 19.46
1.628247 17.841753 19.47
1.627509 17.852491 19.48
1.626768 17.863232 19.49
1.626032 17.873968 19.5
1.625295 17.884705 19.51
1.624559 17.895441 19.52
1.623822 17.906178 19.53
1.623088 17.916912 19.54
1.622357 17.927643 19.55
1.621623 17.938377 19.56
1.62089 17.949110 19.57
1.620159 17.959841 19.58
1.619428 17.970572 19.59
1.6187 17.981300 19.6
1.617967 17.992033 19.61
1.61724 18.002760 19.62
1.616513 18.013487 19.63
1.615786 18.024214 19.64
1.615059 18.034941 19.65
1.61433 18.045670 19.66
1.613605 18.056395 19.67
1.612884 18.067116 19.68
1.612159 18.077841 19.69
1.611436 18.088564 19.7
1.610715 18.099285 19.71
1.609994 18.110006 19.72
1.609272 18.120728 19.73
1.608553 18.131447 19.74
1.607832 18.142168 19.75
1.607113 18.152887 19.76
1.606393 18.163607 19.77
1.605676 18.174324 19.78
1.60496 18.185040 19.79
1.604247 18.195753 19.8
1.603531 18.206469 19.81
1.602818 18.217182 19.82
1.602102 18.227898 19.83
1.601389 18.238611 19.84
1.600675 18.249325 19.85
1.599964 18.260036 19.86
1.599254 18.270746 19.87
1.598542 18.281458 19.88
1.597834 18.292166 19.89
1.597126 18.302874 19.9
1.596417 18.313583 19.91
1.595709 18.324291 19.92
1.595003 18.334997 19.93
1.594295 18.345705 19.94
1.593589 18.356411 19.95
1.592887 18.367113 19.96
1.592179 18.377821 19.97
1.591477 18.388523 19.98
1.590777 18.399223 19.99
1.590073 18.409927 20.0
