# 106.6 deg
6.233439 0.016561 6.25
6.13768 0.122320 6.26
6.053707 0.216293 6.27
5.986847 0.293153 6.28
5.92969 0.360310 6.29
5.878825 0.421175 6.3
5.832482 0.477518 6.31
5.789601 0.530399 6.32
5.749515 0.580485 6.33
5.711734 0.628266 6.34
5.675921 0.674079 6.35
5.6418 0.718200 6.36
5.609174 0.760826 6.37
5.577864 0.802136 6.38
5.547741 0.842259 6.39
5.518689 0.881311 6.4
5.490608 0.919392 6.41
5.463421 0.956579 6.42
5.437057 0.992943 6.43
5.411451 1.028549 6.44
5.386552 1.063448 6.45
5.362308 1.097692 6.46
5.33868 1.131320 6.47
5.315627 1.164373 6.48
5.293118 1.196882 6.49
5.271117 1.228883 6.5
5.2496 1.260400 6.51
5.228543 1.291457 6.52
5.207918 1.322082 6.53
5.187706 1.352294 6.54
5.167888 1.382112 6.55
5.148444 1.411556 6.56
5.129358 1.440642 6.57
5.110616 1.469384 6.58
5.092202 1.497798 6.59
5.074101 1.525899 6.6
5.056302 1.553698 6.61
5.038795 1.581205 6.62
5.021566 1.608434 6.63
5.004607 1.635393 6.64
4.987905 1.662095 6.65
4.971456 1.688544 6.66
4.955246 1.714754 6.67
4.939271 1.740729 6.68
4.923521 1.766479 6.69
4.90799 1.792010 6.7
4.89267 1.817330 6.71
4.877556 1.842444 6.72
4.862639 1.867361 6.73
4.847917 1.892083 6.74
4.833381 1.916619 6.75
4.819026 1.940974 6.76
4.804849 1.965151 6.77
4.790844 1.989156 6.78
4.777007 2.012993 6.79
4.763332 2.036668 6.8
4.749816 2.060184 6.81
4.736454 2.083546 6.82
4.723242 2.106758 6.83
4.710178 2.129822 6.84
4.697256 2.152744 6.85
4.684474 2.175526 6.86
4.67183 2.198170 6.87
4.659318 2.220682 6.88
4.646936 2.243064 6.89
4.634683 2.265317 6.9
4.622552 2.287448 6.91
4.610545 2.309455 6.92
4.598656 2.331344 6.93
4.586883 2.353117 6.94
4.575224 2.374776 6.95
4.563676 2.396324 6.96
4.55224 2.417760 6.97
4.540908 2.439092 6.98
4.529683 2.460317 6.99
4.518559 2.481441 7.0
4.507538 2.502462 7.01
4.496614 2.523386 7.02
4.485788 2.544212 7.03
4.475057 2.564943 7.04
4.464419 2.585581 7.05
4.453873 2.606127 7.06
4.443417 2.626583 7.07
4.43305 2.646950 7.08
4.422768 2.667232 7.09
4.412573 2.687427 7.1
4.40246 2.707540 7.11
4.39243 2.727570 7.12
4.382482 2.747518 7.13
4.372614 2.767386 7.14
4.362821 2.787179 7.15
4.353109 2.806891 7.16
4.343469 2.826531 7.17
4.333905 2.846095 7.18
4.324414 2.865586 7.19
4.314996 2.885004 7.2
4.305649 2.904351 7.21
4.296371 2.923629 7.22
4.287162 2.942838 7.23
4.278019 2.961981 7.24
4.268945 2.981055 7.25
4.259936 3.000064 7.26
4.250991 3.019009 7.27
4.242109 3.037891 7.28
4.233292 3.056708 7.29
4.224535 3.075465 7.3
4.21584 3.094160 7.31
4.207205 3.112795 7.32
4.198629 3.131371 7.33
4.190112 3.149888 7.34
4.181653 3.168347 7.35
4.173249 3.186751 7.36
4.164902 3.205098 7.37
4.156611 3.223389 7.38
4.148373 3.241627 7.39
4.140189 3.259811 7.4
4.13206 3.277940 7.41
4.123983 3.296017 7.42
4.115958 3.314042 7.43
4.107983 3.332017 7.44
4.100057 3.349943 7.45
4.092181 3.367819 7.46
4.084356 3.385644 7.47
4.07658 3.403420 7.48
4.068851 3.421149 7.49
4.061167 3.438833 7.5
4.05353 3.456470 7.51
4.045942 3.474058 7.52
4.0384 3.491600 7.53
4.030902 3.509098 7.54
4.023449 3.526551 7.55
4.016037 3.543963 7.56
4.008669 3.561331 7.57
4.001349 3.578651 7.58
3.994066 3.595934 7.59
3.986828 3.613172 7.6
3.97963 3.630370 7.61
3.972474 3.647526 7.62
3.965358 3.664642 7.63
3.958282 3.681718 7.64
3.951247 3.698753 7.65
3.944251 3.715749 7.66
3.937292 3.732708 7.67
3.930373 3.749627 7.68
3.92349 3.766510 7.69
3.916647 3.783353 7.7
3.90984 3.800160 7.71
3.903069 3.816931 7.72
3.896336 3.833664 7.73
3.889639 3.850361 7.74
3.882975 3.867025 7.75
3.876349 3.883651 7.76
3.869756 3.900244 7.77
3.863199 3.916801 7.78
3.856675 3.933325 7.79
3.850185 3.949815 7.8
3.843729 3.966271 7.81
3.837305 3.982695 7.82
3.830916 3.999084 7.83
3.824558 4.015442 7.84
3.818232 4.031768 7.85
3.811939 4.048061 7.86
3.805676 4.064324 7.87
3.799446 4.080554 7.88
3.793244 4.096756 7.89
3.787076 4.112924 7.9
3.780936 4.129064 7.91
3.774826 4.145174 7.92
3.768748 4.161252 7.93
3.762697 4.177303 7.94
3.756678 4.193322 7.95
3.750684 4.209316 7.96
3.744721 4.225279 7.97
3.738786 4.241214 7.98
3.73288 4.257120 7.99
3.727003 4.272997 8.0
3.721151 4.288849 8.01
3.715326 4.304674 8.02
3.709531 4.320469 8.03
3.70376 4.336240 8.04
3.698016 4.351984 8.05
3.692299 4.367701 8.06
3.686611 4.383389 8.07
3.680945 4.399055 8.08
3.675306 4.414694 8.09
3.669693 4.430307 8.1
3.664106 4.445894 8.11
3.658542 4.461458 8.12
3.653004 4.476996 8.13
3.647491 4.492509 8.14
3.642002 4.507998 8.15
3.636538 4.523462 8.16
3.631096 4.538904 8.17
3.625679 4.554321 8.18
3.620288 4.569712 8.19
3.614917 4.585083 8.2
3.609571 4.600429 8.21
3.604245 4.615755 8.22
3.598948 4.631052 8.23
3.593669 4.646331 8.24
3.588412 4.661588 8.25
3.583179 4.676821 8.26
3.577968 4.692032 8.27
3.572779 4.707221 8.28
3.567613 4.722387 8.29
3.562466 4.737534 8.3
3.557341 4.752659 8.31
3.552239 4.767761 8.32
3.547158 4.782842 8.33
3.542095 4.797905 8.34
3.537057 4.812943 8.35
3.532038 4.827962 8.36
3.527038 4.842962 8.37
3.522059 4.857941 8.38
3.517101 4.872899 8.39
3.512162 4.887838 8.4
3.507243 4.902757 8.41
3.502345 4.917655 8.42
3.497464 4.932536 8.43
3.492605 4.947395 8.44
3.487765 4.962235 8.45
3.482943 4.977057 8.46
3.478139 4.991861 8.47
3.473357 5.006643 8.48
3.468591 5.021409 8.49
3.463844 5.036156 8.5
3.459116 5.050884 8.51
3.454405 5.065595 8.52
3.449713 5.080287 8.53
3.445041 5.094959 8.54
3.440385 5.109615 8.55
3.435746 5.124254 8.56
3.431126 5.138874 8.57
3.426524 5.153476 8.58
3.421938 5.168062 8.59
3.41737 5.182630 8.6
3.41282 5.197180 8.61
3.408287 5.211713 8.62
3.403768 5.226232 8.63
3.399268 5.240732 8.64
3.394786 5.255214 8.65
3.390318 5.269682 8.66
3.385868 5.284132 8.67
3.381434 5.298566 8.68
3.377017 5.312983 8.69
3.372614 5.327386 8.7
3.368229 5.341771 8.71
3.363858 5.356142 8.72
3.359506 5.370494 8.73
3.355166 5.384834 8.74
3.350844 5.399156 8.75
3.346535 5.413465 8.76
3.342245 5.427755 8.77
3.33797 5.442030 8.78
3.333708 5.456292 8.79
3.329461 5.470539 8.8
3.32523 5.484770 8.81
3.321013 5.498987 8.82
3.316812 5.513188 8.83
3.312625 5.527375 8.84
3.308454 5.541546 8.85
3.304297 5.555703 8.86
3.300154 5.569846 8.87
3.296024 5.583976 8.88
3.291909 5.598091 8.89
3.287809 5.612191 8.9
3.283724 5.626276 8.91
3.27965 5.640350 8.92
3.275591 5.654409 8.93
3.271548 5.668452 8.94
3.267517 5.682483 8.95
3.263499 5.696501 8.96
3.259495 5.710505 8.97
3.255507 5.724493 8.98
3.251528 5.738472 8.99
3.247563 5.752437 9.0
3.243615 5.766385 9.01
3.239675 5.780325 9.02
3.235752 5.794248 9.03
3.231841 5.808159 9.04
3.227943 5.822057 9.05
3.224058 5.835942 9.06
3.220186 5.849814 9.07
3.216326 5.863674 9.08
3.212478 5.877522 9.09
3.208643 5.891357 9.1
3.204821 5.905179 9.11
3.201011 5.918989 9.12
3.197213 5.932787 9.13
3.193426 5.946574 9.14
3.189656 5.960344 9.15
3.185893 5.974107 9.16
3.182143 5.987857 9.17
3.178406 6.001594 9.18
3.174682 6.015318 9.19
3.170968 6.029032 9.2
3.167266 6.042734 9.21
3.163576 6.056424 9.22
3.159898 6.070102 9.23
3.156231 6.083769 9.24
3.152575 6.097425 9.25
3.148931 6.111069 9.26
3.145298 6.124702 9.27
3.141677 6.138323 9.28
3.138068 6.151932 9.29
3.134469 6.165531 9.3
3.130879 6.179121 9.31
3.127303 6.192697 9.32
3.123738 6.206262 9.33
3.120182 6.219818 9.34
3.116638 6.233362 9.35
3.113107 6.246893 9.36
3.109583 6.260417 9.37
3.106071 6.273929 9.38
3.10257 6.287430 9.39
3.09908 6.300920 9.4
3.0956 6.314400 9.41
3.09213 6.327870 9.42
3.088669 6.341331 9.43
3.085222 6.354778 9.44
3.081783 6.368217 9.45
3.078353 6.381647 9.46
3.074935 6.395065 9.47
3.071529 6.408471 9.48
3.068131 6.421869 9.49
3.064744 6.435256 9.5
3.061363 6.448637 9.51
3.057995 6.462005 9.52
3.054639 6.475361 9.53
3.05129 6.488710 9.54
3.047951 6.502049 9.55
3.044621 6.515379 9.56
3.041302 6.528698 9.57
3.037993 6.542007 9.58
3.034693 6.555307 9.59
3.031401 6.568599 9.6
3.028122 6.581878 9.61
3.02485 6.595150 9.62
3.021587 6.608413 9.63
3.018333 6.621667 9.64
3.015091 6.634909 9.65
3.011855 6.648145 9.66
3.00863 6.661370 9.67
3.005413 6.674587 9.68
3.002207 6.687793 9.69
2.99901 6.700990 9.7
2.995821 6.714179 9.71
2.99264 6.727360 9.72
2.98947 6.740530 9.73
2.986306 6.753694 9.74
2.983154 6.766846 9.75
2.980009 6.779991 9.76
2.976872 6.793128 9.77
2.973747 6.806253 9.78
2.970628 6.819372 9.79
2.967516 6.832484 9.8
2.964414 6.845586 9.81
2.961322 6.858678 9.82
2.958239 6.871761 9.83
2.955161 6.884839 9.84
2.952095 6.897905 9.85
2.949035 6.910965 9.86
2.945984 6.924016 9.87
2.94294 6.937060 9.88
2.939907 6.950093 9.89
2.93688 6.963120 9.9
2.933862 6.976138 9.91
2.93085 6.989150 9.92
2.927848 7.002152 9.93
2.924855 7.015145 9.94
2.921869 7.028131 9.95
2.918889 7.041111 9.96
2.915918 7.054082 9.97
2.912956 7.067044 9.98
2.910001 7.079999 9.99
2.907053 7.092947 10.0
2.904112 7.105888 10.01
2.90118 7.118820 10.02
2.898256 7.131744 10.03
2.895339 7.144661 10.04
2.892428 7.157572 10.05
2.889527 7.170473 10.06
2.886633 7.183367 10.07
2.883745 7.196255 10.08
2.880865 7.209135 10.09
2.877991 7.222009 10.1
2.875128 7.234872 10.11
2.872268 7.247732 10.12
2.869418 7.260582 10.13
2.866574 7.273426 10.14
2.863737 7.286263 10.15
2.860908 7.299092 10.16
2.858085 7.311915 10.17
2.85527 7.324730 10.18
2.852462 7.337538 10.19
2.84966 7.350340 10.2
2.846865 7.363135 10.21
2.844078 7.375922 10.22
2.841295 7.388705 10.23
2.83852 7.401480 10.24
2.835753 7.414247 10.25
2.83299 7.427010 10.26
2.830237 7.439763 10.27
2.827489 7.452511 10.28
2.824747 7.465253 10.29
2.822013 7.477987 10.3
2.819285 7.490715 10.31
2.816564 7.503436 10.32
2.813849 7.516151 10.33
2.811138 7.528862 10.34
2.808436 7.541564 10.35
2.805742 7.554258 10.36
2.803053 7.566947 10.37
2.800368 7.579632 10.38
2.797691 7.592309 10.39
2.795024 7.604976 10.4
2.792358 7.617642 10.41
2.789699 7.630301 10.42
2.787048 7.642952 10.43
2.784405 7.655595 10.44
2.781765 7.668235 10.45
2.779132 7.680868 10.46
2.776504 7.693496 10.47
2.773884 7.706116 10.48
2.771269 7.718731 10.49
2.768661 7.731339 10.5
2.766057 7.743943 10.51
2.763461 7.756539 10.52
2.760871 7.769129 10.53
2.758286 7.781714 10.54
2.755707 7.794293 10.55
2.753134 7.806866 10.56
2.750569 7.819431 10.57
2.748007 7.831993 10.58
2.745451 7.844549 10.59
2.742901 7.857099 10.6
2.740359 7.869641 10.61
2.737821 7.882179 10.62
2.735288 7.894712 10.63
2.732761 7.907239 10.64
2.730241 7.919759 10.65
2.727726 7.932274 10.66
2.725216 7.944784 10.67
2.722712 7.957288 10.68
2.720214 7.969786 10.69
2.717722 7.982278 10.7
2.715233 7.994767 10.71
2.712752 8.007248 10.72
2.710277 8.019723 10.73
2.707804 8.032196 10.74
2.70534 8.044660 10.75
2.70288 8.057120 10.76
2.700426 8.069574 10.77
2.697977 8.082023 10.78
2.695534 8.094466 10.79
2.693092 8.106908 10.8
2.69066 8.119340 10.81
2.688233 8.131767 10.82
2.685812 8.144188 10.83
2.683393 8.156607 10.84
2.680981 8.169019 10.85
2.678575 8.181425 10.86
2.676173 8.193827 10.87
2.673777 8.206223 10.88
2.671385 8.218615 10.89
2.669001 8.230999 10.9
2.666618 8.243382 10.91
2.664243 8.255757 10.92
2.661873 8.268127 10.93
2.659506 8.280494 10.94
2.657147 8.292853 10.95
2.65479 8.305210 10.96
2.65244 8.317560 10.97
2.650095 8.329905 10.98
2.647753 8.342247 10.99
2.645417 8.354583 11.0
2.643085 8.366915 11.01
2.640759 8.379241 11.02
2.638438 8.391562 11.03
2.636123 8.403877 11.04
2.633811 8.416189 11.05
2.631505 8.428495 11.06
2.629204 8.440796 11.07
2.626906 8.453094 11.08
2.624614 8.465386 11.09
2.622326 8.477674 11.1
2.620043 8.489957 11.11
2.617766 8.502234 11.12
2.615491 8.514509 11.13
2.613223 8.526777 11.14
2.610959 8.539041 11.15
2.6087 8.551300 11.16
2.606444 8.563556 11.17
2.604194 8.575806 11.18
2.601948 8.588052 11.19
2.599707 8.600293 11.2
2.597471 8.612529 11.21
2.595238 8.624762 11.22
2.593012 8.636988 11.23
2.590787 8.649213 11.24
2.588571 8.661429 11.25
2.586356 8.673644 11.26
2.584146 8.685854 11.27
2.581941 8.698059 11.28
2.579742 8.710258 11.29
2.577544 8.722456 11.3
2.575352 8.734648 11.31
2.573164 8.746836 11.32
2.570982 8.759018 11.33
2.568803 8.771197 11.34
2.566626 8.783374 11.35
2.564458 8.795542 11.36
2.562292 8.807708 11.37
2.560128 8.819872 11.38
2.557974 8.832026 11.39
2.55582 8.844180 11.4
2.553672 8.856328 11.41
2.551525 8.868475 11.42
2.549385 8.880615 11.43
2.547249 8.892751 11.44
2.545116 8.904884 11.45
2.542989 8.917011 11.46
2.540865 8.929135 11.47
2.538745 8.941255 11.48
2.536627 8.953373 11.49
2.534517 8.965483 11.5
2.53241 8.977590 11.51
2.530304 8.989696 11.52
2.528207 9.001793 11.53
2.526112 9.013888 11.54
2.524019 9.025981 11.55
2.521932 9.038068 11.56
2.519851 9.050149 11.57
2.517771 9.062229 11.58
2.515694 9.074306 11.59
2.513623 9.086377 11.6
2.511555 9.098445 11.61
2.509491 9.110509 11.62
2.507431 9.122569 11.63
2.505375 9.134625 11.64
2.503324 9.146676 11.65
2.501275 9.158725 11.66
2.499231 9.170769 11.67
2.497188 9.182812 11.68
2.495155 9.194845 11.69
2.493121 9.206879 11.7
2.491092 9.218908 11.71
2.489066 9.230934 11.72
2.487045 9.242955 11.73
2.485027 9.254973 11.74
2.483013 9.266987 11.75
2.481002 9.278998 11.76
2.478996 9.291004 11.77
2.476993 9.303007 11.78
2.474994 9.315006 11.79
2.472997 9.327003 11.8
2.471005 9.338995 11.81
2.469019 9.350981 11.82
2.467034 9.362966 11.83
2.465052 9.374948 11.84
2.463075 9.386925 11.85
2.461101 9.398899 11.86
2.459131 9.410869 11.87
2.457165 9.422835 11.88
2.4552 9.434800 11.89
2.453243 9.446757 11.9
2.451286 9.458714 11.91
2.449333 9.470667 11.92
2.447386 9.482614 11.93
2.445439 9.494561 11.94
2.443498 9.506502 11.95
2.441557 9.518443 11.96
2.439624 9.530376 11.97
2.437693 9.542307 11.98
2.435765 9.554235 11.99
2.43384 9.566160 12.0
2.431916 9.578084 12.01
2.43 9.590000 12.02
2.428088 9.601912 12.03
2.426176 9.613824 12.04
2.424268 9.625732 12.05
2.422364 9.637636 12.06
2.420463 9.649537 12.07
2.418565 9.661435 12.08
2.41667 9.673330 12.09
2.414779 9.685221 12.1
2.412893 9.697107 12.11
2.411007 9.708993 12.12
2.409126 9.720874 12.13
2.407247 9.732753 12.14
2.405373 9.744627 12.15
2.403502 9.756498 12.16
2.401634 9.768366 12.17
2.399769 9.780231 12.18
2.397907 9.792093 12.19
2.39605 9.803950 12.2
2.394193 9.815807 12.21
2.39234 9.827660 12.22
2.390494 9.839506 12.23
2.388647 9.851353 12.24
2.386804 9.863196 12.25
2.384965 9.875035 12.26
2.383129 9.886871 12.27
2.381296 9.898704 12.28
2.379464 9.910536 12.29
2.37764 9.922360 12.3
2.375817 9.934183 12.31
2.373995 9.946005 12.32
2.37218 9.957820 12.33
2.370366 9.969634 12.34
2.368555 9.981445 12.35
2.366748 9.993252 12.36
2.364943 10.005057 12.37
2.363142 10.016858 12.38
2.361342 10.028658 12.39
2.359549 10.040451 12.4
2.357758 10.052242 12.41
2.355968 10.064032 12.42
2.354182 10.075818 12.43
2.352399 10.087601 12.44
2.350621 10.099379 12.45
2.348844 10.111156 12.46
2.347071 10.122929 12.47
2.345303 10.134697 12.48
2.343537 10.146463 12.49
2.341772 10.158228 12.5
2.34001 10.169990 12.51
2.338253 10.181747 12.52
2.336499 10.193501 12.53
2.334747 10.205253 12.54
2.333001 10.216999 12.55
2.331255 10.228745 12.56
2.329514 10.240486 12.57
2.327776 10.252224 12.58
2.326038 10.263962 12.59
2.324305 10.275695 12.6
2.322579 10.287421 12.61
2.320851 10.299149 12.62
2.319127 10.310873 12.63
2.317407 10.322593 12.64
2.31569 10.334310 12.65
2.313977 10.346023 12.66
2.312266 10.357734 12.67
2.31056 10.369440 12.68
2.308855 10.381145 12.69
2.307154 10.392846 12.7
2.305453 10.404547 12.71
2.303756 10.416244 12.72
2.302063 10.427937 12.73
2.300373 10.439627 12.74
2.298688 10.451312 12.75
2.297003 10.462997 12.76
2.295321 10.474679 12.77
2.293644 10.486356 12.78
2.291968 10.498032 12.79
2.290294 10.509706 12.8
2.288623 10.521377 12.81
2.286958 10.533042 12.82
2.285295 10.544705 12.83
2.283633 10.556367 12.84
2.281975 10.568025 12.85
2.28032 10.579680 12.86
2.278667 10.591333 12.87
2.277018 10.602982 12.88
2.27537 10.614630 12.89
2.273727 10.626273 12.9
2.272086 10.637914 12.91
2.270447 10.649553 12.92
2.26881 10.661190 12.93
2.267178 10.672822 12.94
2.265548 10.684452 12.95
2.263919 10.696081 12.96
2.262295 10.707705 12.97
2.260675 10.719325 12.98
2.259054 10.730946 12.99
2.257439 10.742561 13.0
2.255824 10.754176 13.01
2.254213 10.765787 13.02
2.252607 10.777393 13.03
2.250999 10.789001 13.04
2.249396 10.800604 13.05
2.247796 10.812204 13.06
2.246198 10.823802 13.07
2.244604 10.835396 13.08
2.243012 10.846988 13.09
2.24142 10.858580 13.1
2.239835 10.870165 13.11
2.23825 10.881750 13.12
2.236668 10.893332 13.13
2.23509 10.904910 13.14
2.233515 10.916485 13.15
2.231939 10.928061 13.16
2.230369 10.939631 13.17
2.2288 10.951200 13.18
2.227234 10.962766 13.19
2.225672 10.974328 13.2
2.22411 10.985890 13.21
2.222552 10.997448 13.22
2.220996 11.009004 13.23
2.219445 11.020555 13.24
2.217892 11.032108 13.25
2.216345 11.043655 13.26
2.214798 11.055202 13.27
2.213255 11.066745 13.28
2.211716 11.078284 13.29
2.210176 11.089824 13.3
2.208642 11.101358 13.31
2.207109 11.112891 13.32
2.20558 11.124420 13.33
2.20405 11.135950 13.34
2.202523 11.147477 13.35
2.201001 11.158999 13.36
2.19948 11.170520 13.37
2.197963 11.182037 13.38
2.196447 11.193553 13.39
2.194934 11.205066 13.4
2.193422 11.216578 13.41
2.191915 11.228085 13.42
2.190407 11.239593 13.43
2.188905 11.251095 13.44
2.187404 11.262596 13.45
2.185904 11.274096 13.46
2.184408 11.285592 13.47
2.182914 11.297086 13.48
2.181423 11.308577 13.49
2.179934 11.320066 13.5
2.178446 11.331554 13.51
2.176962 11.343038 13.52
2.175481 11.354519 13.53
2.174001 11.365999 13.54
2.172522 11.377478 13.55
2.171047 11.388953 13.56
2.169575 11.400425 13.57
2.168105 11.411895 13.58
2.166637 11.423363 13.59
2.165171 11.434829 13.6
2.163708 11.446292 13.61
2.162247 11.457753 13.62
2.160787 11.469213 13.63
2.15933 11.480670 13.64
2.157875 11.492125 13.65
2.156426 11.503574 13.66
2.154973 11.515027 13.67
2.153528 11.526472 13.68
2.152082 11.537918 13.69
2.150639 11.549361 13.7
2.149198 11.560802 13.71
2.147759 11.572241 13.72
2.146325 11.583675 13.73
2.14489 11.595110 13.74
2.143457 11.606543 13.75
2.142028 11.617972 13.76
2.140601 11.629399 13.77
2.139178 11.640822 13.78
2.137753 11.652247 13.79
2.136331 11.663669 13.8
2.134913 11.675087 13.81
2.133498 11.686502 13.82
2.132083 11.697917 13.83
2.13067 11.709330 13.84
2.129263 11.720737 13.85
2.127854 11.732146 13.86
2.126448 11.743552 13.87
2.125044 11.754956 13.88
2.123643 11.766357 13.89
2.122245 11.777755 13.9
2.120846 11.789154 13.91
2.119451 11.800549 13.92
2.118059 11.811941 13.93
2.116668 11.823332 13.94
2.115281 11.834719 13.95
2.113893 11.846107 13.96
2.112509 11.857491 13.97
2.111126 11.868874 13.98
2.109748 11.880252 13.99
2.108369 11.891631 14.0
2.106993 11.903007 14.01
2.10562 11.914380 14.02
2.104247 11.925753 14.03
2.102878 11.937122 14.04
2.101509 11.948491 14.05
2.100144 11.959856 14.06
2.098781 11.971219 14.07
2.097422 11.982578 14.08
2.096059 11.993941 14.09
2.094701 12.005299 14.1
2.093344 12.016656 14.11
2.091993 12.028007 14.12
2.090641 12.039359 14.13
2.089294 12.050706 14.14
2.087947 12.062053 14.15
2.0866 12.073400 14.16
2.085256 12.084744 14.17
2.083914 12.096086 14.18
2.082578 12.107422 14.19
2.081238 12.118762 14.2
2.079903 12.130097 14.21
2.078569 12.141431 14.22
2.077239 12.152761 14.23
2.075909 12.164091 14.24
2.07458 12.175420 14.25
2.073255 12.186745 14.26
2.071931 12.198069 14.27
2.070609 12.209391 14.28
2.069289 12.220711 14.29
2.067972 12.232028 14.3
2.066656 12.243344 14.31
2.065343 12.254657 14.32
2.06403 12.265970 14.33
2.062721 12.277279 14.34
2.061412 12.288588 14.35
2.060106 12.299894 14.36
2.058801 12.311199 14.37
2.057499 12.322501 14.38
2.056197 12.333803 14.39
2.0549 12.345100 14.4
2.053601 12.356399 14.41
2.052306 12.367694 14.42
2.051013 12.378987 14.43
2.049724 12.390276 14.44
2.048431 12.401569 14.45
2.047144 12.412856 14.46
2.045859 12.424141 14.47
2.044576 12.435424 14.48
2.043295 12.446705 14.49
2.042014 12.457986 14.5
2.040735 12.469265 14.51
2.039458 12.480542 14.52
2.038183 12.491817 14.53
2.03691 12.503090 14.54
2.03564 12.514360 14.55
2.03437 12.525630 14.56
2.033104 12.536896 14.57
2.031838 12.548162 14.58
2.030573 12.559427 14.59
2.02931 12.570690 14.6
2.028051 12.581949 14.61
2.026793 12.593207 14.62
2.025535 12.604465 14.63
2.024282 12.615718 14.64
2.023029 12.626971 14.65
2.021774 12.638226 14.66
2.020528 12.649472 14.67
2.019281 12.660719 14.68
2.018034 12.671966 14.69
2.01679 12.683210 14.7
2.015547 12.694453 14.71
2.014304 12.705696 14.72
2.013066 12.716934 14.73
2.01183 12.728170 14.74
2.010592 12.739408 14.75
2.00936 12.750640 14.76
2.008127 12.761873 14.77
2.006898 12.773102 14.78
2.005667 12.784333 14.79
2.004441 12.795559 14.8
2.003216 12.806784 14.81
2.001993 12.818007 14.82
2.000771 12.829229 14.83
1.99955 12.840450 14.84
1.998332 12.851668 14.85
1.997116 12.862884 14.86
1.995901 12.874099 14.87
1.994687 12.885313 14.88
1.993476 12.896524 14.89
1.992266 12.907734 14.9
1.991058 12.918942 14.91
1.989849 12.930151 14.92
1.988644 12.941356 14.93
1.987441 12.952559 14.94
1.98624 12.963760 14.95
1.985039 12.974961 14.96
1.983841 12.986159 14.97
1.982644 12.997356 14.98
1.981449 13.008551 14.99
1.980255 13.019745 15.0
1.979064 13.030936 15.01
1.977872 13.042128 15.02
1.976686 13.053314 15.03
1.975497 13.064503 15.04
1.974313 13.075687 15.05
1.973129 13.086871 15.06
1.971947 13.098053 15.07
1.970765 13.109235 15.08
1.969587 13.120413 15.09
1.968408 13.131592 15.1
1.967235 13.142765 15.11
1.96606 13.153940 15.12
1.964887 13.165113 15.13
1.963716 13.176284 15.14
1.962547 13.187453 15.15
1.961381 13.198619 15.16
1.960214 13.209786 15.17
1.959046 13.220954 15.18
1.957885 13.232115 15.19
1.956723 13.243277 15.2
1.955564 13.254436 15.21
1.954405 13.265595 15.22
1.953248 13.276752 15.23
1.952092 13.287908 15.24
1.950937 13.299063 15.25
1.949786 13.310214 15.26
1.948635 13.321365 15.27
1.947486 13.332514 15.28
1.94634 13.343660 15.29
1.945194 13.354806 15.3
1.944048 13.365952 15.31
1.942906 13.377094 15.32
1.941764 13.388236 15.33
1.940623 13.399377 15.34
1.939485 13.410515 15.35
1.938349 13.421651 15.36
1.937214 13.432786 15.37
1.936079 13.443921 15.38
1.934947 13.455053 15.39
1.933815 13.466185 15.4
1.932686 13.477314 15.41
1.931557 13.488443 15.42
1.930431 13.499569 15.43
1.929306 13.510694 15.44
1.928186 13.521814 15.45
1.92706 13.532940 15.46
1.925941 13.544059 15.47
1.924823 13.555177 15.48
1.923704 13.566296 15.49
1.922589 13.577411 15.5
1.921473 13.588527 15.51
1.92036 13.599640 15.52
1.919249 13.610751 15.53
1.918139 13.621861 15.54
1.91703 13.632970 15.55
1.915922 13.644078 15.56
1.914817 13.655183 15.57
1.913711 13.666289 15.58
1.912609 13.677391 15.59
1.911505 13.688495 15.6
1.910406 13.699594 15.61
1.909309 13.710691 15.62
1.90821 13.721790 15.63
1.907113 13.732887 15.64
1.906021 13.743979 15.65
1.904928 13.755072 15.66
1.903836 13.766164 15.67
1.902745 13.777255 15.68
1.901657 13.788343 15.69
1.900569 13.799431 15.7
1.899481 13.810519 15.71
1.898399 13.821601 15.72
1.897317 13.832683 15.73
1.896237 13.843763 15.74
1.895153 13.854847 15.75
1.894073 13.865927 15.76
1.892995 13.877005 15.77
1.89192 13.888080 15.78
1.890844 13.899156 15.79
1.889773 13.910227 15.8
1.8887 13.921300 15.81
1.887629 13.932371 15.82
1.88656 13.943440 15.83
1.885491 13.954509 15.84
1.884426 13.965574 15.85
1.883359 13.976641 15.86
1.882296 13.987704 15.87
1.881233 13.998767 15.88
1.88017 14.009830 15.89
1.879115 14.020885 15.9
1.878054 14.031946 15.91
1.876997 14.043003 15.92
1.87594 14.054060 15.93
1.874886 14.065114 15.94
1.873833 14.076167 15.95
1.872781 14.087219 15.96
1.87173 14.098270 15.97
1.87068 14.109320 15.98
1.869634 14.120366 15.99
1.868587 14.131413 16.0
1.867543 14.142457 16.01
1.866497 14.153503 16.02
1.865454 14.164546 16.03
1.864413 14.175587 16.04
1.863375 14.186625 16.05
1.862337 14.197663 16.06
1.861299 14.208701 16.07
1.860261 14.219739 16.08
1.859227 14.230773 16.09
1.858194 14.241806 16.1
1.857161 14.252839 16.11
1.856131 14.263869 16.12
1.855101 14.274899 16.13
1.854075 14.285925 16.14
1.853047 14.296953 16.15
1.85202 14.307980 16.16
1.850997 14.319003 16.17
1.849971 14.330029 16.18
1.84895 14.341050 16.19
1.847928 14.352072 16.2
1.846912 14.363088 16.21
1.845893 14.374107 16.22
1.844877 14.385123 16.23
1.843859 14.396141 16.24
1.842846 14.407154 16.25
1.841834 14.418166 16.26
1.840821 14.429179 16.27
1.839812 14.440188 16.28
1.838802 14.451198 16.29
1.837795 14.462205 16.3
1.836789 14.473211 16.31
1.835781 14.484219 16.32
1.834778 14.495222 16.33
1.833776 14.506224 16.34
1.832773 14.517227 16.35
1.831773 14.528227 16.36
1.830773 14.539227 16.37
1.829775 14.550225 16.38
1.828778 14.561222 16.39
1.827781 14.572219 16.4
1.826788 14.583212 16.41
1.825793 14.594207 16.42
1.824804 14.605196 16.43
1.823813 14.616187 16.44
1.822821 14.627179 16.45
1.821835 14.638165 16.46
1.820847 14.649153 16.47
1.819864 14.660136 16.48
1.818876 14.671124 16.49
1.817893 14.682107 16.5
1.816911 14.693089 16.51
1.815929 14.704071 16.52
1.814947 14.715053 16.53
1.813971 14.726029 16.54
1.812994 14.737006 16.55
1.812017 14.747983 16.56
1.81104 14.758960 16.57
1.810068 14.769932 16.58
1.809094 14.780906 16.59
1.808124 14.791876 16.6
1.807152 14.802848 16.61
1.806183 14.813817 16.62
1.805217 14.824783 16.63
1.804249 14.835751 16.64
1.803283 14.846717 16.65
1.802318 14.857682 16.66
1.801352 14.868648 16.67
1.800392 14.879608 16.68
1.79943 14.890570 16.69
1.798469 14.901531 16.7
1.797512 14.912488 16.71
1.796553 14.923447 16.72
1.795598 14.934402 16.73
1.794642 14.945358 16.74
1.793688 14.956312 16.75
1.792732 14.967268 16.76
1.791781 14.978219 16.77
1.790829 14.989171 16.78
1.789881 15.000119 16.79
1.788935 15.011065 16.8
1.787986 15.022014 16.81
1.787041 15.032959 16.82
1.786095 15.043905 16.83
1.785147 15.054853 16.84
1.784206 15.065794 16.85
1.783264 15.076736 16.86
1.782323 15.087677 16.87
1.781385 15.098615 16.88
1.780446 15.109554 16.89
1.779506 15.120494 16.9
1.778572 15.131428 16.91
1.777636 15.142364 16.92
1.776701 15.153299 16.93
1.775771 15.164229 16.94
1.774839 15.175161 16.95
1.773909 15.186091 16.96
1.772978 15.197022 16.97
1.77205 15.207950 16.98
1.77112 15.218880 16.99
1.770191 15.229809 17.0
1.76927 15.240730 17.01
1.768343 15.251657 17.02
1.767422 15.262578 17.03
1.766497 15.273503 17.04
1.76558 15.284420 17.05
1.764659 15.295341 17.06
1.76374 15.306260 17.07
1.762822 15.317178 17.08
1.761905 15.328095 17.09
1.760988 15.339012 17.1
1.760074 15.349926 17.11
1.75916 15.360840 17.12
1.75825 15.371750 17.13
1.757338 15.382662 17.14
1.756426 15.393574 17.15
1.755517 15.404483 17.16
1.754606 15.415394 17.17
1.753701 15.426299 17.18
1.752795 15.437205 17.19
1.751888 15.448112 17.2
1.750987 15.459013 17.21
1.750082 15.469918 17.22
1.749179 15.480821 17.23
1.748279 15.491721 17.24
1.747379 15.502621 17.25
1.746482 15.513518 17.26
1.745583 15.524417 17.27
1.744684 15.535316 17.28
1.743791 15.546209 17.29
1.742896 15.557104 17.3
1.742002 15.567998 17.31
1.741107 15.578893 17.32
1.740215 15.589785 17.33
1.739326 15.600674 17.34
1.738435 15.611565 17.35
1.737548 15.622452 17.36
1.736659 15.633341 17.37
1.735774 15.644226 17.38
1.73489 15.655110 17.39
1.734002 15.665998 17.4
1.73312 15.676880 17.41
1.732237 15.687763 17.42
1.731354 15.698646 17.43
1.730471 15.709529 17.44
1.729595 15.720405 17.45
1.728716 15.731284 17.46
1.727837 15.742163 17.47
1.726962 15.753038 17.48
1.726084 15.763916 17.49
1.72521 15.774790 17.5
1.724336 15.785664 17.51
1.723463 15.796537 17.52
1.722592 15.807408 17.53
1.721722 15.818278 17.54
1.720852 15.829148 17.55
1.719982 15.840018 17.56
1.719116 15.850884 17.57
1.718248 15.861752 17.58
1.717384 15.872616 17.59
1.716516 15.883484 17.6
1.715651 15.894349 17.61
1.714788 15.905212 17.62
1.713929 15.916071 17.63
1.713067 15.926933 17.64
1.712205 15.937795 17.65
1.711348 15.948652 17.66
1.710489 15.959511 17.67
1.709632 15.970368 17.68
1.708776 15.981224 17.69
1.707917 15.992083 17.7
1.707066 16.002934 17.71
1.706212 16.013788 17.72
1.705361 16.024639 17.73
1.704508 16.035492 17.74
1.703657 16.046343 17.75
1.702808 16.057192 17.76
1.701957 16.068043 17.77
1.70111 16.078890 17.78
1.700263 16.089737 17.79
1.699418 16.100582 17.8
1.698573 16.111427 17.81
1.697728 16.122272 17.82
1.696884 16.133116 17.83
1.696041 16.143959 17.84
1.6952 16.154800 17.85
1.694358 16.165642 17.86
1.693519 16.176481 17.87
1.692681 16.187319 17.88
1.691846 16.198154 17.89
1.691008 16.208992 17.9
1.690172 16.219828 17.91
1.689337 16.230663 17.92
1.688501 16.241499 17.93
1.687669 16.252331 17.94
1.686837 16.263163 17.95
1.686006 16.273994 17.96
1.685176 16.284824 17.97
1.684346 16.295654 17.98
1.683516 16.306484 17.99
1.68269 16.317310 18.0
1.681862 16.328138 18.01
1.681036 16.338964 18.02
1.680211 16.349789 18.03
1.679385 16.360615 18.04
1.678563 16.371437 18.05
1.677741 16.382259 18.06
1.676918 16.393082 18.07
1.6761 16.403900 18.08
1.675279 16.414721 18.09
1.674459 16.425541 18.1
1.673643 16.436357 18.11
1.672824 16.447176 18.12
1.672011 16.457989 18.13
1.671193 16.468807 18.14
1.67038 16.479620 18.15
1.669563 16.490437 18.16
1.668755 16.501245 18.17
1.66794 16.512060 18.18
1.667129 16.522871 18.19
1.666318 16.533682 18.2
1.665511 16.544489 18.21
1.664704 16.555296 18.22
1.663895 16.566105 18.23
1.66309 16.576910 18.24
1.662285 16.587715 18.25
1.661478 16.598522 18.26
1.660673 16.609327 18.27
1.659869 16.620131 18.28
1.659066 16.630934 18.29
1.658267 16.641733 18.3
1.657466 16.652534 18.31
1.656666 16.663334 18.32
1.655865 16.674135 18.33
1.655067 16.684933 18.34
1.65427 16.695730 18.35
1.653474 16.706526 18.36
1.652677 16.717323 18.37
1.651885 16.728115 18.38
1.651089 16.738911 18.39
1.650296 16.749704 18.4
1.649502 16.760498 18.41
1.648712 16.771288 18.42
1.64792 16.782080 18.43
1.647132 16.792868 18.44
1.646341 16.803659 18.45
1.645556 16.814444 18.46
1.64477 16.825230 18.47
1.64398 16.836020 18.48
1.643194 16.846806 18.49
1.64241 16.857590 18.5
1.641628 16.868372 18.51
1.640842 16.879158 18.52
1.64006 16.889940 18.53
1.639277 16.900723 18.54
1.638499 16.911501 18.55
1.637717 16.922283 18.56
1.636938 16.933062 18.57
1.636162 16.943838 18.58
1.635383 16.954617 18.59
1.634605 16.965395 18.6
1.633829 16.976171 18.61
1.633054 16.986946 18.62
1.632283 16.997717 18.63
1.631508 17.008492 18.64
1.630734 17.019266 18.65
1.629963 17.030037 18.66
1.629188 17.040812 18.67
1.628421 17.051579 18.68
1.627651 17.062349 18.69
1.626882 17.073118 18.7
1.626115 17.083885 18.71
1.62535 17.094650 18.72
1.624581 17.105419 18.73
1.623816 17.116184 18.74
1.623051 17.126949 18.75
1.622288 17.137712 18.76
1.621522 17.148478 18.77
1.620759 17.159241 18.78
1.619998 17.170002 18.79
1.619239 17.180761 18.8
1.618479 17.191521 18.81
1.61772 17.202280 18.82
1.616963 17.213037 18.83
1.616201 17.223799 18.84
1.615446 17.234554 18.85
1.61469 17.245310 18.86
1.613935 17.256065 18.87
1.613181 17.266819 18.88
1.612427 17.277573 18.89
1.611674 17.288326 18.9
1.61092 17.299080 18.91
1.61017 17.309830 18.92
1.609419 17.320581 18.93
1.608667 17.331333 18.94
1.607919 17.342081 18.95
1.607173 17.352827 18.96
1.606425 17.363575 18.97
1.605677 17.374323 18.98
1.604931 17.385069 18.99
1.604185 17.395815 19.0
1.603437 17.406563 19.01
1.602695 17.417305 19.02
1.601953 17.428047 19.03
1.601209 17.438791 19.04
1.60047 17.449530 19.05
1.599728 17.460272 19.06
1.598986 17.471014 19.07
1.598248 17.481752 19.08
1.597509 17.492491 19.09
1.596769 17.503231 19.1
1.596032 17.513968 19.11
1.595296 17.524704 19.12
1.594563 17.535437 19.13
1.593827 17.546173 19.14
1.593092 17.556908 19.15
1.59236 17.567640 19.16
1.591627 17.578373 19.17
1.590894 17.589106 19.18
1.590164 17.599836 19.19
1.589433 17.610567 19.2
1.588704 17.621296 19.21
1.587973 17.632027 19.22
1.587244 17.642756 19.23
1.586514 17.653486 19.24
1.585791 17.664209 19.25
1.585064 17.674936 19.26
1.584339 17.685661 19.27
1.583614 17.696386 19.28
1.582889 17.707111 19.29
1.582167 17.717833 19.3
1.581444 17.728556 19.31
1.580721 17.739279 19.32
1.580002 17.749998 19.33
1.579281 17.760719 19.34
1.578561 17.771439 19.35
1.577842 17.782158 19.36
1.577123 17.792877 19.37
1.576409 17.803591 19.38
1.57569 17.814310 19.39
1.574973 17.825027 19.4
1.574259 17.835741 19.41
1.573543 17.846457 19.42
1.57283 17.857170 19.43
1.572116 17.867884 19.44
1.571401 17.878599 19.45
1.570693 17.889307 19.46
1.569981 17.900019 19.47
1.569272 17.910728 19.48
1.56856 17.921440 19.49
1.567852 17.932148 19.5
1.567142 17.942858 19.51
1.566434 17.953566 19.52
1.565728 17.964272 19.53
1.565023 17.974977 19.54
1.564318 17.985682 19.55
1.563611 17.996389 19.56
1.562908 18.007092 19.57
1.562204 18.017796 19.58
1.561502 18.028498 19.59
1.560802 18.039198 19.6
1.560096 18.049904 19.61
1.559398 18.060602 19.62
1.558698 18.071302 19.63
1.557999 18.082001 19.64
1.557299 18.092701 19.65
1.556601 18.103399 19.66
1.555902 18.114098 19.67
1.555208 18.124792 19.68
1.554511 18.135489 19.69
1.553815 18.146185 19.7
1.553124 18.156876 19.71
1.552428 18.167572 19.72
1.551735 18.178265 19.73
1.551043 18.188957 19.74
1.550352 18.199648 19.75
1.54966 18.210340 19.76
1.548967 18.221033 19.77
1.548278 18.231722 19.78
1.547589 18.242411 19.79
1.546904 18.253096 19.8
1.546214 18.263786 19.81
1.545529 18.274471 19.82
1.54484 18.285160 19.83
1.544153 18.295847 19.84
1.54347 18.306530 19.85
1.542785 18.317215 19.86
1.5421 18.327900 19.87
1.541419 18.338581 19.88
1.540736 18.349264 19.89
1.540057 18.359943 19.9
1.539374 18.370626 19.91
1.538692 18.381308 19.92
1.538011 18.391989 19.93
1.537334 18.402666 19.94
1.536655 18.413345 19.95
1.535979 18.424021 19.96
1.535296 18.434704 19.97
1.534623 18.445377 19.98
1.533945 18.456055 19.99
1.53327 18.466730 20.0
