215
-646.3 0.000238152
-646.1 0.000714456
-645.9 0.00190522
-645.7 0.00500119
-645.5 0.0164325
-645.3 0.0331031
-645.1 0.0547749
-644.9 0.0690641
-644.7 0.0828769
-644.5 0.0921648
-644.3 0.102405
-644.1 0.109074
-643.9 0.116933
-643.7 0.124315
-643.5 0.13146
-643.3 0.139795
-643.1 0.144796
-642.9 0.149559
-642.7 0.154799
-642.5 0.160514
-642.3 0.167183
-642.1 0.172898
-641.9 0.177899
-641.7 0.184568
-641.5 0.191236
-641.3 0.19457
-641.1 0.200286
-640.9 0.206001
-640.7 0.210526
-640.5 0.217195
-640.3 0.223148
-640.1 0.229102
-639.9 0.233389
-639.7 0.237437
-639.5 0.243391
-639.3 0.247678
-639.1 0.253632
-638.9 0.255775
-638.7 0.261491
-638.5 0.266968
-638.3 0.270541
-638.1 0.27578
-637.9 0.279829
-637.7 0.284115
-637.5 0.290069
-637.3 0.29507
-637.1 0.30031
-636.9 0.305311
-636.7 0.311979
-636.5 0.317218
-636.3 0.321267
-636.1 0.325316
-635.9 0.330317
-635.7 0.334127
-635.5 0.337938
-635.3 0.343415
-635.1 0.348178
-634.9 0.355799
-634.7 0.359609
-634.5 0.366278
-634.3 0.372231
-634.1 0.377233
-633.9 0.382472
-633.7 0.387473
-633.5 0.391045
-633.3 0.397952
-633.1 0.405096
-632.9 0.411527
-632.7 0.414384
-632.5 0.4201
-632.3 0.42391
-632.1 0.429626
-631.9 0.434865
-631.7 0.441772
-631.5 0.445106
-631.3 0.450583
-631.1 0.453679
-630.9 0.458442
-630.7 0.464634
-630.5 0.47035
-630.3 0.473446
-630.1 0.47678
-629.9 0.48321
-629.7 0.48845
-629.5 0.491069
-629.3 0.493927
-629.1 0.498452
-628.9 0.50131
-628.7 0.505358
-628.5 0.512265
-628.3 0.518695
-628.1 0.522267
-627.9 0.526792
-627.7 0.531317
-627.5 0.536318
-627.3 0.539652
-627.1 0.54513
-626.9 0.548464
-626.7 0.552274
-626.5 0.556323
-626.3 0.56061
-626.1 0.566087
-625.9 0.570374
-625.7 0.576566
-625.5 0.581091
-625.3 0.585139
-625.1 0.591331
-624.9 0.597761
-624.7 0.602286
-624.5 0.607049
-624.3 0.613718
-624.1 0.618719
-623.9 0.624911
-623.7 0.628245
-623.5 0.63277
-623.3 0.63658
-623.1 0.640629
-622.9 0.645154
-622.7 0.649678
-622.5 0.653965
-622.3 0.659205
-622.1 0.664206
-621.9 0.668969
-621.7 0.672541
-621.5 0.675875
-621.3 0.681353
-621.1 0.685639
-620.9 0.688497
-620.7 0.692784
-620.5 0.697785
-620.3 0.701119
-620.1 0.705644
-619.9 0.709693
-619.7 0.715885
-619.5 0.719457
-619.3 0.724935
-619.1 0.730888
-618.9 0.736604
-618.7 0.741605
-618.5 0.747797
-618.3 0.753989
-618.1 0.757323
-617.9 0.762324
-617.7 0.766135
-617.5 0.77066
-617.3 0.774946
-617.1 0.778281
-616.9 0.784234
-616.7 0.788045
-616.5 0.79376
-616.3 0.797095
-616.1 0.802096
-615.9 0.805906
-615.7 0.811146
-615.5 0.814718
-615.3 0.818766
-615.1 0.82472
-614.9 0.828292
-614.7 0.834008
-614.5 0.83758
-614.3 0.845201
-614.1 0.848774
-613.9 0.854013
-613.7 0.858061
-613.5 0.862824
-613.3 0.866635
-613.1 0.871874
-612.9 0.875208
-612.7 0.880686
-612.5 0.885925
-612.3 0.89045
-612.1 0.895213
-611.9 0.900691
-611.7 0.904025
-611.5 0.907835
-611.3 0.913313
-611.1 0.917838
-610.9 0.922124
-610.7 0.925935
-610.5 0.929507
-610.3 0.932365
-610.1 0.936175
-609.9 0.93808
-609.7 0.941891
-609.5 0.944987
-609.3 0.947845
-609.1 0.950226
-608.9 0.953322
-608.7 0.95618
-608.5 0.95999
-608.3 0.96261
-608.1 0.966182
-607.9 0.968802
-607.7 0.971184
-607.5 0.973327
-607.3 0.97547
-607.1 0.977137
-606.9 0.979757
-606.7 0.9819
-606.5 0.984996
-606.3 0.986902
-606.1 0.989283
-605.9 0.992855
-605.7 0.994046
-605.5 0.994999
-605.3 0.996904
-605.1 0.998333
-604.9 0.998571
-604.7 0.999047
-604.5 0.999286
-604.3 0.999524
-604.1 0.999762
-603.9 0.999762
-603.7 0.999762
-603.5 1
