888
-1043.1 0.000484496
-1042.9 0.000484496
-1042.7 0.000484496
-1042.5 0.000968992
-1042.3 0.000968992
-1042.1 0.000968992
-1041.9 0.000968992
-1041.7 0.00193798
-1041.5 0.00193798
-1041.3 0.00242248
-1041.1 0.00242248
-1040.9 0.00290698
-1040.7 0.00339147
-1040.5 0.00387597
-1040.3 0.00387597
-1040.1 0.00436047
-1039.9 0.00436047
-1039.7 0.00436047
-1039.5 0.00532946
-1039.3 0.00678295
-1039.1 0.00678295
-1038.9 0.00678295
-1038.7 0.00678295
-1038.5 0.00678295
-1038.3 0.00775194
-1038.1 0.00823643
-1037.9 0.00920543
-1037.7 0.00968992
-1037.5 0.0106589
-1037.3 0.0111434
-1037.1 0.0111434
-1036.9 0.0125969
-1036.7 0.0135659
-1036.5 0.0140504
-1036.3 0.0140504
-1036.1 0.0145349
-1035.9 0.0174419
-1035.7 0.0179264
-1035.5 0.0188953
-1035.3 0.0213178
-1035.1 0.0227713
-1034.9 0.0242248
-1034.7 0.0251938
-1034.5 0.0266473
-1034.3 0.0290698
-1034.1 0.0295543
-1033.9 0.0305233
-1033.7 0.0329457
-1033.5 0.0348837
-1033.3 0.0363372
-1033.1 0.0387597
-1032.9 0.0416667
-1032.7 0.0450581
-1032.5 0.0469961
-1032.3 0.0474806
-1032.1 0.0503876
-1031.9 0.0537791
-1031.7 0.0552326
-1031.5 0.058624
-1031.3 0.0610465
-1031.1 0.0620155
-1030.9 0.065407
-1030.7 0.0668605
-1030.5 0.0678295
-1030.3 0.0692829
-1030.1 0.0707364
-1029.9 0.0736434
-1029.7 0.0765504
-1029.5 0.0789729
-1029.3 0.0809109
-1029.1 0.0852713
-1028.9 0.0876938
-1028.7 0.0901163
-1028.5 0.0925388
-1028.3 0.0973837
-1028.1 0.10126
-1027.9 0.103198
-1027.7 0.107074
-1027.5 0.109496
-1027.3 0.114341
-1027.1 0.117248
-1026.9 0.122093
-1026.7 0.126453
-1026.5 0.128876
-1026.3 0.131298
-1026.1 0.135174
-1025.9 0.140504
-1025.7 0.145349
-1025.5 0.147771
-1025.3 0.149225
-1025.1 0.152132
-1024.9 0.155039
-1024.7 0.159399
-1024.5 0.164244
-1024.3 0.16812
-1024.1 0.171512
-1023.9 0.174419
-1023.7 0.176841
-1023.5 0.179748
-1023.3 0.182655
-1023.1 0.184593
-1022.9 0.187016
-1022.7 0.190407
-1022.5 0.190891
-1022.3 0.193314
-1022.1 0.194283
-1021.9 0.198159
-1021.7 0.200581
-1021.5 0.203973
-1021.3 0.207364
-1021.1 0.210756
-1020.9 0.214147
-1020.7 0.218023
-1020.5 0.22093
-1020.3 0.224806
-1020.1 0.22626
-1019.9 0.229167
-1019.7 0.233043
-1019.5 0.235465
-1019.3 0.239341
-1019.1 0.243702
-1018.9 0.247093
-1018.7 0.249031
-1018.5 0.251938
-1018.3 0.25436
-1018.1 0.255814
-1017.9 0.257752
-1017.7 0.261143
-1017.5 0.26405
-1017.3 0.267442
-1017.1 0.272287
-1016.9 0.274709
-1016.7 0.276647
-1016.5 0.278101
-1016.3 0.27907
-1016.1 0.281008
-1015.9 0.282461
-1015.7 0.287306
-1015.5 0.28876
-1015.3 0.291182
-1015.1 0.294089
-1014.9 0.297965
-1014.7 0.300388
-1014.5 0.303295
-1014.3 0.306686
-1014.1 0.309109
-1013.9 0.312016
-1013.7 0.314922
-1013.5 0.315891
-1013.3 0.31686
-1013.1 0.319767
-1012.9 0.321221
-1012.7 0.322674
-1012.5 0.326066
-1012.3 0.327519
-1012.1 0.329942
-1011.9 0.33188
-1011.7 0.334302
-1011.5 0.336725
-1011.3 0.339147
-1011.1 0.342054
-1010.9 0.343023
-1010.7 0.347384
-1010.5 0.348353
-1010.3 0.349322
-1010.1 0.350775
-1009.9 0.354651
-1009.7 0.357074
-1009.5 0.36095
-1009.3 0.363372
-1009.1 0.365795
-1008.9 0.366764
-1008.7 0.37064
-1008.5 0.374031
-1008.3 0.376938
-1008.1 0.37936
-1007.9 0.381298
-1007.7 0.383721
-1007.5 0.386143
-1007.3 0.38905
-1007.1 0.390504
-1006.9 0.394864
-1006.7 0.395833
-1006.5 0.397287
-1006.3 0.400194
-1006.1 0.403585
-1005.9 0.406008
-1005.7 0.407461
-1005.5 0.407946
-1005.3 0.409884
-1005.1 0.414729
-1004.9 0.416667
-1004.7 0.419574
-1004.5 0.42345
-1004.3 0.424419
-1004.1 0.427326
-1003.9 0.429748
-1003.7 0.431202
-1003.5 0.433624
-1003.3 0.4375
-1003.1 0.439922
-1002.9 0.442829
-1002.7 0.444767
-1002.5 0.44719
-1002.3 0.449612
-1002.1 0.452035
-1001.9 0.453004
-1001.7 0.455426
-1001.5 0.457849
-1001.3 0.462209
-1001.1 0.466085
-1000.9 0.468992
-1000.7 0.472868
-1000.5 0.474322
-1000.3 0.475291
-1000.1 0.477713
-999.9 0.478682
-999.7 0.481589
-999.5 0.484012
-999.3 0.48595
-999.1 0.486919
-998.9 0.489341
-998.7 0.491279
-998.5 0.494186
-998.3 0.498547
-998.1 0.500484
-997.9 0.50436
-997.7 0.506298
-997.5 0.510174
-997.3 0.51405
-997.1 0.515019
-996.9 0.518895
-996.7 0.521802
-996.5 0.52374
-996.3 0.527132
-996.1 0.528585
-995.9 0.529554
-995.7 0.531977
-995.5 0.534399
-995.3 0.537791
-995.1 0.541667
-994.9 0.542636
-994.7 0.544574
-994.5 0.546996
-994.3 0.548934
-994.1 0.550388
-993.9 0.550872
-993.7 0.551841
-993.5 0.554264
-993.3 0.555717
-993.1 0.562016
-992.9 0.565891
-992.7 0.568798
-992.5 0.570252
-992.3 0.57219
-992.1 0.573159
-991.9 0.575097
-991.7 0.577519
-991.5 0.578973
-991.3 0.582364
-991.1 0.583333
-990.9 0.585756
-990.7 0.588178
-990.5 0.588663
-990.3 0.589147
-990.1 0.589147
-989.9 0.591085
-989.7 0.592054
-989.5 0.593023
-989.3 0.593023
-989.1 0.594477
-988.9 0.594961
-988.7 0.594961
-988.5 0.59593
-988.3 0.597384
-988.1 0.598837
-987.9 0.599322
-987.7 0.600291
-987.5 0.60126
-987.3 0.603198
-987.1 0.607074
-986.9 0.609012
-986.7 0.610465
-986.5 0.611919
-986.3 0.614826
-986.1 0.616764
-985.9 0.618702
-985.7 0.619671
-985.5 0.621124
-985.3 0.623062
-985.1 0.625
-984.9 0.626453
-984.7 0.628876
-984.5 0.632752
-984.3 0.633721
-984.1 0.635659
-983.9 0.637597
-983.7 0.639535
-983.5 0.641473
-983.3 0.642926
-983.1 0.644864
-982.9 0.645349
-982.7 0.647287
-982.5 0.650194
-982.3 0.651163
-982.1 0.65407
-981.9 0.657946
-981.7 0.659884
-981.5 0.661822
-981.3 0.666182
-981.1 0.668605
-980.9 0.670058
-980.7 0.671027
-980.5 0.672965
-980.3 0.675388
-980.1 0.678779
-979.9 0.681202
-979.7 0.681202
-979.5 0.681686
-979.3 0.684593
-979.1 0.687016
-978.9 0.688469
-978.7 0.690407
-978.5 0.692345
-978.3 0.695736
-978.1 0.697674
-977.9 0.700581
-977.7 0.70155
-977.5 0.703004
-977.3 0.703488
-977.1 0.70688
-976.9 0.710756
-976.7 0.714632
-976.5 0.716085
-976.3 0.719961
-976.1 0.722868
-975.9 0.724322
-975.7 0.725291
-975.5 0.726744
-975.3 0.728682
-975.1 0.731105
-974.9 0.734496
-974.7 0.735465
-974.5 0.737403
-974.3 0.738372
-974.1 0.74031
-973.9 0.741279
-973.7 0.742733
-973.5 0.744671
-973.3 0.74564
-973.1 0.747578
-972.9 0.748547
-972.7 0.749516
-972.5 0.751938
-972.3 0.752907
-972.1 0.752907
-971.9 0.754845
-971.7 0.758721
-971.5 0.759205
-971.3 0.760174
-971.1 0.761628
-970.9 0.763566
-970.7 0.765504
-970.5 0.765988
-970.3 0.768895
-970.1 0.76938
-969.9 0.769864
-969.7 0.771318
-969.5 0.77374
-969.3 0.777616
-969.1 0.778585
-968.9 0.780523
-968.7 0.781492
-968.5 0.784399
-968.3 0.786822
-968.1 0.787791
-967.9 0.789244
-967.7 0.790698
-967.5 0.792151
-967.3 0.794574
-967.1 0.796027
-966.9 0.796996
-966.7 0.797481
-966.5 0.800872
-966.3 0.803779
-966.1 0.806202
-965.9 0.807655
-965.7 0.809593
-965.5 0.8125
-965.3 0.813469
-965.1 0.814438
-964.9 0.814922
-964.7 0.817829
-964.5 0.819283
-964.3 0.820252
-964.1 0.82219
-963.9 0.825581
-963.7 0.826066
-963.5 0.827519
-963.3 0.828973
-963.1 0.831395
-962.9 0.833333
-962.7 0.835271
-962.5 0.836725
-962.3 0.838663
-962.1 0.840116
-961.9 0.84157
-961.7 0.842539
-961.5 0.843508
-961.3 0.844477
-961.1 0.846415
-960.9 0.846415
-960.7 0.846415
-960.5 0.846415
-960.3 0.847868
-960.1 0.848837
-959.9 0.851744
-959.7 0.853198
-959.5 0.853198
-959.3 0.853682
-959.1 0.85562
-958.9 0.857558
-958.7 0.858527
-958.5 0.858527
-958.3 0.858527
-958.1 0.859012
-957.9 0.859496
-957.7 0.859981
-957.5 0.861434
-957.3 0.862888
-957.1 0.864341
-956.9 0.868217
-956.7 0.869186
-956.5 0.870155
-956.3 0.87064
-956.1 0.872093
-955.9 0.873062
-955.7 0.875
-955.5 0.876453
-955.3 0.877422
-955.1 0.878391
-954.9 0.87936
-954.7 0.881298
-954.5 0.88469
-954.3 0.885174
-954.1 0.886143
-953.9 0.886628
-953.7 0.88905
-953.5 0.88905
-953.3 0.890019
-953.1 0.890988
-952.9 0.890988
-952.7 0.891473
-952.5 0.891957
-952.3 0.893895
-952.1 0.894864
-951.9 0.896318
-951.7 0.896802
-951.5 0.897287
-951.3 0.899225
-951.1 0.899709
-950.9 0.901163
-950.7 0.902616
-950.5 0.90407
-950.3 0.905039
-950.1 0.906977
-949.9 0.906977
-949.7 0.907946
-949.5 0.907946
-949.3 0.908915
-949.1 0.909884
-948.9 0.910853
-948.7 0.912306
-948.5 0.912791
-948.3 0.912791
-948.1 0.912791
-947.9 0.914244
-947.7 0.915698
-947.5 0.917151
-947.3 0.91812
-947.1 0.918605
-946.9 0.920543
-946.7 0.921512
-946.5 0.922965
-946.3 0.92345
-946.1 0.925872
-945.9 0.926357
-945.7 0.926357
-945.5 0.92781
-945.3 0.92781
-945.1 0.928779
-944.9 0.929748
-944.7 0.931202
-944.5 0.931686
-944.3 0.932171
-944.1 0.932655
-943.9 0.933624
-943.7 0.934593
-943.5 0.935562
-943.3 0.935562
-943.1 0.936047
-942.9 0.9375
-942.7 0.937984
-942.5 0.937984
-942.3 0.938953
-942.1 0.938953
-941.9 0.939438
-941.7 0.941376
-941.5 0.94186
-941.3 0.94186
-941.1 0.942345
-940.9 0.943798
-940.7 0.944767
-940.5 0.944767
-940.3 0.945736
-940.1 0.946705
-939.9 0.94719
-939.7 0.947674
-939.5 0.947674
-939.3 0.947674
-939.1 0.948159
-938.9 0.949128
-938.7 0.949612
-938.5 0.950097
-938.3 0.950097
-938.1 0.950581
-937.9 0.95155
-937.7 0.952035
-937.5 0.953004
-937.3 0.953488
-937.1 0.953488
-936.9 0.954457
-936.7 0.955426
-936.5 0.955911
-936.3 0.956395
-936.1 0.958333
-935.9 0.958818
-935.7 0.958818
-935.5 0.959302
-935.3 0.959302
-935.1 0.959787
-934.9 0.960756
-934.7 0.960756
-934.5 0.96124
-934.3 0.961725
-934.1 0.961725
-933.9 0.962209
-933.7 0.962694
-933.5 0.962694
-933.3 0.963663
-933.1 0.963663
-932.9 0.964147
-932.7 0.964147
-932.5 0.964632
-932.3 0.965116
-932.1 0.965601
-931.9 0.965601
-931.7 0.965601
-931.5 0.965601
-931.3 0.965601
-931.1 0.966085
-930.9 0.96657
-930.7 0.967054
-930.5 0.967054
-930.3 0.967539
-930.1 0.967539
-929.9 0.968508
-929.7 0.968992
-929.5 0.968992
-929.3 0.969477
-929.1 0.969961
-928.9 0.970446
-928.7 0.97093
-928.5 0.97093
-928.3 0.971415
-928.1 0.971415
-927.9 0.972384
-927.7 0.972384
-927.5 0.972384
-927.3 0.973353
-927.1 0.973837
-926.9 0.974806
-926.7 0.975775
-926.5 0.97626
-926.3 0.97626
-926.1 0.97626
-925.9 0.977229
-925.7 0.977713
-925.5 0.977713
-925.3 0.977713
-925.1 0.978682
-924.9 0.978682
-924.7 0.978682
-924.5 0.978682
-924.3 0.978682
-924.1 0.978682
-923.9 0.979167
-923.7 0.979167
-923.5 0.979651
-923.3 0.979651
-923.1 0.979651
-922.9 0.98062
-922.7 0.98062
-922.5 0.98062
-922.3 0.98062
-922.1 0.98062
-921.9 0.98062
-921.7 0.98062
-921.5 0.98062
-921.3 0.98062
-921.1 0.981105
-920.9 0.981105
-920.7 0.981105
-920.5 0.981105
-920.3 0.981589
-920.1 0.981589
-919.9 0.981589
-919.7 0.983043
-919.5 0.983527
-919.3 0.983527
-919.1 0.983527
-918.9 0.984012
-918.7 0.984012
-918.5 0.984012
-918.3 0.984012
-918.1 0.984012
-917.9 0.984496
-917.7 0.984496
-917.5 0.984981
-917.3 0.984981
-917.1 0.984981
-916.9 0.984981
-916.7 0.984981
-916.5 0.985465
-916.3 0.985465
-916.1 0.98595
-915.9 0.98595
-915.7 0.98595
-915.5 0.98595
-915.3 0.98595
-915.1 0.986434
-914.9 0.986919
-914.7 0.986919
-914.5 0.987403
-914.3 0.987403
-914.1 0.987403
-913.9 0.987403
-913.7 0.987403
-913.5 0.987403
-913.3 0.987403
-913.1 0.987403
-912.9 0.987403
-912.7 0.987403
-912.5 0.987403
-912.3 0.987403
-912.1 0.987403
-911.9 0.987888
-911.7 0.987888
-911.5 0.987888
-911.3 0.987888
-911.1 0.987888
-910.9 0.987888
-910.7 0.987888
-910.5 0.987888
-910.3 0.987888
-910.1 0.987888
-909.9 0.987888
-909.7 0.987888
-909.5 0.987888
-909.3 0.988372
-909.1 0.988857
-908.9 0.988857
-908.7 0.988857
-908.5 0.989341
-908.3 0.989826
-908.1 0.989826
-907.9 0.99031
-907.7 0.99031
-907.5 0.99031
-907.3 0.99031
-907.1 0.99031
-906.9 0.990795
-906.7 0.990795
-906.5 0.990795
-906.3 0.991279
-906.1 0.991279
-905.9 0.991279
-905.7 0.991279
-905.5 0.991279
-905.3 0.991279
-905.1 0.991764
-904.9 0.991764
-904.7 0.991764
-904.5 0.991764
-904.3 0.992248
-904.1 0.992248
-903.9 0.992248
-903.7 0.992248
-903.5 0.992248
-903.3 0.992248
-903.1 0.992248
-902.9 0.992248
-902.7 0.992248
-902.5 0.992248
-902.3 0.992248
-902.1 0.992248
-901.9 0.992248
-901.7 0.992248
-901.5 0.992248
-901.3 0.992248
-901.1 0.992248
-900.9 0.992248
-900.7 0.992248
-900.5 0.992248
-900.3 0.992248
-900.1 0.992248
-899.9 0.992733
-899.7 0.992733
-899.5 0.992733
-899.3 0.992733
-899.1 0.992733
-898.9 0.992733
-898.7 0.992733
-898.5 0.993217
-898.3 0.993217
-898.1 0.993217
-897.9 0.993217
-897.7 0.993702
-897.5 0.993702
-897.3 0.994186
-897.1 0.994186
-896.9 0.994186
-896.7 0.994186
-896.5 0.994186
-896.3 0.994186
-896.1 0.994186
-895.9 0.994186
-895.7 0.994186
-895.5 0.994186
-895.3 0.994186
-895.1 0.994186
-894.9 0.994186
-894.7 0.994186
-894.5 0.994186
-894.3 0.994186
-894.1 0.994186
-893.9 0.994186
-893.7 0.994671
-893.5 0.994671
-893.3 0.994671
-893.1 0.994671
-892.9 0.995155
-892.7 0.995155
-892.5 0.995155
-892.3 0.995155
-892.1 0.995155
-891.9 0.995155
-891.7 0.995155
-891.5 0.995155
-891.3 0.995155
-891.1 0.995155
-890.9 0.995155
-890.7 0.995155
-890.5 0.995155
-890.3 0.99564
-890.1 0.996124
-889.9 0.996124
-889.7 0.996124
-889.5 0.996124
-889.3 0.996124
-889.1 0.996124
-888.9 0.996124
-888.7 0.996124
-888.5 0.996124
-888.3 0.996124
-888.1 0.996124
-887.9 0.996124
-887.7 0.997093
-887.5 0.998062
-887.3 0.998062
-887.1 0.998062
-886.9 0.998062
-886.7 0.998062
-886.5 0.998062
-886.3 0.998062
-886.1 0.998062
-885.9 0.998062
-885.7 0.998062
-885.5 0.998062
-885.3 0.998062
-885.1 0.998062
-884.9 0.998062
-884.7 0.998062
-884.5 0.998547
-884.3 0.998547
-884.1 0.998547
-883.9 0.998547
-883.7 0.998547
-883.5 0.998547
-883.3 0.998547
-883.1 0.998547
-882.9 0.999031
-882.7 0.999031
-882.5 0.999031
-882.3 0.999031
-882.1 0.999031
-881.9 0.999031
-881.7 0.999031
-881.5 0.999031
-881.3 0.999031
-881.1 0.999031
-880.9 0.999031
-880.7 0.999031
-880.5 0.999031
-880.3 0.999031
-880.1 0.999031
-879.9 0.999031
-879.7 0.999031
-879.5 0.999031
-879.3 0.999031
-879.1 0.999031
-878.9 0.999031
-878.7 0.999031
-878.5 0.999031
-878.3 0.999031
-878.1 0.999031
-877.9 0.999031
-877.7 0.999031
-877.5 0.999031
-877.3 0.999031
-877.1 0.999031
-876.9 0.999031
-876.7 0.999031
-876.5 0.999031
-876.3 0.999031
-876.1 0.999031
-875.9 0.999031
-875.7 0.999031
-875.5 0.999031
-875.3 0.999031
-875.1 0.999031
-874.9 0.999031
-874.7 0.999031
-874.5 0.999031
-874.3 0.999031
-874.1 0.999031
-873.9 0.999031
-873.7 0.999031
-873.5 0.999031
-873.3 0.999031
-873.1 0.999516
-872.9 0.999516
-872.7 0.999516
-872.5 0.999516
-872.3 0.999516
-872.1 0.999516
-871.9 0.999516
-871.7 0.999516
-871.5 0.999516
-871.3 0.999516
-871.1 0.999516
-870.9 0.999516
-870.7 0.999516
-870.5 0.999516
-870.3 0.999516
-870.1 0.999516
-869.9 0.999516
-869.7 0.999516
-869.5 0.999516
-869.3 0.999516
-869.1 0.999516
-868.9 0.999516
-868.7 0.999516
-868.5 0.999516
-868.3 0.999516
-868.1 0.999516
-867.9 0.999516
-867.7 0.999516
-867.5 0.999516
-867.3 0.999516
-867.1 0.999516
-866.9 0.999516
-866.7 0.999516
-866.5 0.999516
-866.3 0.999516
-866.1 0.999516
-865.9 0.999516
-865.7 1
