-44.9 0
-44.7 0
-44.5 0
-44.3 0
-44.1 0
-43.9 0
-43.7 1
-43.5 0
-43.3 0
-43.1 1
-42.9 2
-42.7 3
-42.5 3
-42.3 4
-42.1 3
-41.9 5
-41.7 12
-41.5 14
-41.3 13
-41.1 25
-40.9 23
-40.7 42
-40.5 64
-40.3 126
-40.1 237
-39.9 452
-39.7 758
-39.5 1315
-39.3 2269
-39.1 3687
-38.9 5661
-38.7 8148
-38.5 11262
-38.3 14795
-38.1 18784
-37.9 22830
-37.7 27046
-37.5 30821
-37.3 33848
-37.1 36287
-36.9 37821
-36.7 38850
-36.5 38618
-36.3 38229
-36.1 37165
-35.9 35397
-35.7 34406
-35.5 32095
-35.3 30205
-35.1 28891
-34.9 27163
-34.7 25895
-34.5 25013
-34.3 23634
-34.1 22758
-33.9 22214
-33.7 21501
-33.5 20945
-33.3 20551
-33.1 19966
-32.9 19736
-32.7 19468
-32.5 19254
-32.3 18967
-32.1 18849
-31.9 18645
-31.7 18367
-31.5 18414
-31.3 18288
-31.1 17959
-30.9 17799
-30.7 17905
-30.5 17575
-30.3 17355
-30.1 17460
-29.9 17275
-29.7 17409
-29.5 17115
-29.3 17267
-29.1 17120
-28.9 17139
-28.7 17201
-28.5 16796
-28.3 16927
-28.1 16959
-27.9 16776
-27.7 16751
-27.5 16685
-27.3 16660
-27.1 16483
-26.9 16748
-26.7 16797
-26.5 16766
-26.3 16641
-26.1 16451
-25.9 16377
-25.7 16339
-25.5 16358
-25.3 16299
-25.1 16195
-24.9 15962
-24.7 16072
-24.5 15997
-24.3 16111
-24.1 16070
-23.9 16008
-23.7 15925
-23.5 15839
-23.3 16113
-23.1 16036
-22.9 15888
-22.7 16021
-22.5 15784
-22.3 15859
-22.1 15689
-21.9 15890
-21.7 15981
-21.5 15771
-21.3 15894
-21.1 16219
-20.9 16110
-20.7 16192
-20.5 15842
-20.3 15946
-20.1 16081
-19.9 15981
-19.7 16122
-19.5 16163
-19.3 16163
-19.1 16170
-18.9 16230
-18.7 15975
-18.5 16064
-18.3 15943
-18.1 15689
-17.9 15883
-17.7 16044
-17.5 15905
-17.3 15738
-17.1 15847
-16.9 15823
-16.7 16043
-16.5 15653
-16.3 15893
-16.1 15799
-15.9 15622
-15.7 15710
-15.5 15628
-15.3 15663
-15.1 15585
-14.9 15279
-14.7 15558
-14.5 15421
-14.3 15344
-14.1 15338
-13.9 15269
-13.7 15240
-13.5 15337
-13.3 15289
-13.1 15140
-12.9 15194
-12.7 15374
-12.5 15489
-12.3 15205
-12.1 15164
-11.9 15061
-11.7 15201
-11.5 15384
-11.3 15164
-11.1 14824
-10.9 15064
-10.7 14873
-10.5 14724
-10.3 14703
-10.1 14760
-9.9 14609
-9.7 14602
-9.5 14438
-9.3 14371
-9.1 14354
-8.9 14237
-8.7 14265
-8.5 14097
-8.3 13771
-8.1 13907
-7.9 13448
-7.7 13610
-7.5 13315
-7.3 13238
-7.1 13096
-6.9 12963
-6.7 12882
-6.5 12443
-6.3 12361
-6.1 12318
-5.9 12216
-5.7 11993
-5.5 11956
-5.3 11645
-5.1 11283
-4.9 11008
-4.7 10941
-4.5 10685
-4.3 10528
-4.1 10291
-3.9 10191
-3.7 9830
-3.5 9527
-3.3 9338
-3.1 9112
-2.9 8662
-2.7 8535
-2.5 8316
-2.3 8085
-2.1 7624
-1.9 7822
-1.7 7248
-1.5 7140
-1.3 6841
-1.1 6766
-0.9 6363
-0.7 6210
-0.5 6172
-0.3 5908
-0.1 5454
0.1 5491
0.3 5334
0.5 5049
0.7 4819
0.9 4652
1.1 4592
1.3 4578
1.5 4403
1.7 4248
1.9 4064
2.1 3926
2.3 3850
2.5 3613
2.7 3464
2.9 3567
3.1 3172
3.3 3079
3.5 2869
3.7 2907
3.9 2722
4.1 2486
4.3 2491
4.5 2225
4.7 2214
4.9 1933
5.1 1969
5.3 1794
5.5 1814
5.7 1724
5.9 1733
6.1 1651
6.3 1614
6.5 1532
6.7 1459
6.9 1439
7.1 1416
7.3 1262
7.5 1199
7.7 1104
7.9 1094
8.1 977
8.3 964
8.5 925
8.7 858
8.9 719
9.1 692
9.3 621
9.5 565
9.7 481
9.9 450
10.1 396
10.3 358
10.5 295
10.7 245
10.9 204
11.1 184
11.3 165
11.5 129
11.7 113
11.9 94
12.1 85
12.3 62
12.5 41
12.7 45
12.9 38
13.1 20
13.3 26
13.5 27
13.7 15
13.9 17
14.1 12
14.3 13
14.5 8
14.7 7
14.9 5
15.1 10
15.3 6
15.5 7
15.7 4
15.9 7
16.1 6
16.3 6
16.5 2
16.7 6
16.9 8
17.1 2
17.3 4
17.5 2
17.7 4
17.9 2
18.1 3
18.3 1
18.5 7
18.7 4
18.9 4
19.1 3
19.3 3
19.5 8
19.7 5
19.9 3
20.1 4
20.3 0
20.5 4
20.7 4
20.9 3
21.1 3
21.3 6
21.5 4
21.7 5
21.9 6
22.1 6
22.3 5
22.5 7
22.7 3
22.9 5
23.1 3
23.3 3
23.5 4
23.7 5
23.9 3
24.1 3
24.3 5
24.5 2
24.7 7
24.9 4
25.1 1
25.3 7
25.5 5
25.7 3
25.9 2
26.1 4
26.3 4
26.5 3
26.7 2
26.9 1
27.1 4
27.3 2
27.5 5
27.7 1
27.9 1
28.1 1
28.3 4
28.5 2
28.7 3
28.9 2
29.1 6
29.3 4
29.5 4
29.7 3
29.9 1
