-49.9 0
-49.7 2
-49.5 0
-49.3 1
-49.1 1
-48.9 4
-48.7 1
-48.5 0
-48.3 1
-48.1 1
-47.9 0
-47.7 0
-47.5 1
-47.3 0
-47.1 1
-46.9 1
-46.7 0
-46.5 1
-46.3 3
-46.1 0
-45.9 0
-45.7 0
-45.5 0
-45.3 0
-45.1 1
-44.9 0
-44.7 0
-44.5 0
-44.3 1
-44.1 3
-43.9 0
-43.7 1
-43.5 0
-43.3 2
-43.1 1
-42.9 0
-42.7 0
-42.5 0
-42.3 0
-42.1 1
-41.9 0
-41.7 1
-41.5 3
-41.3 0
-41.1 1
-40.9 1
-40.7 0
-40.5 1
-40.3 1
-40.1 0
-39.9 1
-39.7 0
-39.5 0
-39.3 1
-39.1 2
-38.9 0
-38.7 2
-38.5 2
-38.3 1
-38.1 0
-37.9 0
-37.7 2
-37.5 2
-37.3 1
-37.1 3
-36.9 1
-36.7 2
-36.5 1
-36.3 1
-36.1 3
-35.9 1
-35.7 1
-35.5 0
-35.3 0
-35.1 3
-34.9 0
-34.7 3
-34.5 0
-34.3 3
-34.1 1
-33.9 3
-33.7 1
-33.5 1
-33.3 3
-33.1 0
-32.9 0
-32.7 0
-32.5 2
-32.3 4
-32.1 1
-31.9 1
-31.7 2
-31.5 4
-31.3 2
-31.1 2
-30.9 2
-30.7 3
-30.5 2
-30.3 0
-30.1 2
-29.9 1
-29.7 1
-29.5 1
-29.3 0
-29.1 1
-28.9 2
-28.7 2
-28.5 1
-28.3 2
-28.1 3
-27.9 1
-27.7 2
-27.5 1
-27.3 0
-27.1 1
-26.9 0
-26.7 2
-26.5 1
-26.3 3
-26.1 2
-25.9 2
-25.7 3
-25.5 6
-25.3 3
-25.1 1
-24.9 2
-24.7 3
-24.5 2
-24.3 4
-24.1 3
-23.9 2
-23.7 3
-23.5 2
-23.3 3
-23.1 3
-22.9 1
-22.7 2
-22.5 6
-22.3 0
-22.1 0
-21.9 3
-21.7 1
-21.5 2
-21.3 2
-21.1 11
-20.9 2
-20.7 5
-20.5 9
-20.3 8
-20.1 6
-19.9 3
-19.7 8
-19.5 5
-19.3 2
-19.1 5
-18.9 0
-18.7 0
-18.5 3
-18.3 10
-18.1 6
-17.9 7
-17.7 6
-17.5 8
-17.3 5
-17.1 6
-16.9 6
-16.7 8
-16.5 4
-16.3 7
-16.1 4
-15.9 7
-15.7 7
-15.5 10
-15.3 2
-15.1 9
-14.9 8
-14.7 9
-14.5 10
-14.3 6
-14.1 10
-13.9 7
-13.7 9
-13.5 9
-13.3 1
-13.1 9
-12.9 8
-12.7 4
-12.5 10
-12.3 10
-12.1 6
-11.9 10
-11.7 7
-11.5 7
-11.3 6
-11.1 7
-10.9 7
-10.7 7
-10.5 9
-10.3 12
-10.1 8
-9.9 5
-9.7 7
-9.5 13
-9.3 10
-9.1 9
-8.9 13
-8.7 11
-8.5 9
-8.3 9
-8.1 5
-7.9 14
-7.7 13
-7.5 12
-7.3 8
-7.1 11
-6.9 10
-6.7 12
-6.5 22
-6.3 9
-6.1 12
-5.9 6
-5.7 13
-5.5 6
-5.3 14
-5.1 19
-4.9 11
-4.7 9
-4.5 11
-4.3 15
-4.1 8
-3.9 12
-3.7 13
-3.5 19
-3.3 9
-3.1 13
-2.9 10
-2.7 6
-2.5 18
-2.3 13
-2.1 9
-1.9 10
-1.7 7
-1.5 13
-1.3 7
-1.1 17
-0.9 13
-0.7 12
-0.5 11
-0.3 13
-0.1 11
0.1 17
0.3 3
0.5 12
0.7 14
0.9 10
1.1 13
1.3 12
1.5 14
1.7 13
1.9 7
2.1 13
2.3 7
2.5 11
2.7 12
2.9 10
3.1 9
3.3 7
3.5 9
3.7 12
3.9 16
4.1 10
4.3 10
4.5 17
4.7 11
4.9 11
5.1 6
5.3 12
5.5 12
5.7 14
5.9 10
6.1 9
6.3 10
6.5 17
6.7 3
6.9 13
7.1 12
7.3 11
7.5 6
7.7 9
7.9 9
8.1 4
8.3 7
8.5 11
8.7 14
8.9 9
9.1 11
9.3 9
9.5 9
9.7 6
9.9 11
10.1 11
10.3 16
10.5 7
10.7 8
10.9 8
11.1 12
11.3 13
11.5 9
11.7 8
11.9 11
12.1 7
12.3 13
12.5 8
12.7 13
12.9 10
13.1 11
13.3 10
13.5 11
13.7 10
13.9 12
14.1 5
14.3 10
14.5 12
14.7 5
14.9 6
15.1 8
15.3 10
15.5 5
15.7 12
15.9 16
16.1 9
16.3 7
16.5 7
16.7 14
16.9 8
17.1 4
17.3 12
17.5 11
17.7 5
17.9 15
18.1 11
18.3 9
18.5 8
18.7 8
18.9 9
19.1 8
19.3 10
19.5 12
19.7 13
19.9 8
20.1 9
20.3 8
20.5 7
20.7 10
20.9 10
21.1 7
21.3 8
21.5 4
21.7 7
21.9 5
22.1 6
22.3 9
22.5 9
22.7 11
22.9 11
23.1 5
23.3 10
23.5 5
23.7 8
23.9 7
24.1 9
24.3 11
24.5 8
24.7 7
24.9 7
25.1 10
25.3 4
25.5 7
25.7 1
25.9 10
26.1 5
26.3 6
26.5 8
26.7 5
26.9 5
27.1 9
27.3 13
27.5 6
27.7 11
27.9 11
28.1 9
28.3 4
28.5 8
28.7 3
28.9 10
29.1 8
29.3 11
29.5 5
29.7 8
29.9 7
30.1 4
30.3 7
30.5 7
30.7 12
30.9 8
31.1 14
31.3 9
31.5 11
31.7 11
31.9 9
32.1 12
32.3 2
32.5 5
32.7 8
32.9 5
33.1 10
33.3 6
33.5 4
33.7 8
33.9 5
34.1 7
34.3 6
34.5 10
34.7 7
34.9 7
35.1 13
35.3 6
35.5 13
35.7 5
35.9 7
36.1 5
36.3 8
36.5 8
36.7 8
36.9 7
37.1 5
37.3 7
37.5 6
37.7 5
37.9 10
38.1 9
38.3 5
38.5 5
38.7 8
38.9 8
39.1 7
39.3 8
39.5 9
39.7 9
39.9 5
40.1 9
40.3 11
40.5 9
40.7 7
40.9 7
41.1 11
41.3 6
41.5 11
41.7 7
41.9 7
42.1 6
42.3 4
42.5 3
42.7 6
42.9 6
43.1 5
43.3 8
43.5 5
43.7 5
43.9 11
44.1 9
44.3 8
44.5 6
44.7 4
44.9 4
45.1 4
45.3 10
45.5 4
45.7 8
45.9 7
46.1 5
46.3 1
46.5 7
46.7 5
46.9 5
47.1 4
47.3 6
47.5 5
47.7 9
47.9 8
48.1 2
48.3 7
48.5 8
48.7 4
48.9 3
49.1 4
49.3 5
49.5 5
49.7 4
49.9 8
50.1 9
50.3 6
50.5 4
50.7 2
50.9 9
51.1 4
51.3 3
51.5 5
51.7 7
51.9 3
52.1 7
52.3 8
52.5 3
52.7 3
52.9 3
53.1 7
53.3 8
53.5 4
53.7 5
53.9 3
54.1 6
54.3 11
54.5 5
54.7 5
54.9 2
55.1 10
55.3 3
55.5 4
55.7 1
55.9 8
56.1 3
56.3 6
56.5 6
56.7 6
56.9 7
57.1 9
57.3 5
57.5 7
57.7 4
57.9 6
58.1 3
58.3 7
58.5 2
58.7 5
58.9 2
59.1 1
59.3 2
59.5 5
59.7 3
59.9 5
60.1 8
60.3 4
60.5 1
60.7 4
60.9 7
61.1 8
61.3 8
61.5 5
61.7 5
61.9 2
62.1 1
62.3 5
62.5 6
62.7 6
62.9 4
63.1 4
63.3 0
63.5 4
63.7 4
63.9 5
64.1 4
64.3 4
64.5 4
64.7 3
64.9 4
65.1 6
65.3 2
65.5 4
65.7 1
65.9 3
66.1 2
66.3 2
66.5 6
66.7 6
66.9 9
67.1 4
67.3 4
67.5 2
67.7 5
67.9 4
68.1 5
68.3 4
68.5 3
68.7 6
68.9 6
69.1 2
69.3 3
69.5 5
69.7 5
69.9 5
70.1 2
70.3 1
70.5 8
70.7 7
70.9 2
71.1 4
71.3 5
71.5 5
71.7 1
71.9 0
72.1 3
72.3 3
72.5 5
72.7 4
72.9 3
73.1 3
73.3 10
73.5 1
73.7 3
73.9 4
74.1 3
74.3 2
74.5 5
74.7 3
74.9 5
75.1 2
75.3 1
75.5 3
75.7 2
75.9 3
76.1 3
76.3 1
76.5 3
76.7 3
76.9 4
77.1 2
77.3 2
77.5 2
77.7 3
77.9 6
78.1 1
78.3 0
78.5 3
78.7 2
78.9 3
79.1 4
79.3 3
79.5 3
79.7 1
79.9 2
80.1 9
80.3 3
80.5 1
80.7 2
80.9 1
81.1 2
81.3 5
81.5 2
81.7 1
81.9 2
82.1 0
82.3 3
82.5 5
82.7 3
82.9 1
83.1 0
83.3 2
83.5 3
83.7 1
83.9 1
84.1 4
84.3 3
84.5 0
84.7 0
84.9 1
85.1 1
85.3 4
85.5 4
85.7 2
85.9 6
86.1 1
86.3 1
86.5 4
86.7 2
86.9 2
87.1 2
87.3 3
87.5 1
87.7 3
87.9 1
88.1 3
88.3 2
88.5 3
88.7 4
88.9 1
89.1 1
89.3 0
89.5 2
89.7 2
89.9 0
90.1 5
90.3 1
90.5 1
90.7 2
90.9 3
91.1 3
91.3 0
91.5 4
91.7 0
91.9 3
92.1 2
92.3 1
92.5 1
92.7 3
92.9 4
93.1 1
93.3 4
93.5 3
93.7 6
93.9 2
94.1 0
94.3 2
94.5 3
94.7 2
94.9 3
95.1 1
95.3 0
95.5 4
95.7 0
95.9 1
96.1 1
96.3 2
96.5 1
96.7 1
96.9 2
97.1 2
97.3 3
97.5 0
97.7 1
97.9 3
98.1 2
98.3 4
98.5 2
98.7 0
98.9 0
99.1 1
99.3 3
99.5 1
99.7 2
99.9 2
100.1 2
100.3 1
100.5 1
100.7 3
100.9 2
101.1 1
101.3 2
101.5 4
101.7 1
101.9 2
102.1 1
102.3 2
102.5 2
102.7 3
102.9 2
103.1 4
103.3 0
103.5 2
103.7 4
103.9 0
104.1 1
104.3 0
104.5 1
104.7 2
104.9 1
105.1 1
105.3 1
105.5 0
105.7 0
105.9 0
106.1 2
106.3 2
106.5 0
106.7 1
106.9 0
107.1 2
107.3 0
107.5 1
107.7 3
107.9 2
108.1 3
108.3 1
108.5 1
108.7 0
108.9 0
109.1 1
109.3 0
109.5 1
109.7 0
109.9 0
110.1 3
110.3 0
110.5 0
110.7 1
110.9 1
111.1 1
111.3 1
111.5 1
111.7 3
111.9 1
112.1 1
112.3 1
112.5 1
112.7 2
112.9 0
113.1 0
113.3 1
113.5 1
113.7 1
113.9 0
114.1 2
114.3 1
114.5 1
114.7 1
114.9 0
115.1 0
115.3 1
115.5 0
115.7 3
115.9 0
116.1 0
116.3 1
116.5 0
116.7 1
116.9 1
117.1 3
117.3 0
117.5 0
117.7 2
117.9 1
118.1 2
118.3 2
118.5 0
118.7 2
118.9 0
119.1 1
119.3 2
119.5 2
119.7 1
119.9 2
120.1 0
120.3 0
120.5 3
120.7 1
120.9 0
121.1 3
121.3 1
121.5 1
121.7 1
121.9 1
122.1 1
122.3 3
122.5 1
122.7 0
122.9 1
123.1 1
123.3 1
123.5 1
123.7 0
123.9 0
124.1 1
124.3 1
124.5 0
124.7 0
124.9 0
125.1 1
125.3 1
125.5 2
125.7 0
125.9 1
126.1 1
126.3 1
126.5 1
126.7 2
126.9 0
127.1 0
127.3 1
127.5 0
127.7 0
127.9 0
128.1 1
128.3 2
128.5 1
128.7 0
128.9 2
129.1 0
129.3 1
129.5 0
129.7 0
129.9 2
130.1 0
130.3 0
130.5 0
130.7 1
130.9 0
131.1 1
131.3 1
131.5 0
131.7 0
131.9 1
132.1 0
132.3 2
132.5 1
132.7 1
132.9 0
133.1 1
133.3 1
133.5 0
133.7 1
133.9 0
134.1 1
134.3 1
134.5 1
134.7 1
134.9 2
135.1 2
135.3 2
135.5 1
135.7 1
135.9 0
136.1 0
136.3 2
136.5 3
136.7 1
136.9 2
137.1 0
137.3 1
137.5 0
137.7 0
137.9 1
138.1 1
138.3 0
138.5 1
138.7 0
138.9 1
139.1 0
139.3 1
139.5 1
139.7 3
139.9 0
140.1 1
140.3 0
140.5 0
140.7 1
140.9 1
141.1 0
141.3 0
141.5 0
141.7 0
141.9 0
142.1 0
142.3 2
142.5 1
142.7 0
142.9 1
143.1 2
143.3 1
143.5 1
143.7 0
143.9 1
144.1 1
144.3 0
144.5 0
144.7 0
144.9 0
145.1 0
145.3 0
145.5 1
145.7 1
145.9 1
146.1 0
146.3 0
146.5 0
146.7 1
146.9 1
147.1 0
147.3 0
147.5 1
147.7 0
147.9 0
148.1 0
148.3 0
148.5 2
148.7 0
148.9 3
149.1 0
149.3 1
149.5 0
149.7 0
149.9 2
