283
-56.3 1.09573e-06
-56.1 1.09573e-06
-55.9 1.09573e-06
-55.7 1.09573e-06
-55.5 1.09573e-06
-55.3 1.09573e-06
-55.1 1.09573e-06
-54.9 1.09573e-06
-54.7 2.19146e-06
-54.5 2.19146e-06
-54.3 2.19146e-06
-54.1 2.19146e-06
-53.9 2.19146e-06
-53.7 2.19146e-06
-53.5 2.19146e-06
-53.3 2.19146e-06
-53.1 2.19146e-06
-52.9 2.19146e-06
-52.7 2.19146e-06
-52.5 2.19146e-06
-52.3 2.19146e-06
-52.1 2.19146e-06
-51.9 3.28719e-06
-51.7 3.28719e-06
-51.5 3.28719e-06
-51.3 4.38292e-06
-51.1 5.47865e-06
-50.9 9.86158e-06
-50.7 1.75317e-05
-50.5 3.83506e-05
-50.3 8.32755e-05
-50.1 0.000226816
-49.9 0.000668396
-49.7 0.0017707
-49.5 0.00396874
-49.3 0.00779174
-49.1 0.0136955
-48.9 0.0214676
-48.7 0.0310519
-48.5 0.0417879
-48.3 0.0530575
-48.1 0.0646273
-47.9 0.0764437
-47.7 0.0879313
-47.5 0.0992458
-47.3 0.110632
-47.1 0.121987
-46.9 0.132983
-46.7 0.144188
-46.5 0.154914
-46.3 0.16559
-46.1 0.175985
-45.9 0.186016
-45.7 0.195893
-45.5 0.205603
-45.3 0.215298
-45.1 0.224814
-44.9 0.234235
-44.7 0.243603
-44.5 0.252952
-44.3 0.262374
-44.1 0.271466
-43.9 0.280606
-43.7 0.289857
-43.5 0.298892
-43.3 0.307968
-43.1 0.317167
-42.9 0.325935
-42.7 0.334885
-42.5 0.343651
-42.3 0.352456
-42.1 0.361204
-41.9 0.36992
-41.7 0.378588
-41.5 0.387402
-41.3 0.396111
-41.1 0.404533
-40.9 0.413086
-40.7 0.421655
-40.5 0.429952
-40.3 0.438297
-40.1 0.44662
-39.9 0.45495
-39.7 0.46329
-39.5 0.471576
-39.3 0.479784
-39.1 0.487996
-38.9 0.496172
-38.7 0.504213
-38.5 0.512471
-38.3 0.520635
-38.1 0.528726
-37.9 0.536778
-37.7 0.544982
-37.5 0.552988
-37.3 0.561013
-37.1 0.569002
-36.9 0.577038
-36.7 0.585134
-36.5 0.59312
-36.3 0.601017
-36.1 0.609212
-35.9 0.617118
-35.7 0.625161
-35.5 0.633124
-35.3 0.641166
-35.1 0.649232
-34.9 0.657335
-34.7 0.665423
-34.5 0.673511
-34.3 0.68163
-34.1 0.689623
-33.9 0.697651
-33.7 0.70552
-33.5 0.713598
-33.3 0.721465
-33.1 0.729516
-32.9 0.737536
-32.7 0.74545
-32.5 0.753511
-32.3 0.76124
-32.1 0.769097
-31.9 0.776812
-31.7 0.784511
-31.5 0.792228
-31.3 0.799846
-31.1 0.807595
-30.9 0.815154
-30.7 0.822689
-30.5 0.830189
-30.3 0.837704
-30.1 0.845038
-29.9 0.852233
-29.7 0.859428
-29.5 0.866486
-29.3 0.873543
-29.1 0.880311
-28.9 0.886922
-28.7 0.893481
-28.5 0.899751
-28.3 0.905823
-28.1 0.911656
-27.9 0.917378
-27.7 0.922971
-27.5 0.928347
-27.3 0.933545
-27.1 0.938537
-26.9 0.943191
-26.7 0.947591
-26.5 0.951874
-26.3 0.955776
-26.1 0.959494
-25.9 0.963062
-25.7 0.96629
-25.5 0.969274
-25.3 0.972119
-25.1 0.974634
-24.9 0.976912
-24.7 0.979053
-24.5 0.980919
-24.3 0.98267
-24.1 0.984205
-23.9 0.985638
-23.7 0.986887
-23.5 0.988021
-23.3 0.989041
-23.1 0.990014
-22.9 0.990863
-22.7 0.991641
-22.5 0.992302
-22.3 0.992929
-22.1 0.993494
-21.9 0.994025
-21.7 0.994495
-21.5 0.994959
-21.3 0.995375
-21.1 0.995742
-20.9 0.996094
-20.7 0.996395
-20.5 0.996677
-20.3 0.996944
-20.1 0.99721
-19.9 0.997422
-19.7 0.997599
-19.5 0.997801
-19.3 0.99799
-19.1 0.998153
-18.9 0.998287
-18.7 0.998425
-18.5 0.998565
-18.3 0.998672
-18.1 0.998759
-17.9 0.998839
-17.7 0.998914
-17.5 0.998989
-17.3 0.999073
-17.1 0.99915
-16.9 0.999203
-16.7 0.999268
-16.5 0.999323
-16.3 0.999371
-16.1 0.999412
-15.9 0.999455
-15.7 0.999483
-15.5 0.999521
-15.3 0.999555
-15.1 0.999585
-14.9 0.999618
-14.7 0.999647
-14.5 0.999675
-14.3 0.999688
-14.1 0.999707
-13.9 0.999725
-13.7 0.999739
-13.5 0.999756
-13.3 0.999764
-13.1 0.999784
-12.9 0.999792
-12.7 0.999798
-12.5 0.999801
-12.3 0.999805
-12.1 0.999807
-11.9 0.999813
-11.7 0.999815
-11.5 0.999817
-11.3 0.999818
-11.1 0.999819
-10.9 0.999826
-10.7 0.999827
-10.5 0.999828
-10.3 0.99983
-10.1 0.999831
-9.9 0.999835
-9.7 0.999837
-9.5 0.99984
-9.3 0.999842
-9.1 0.999844
-8.9 0.999846
-8.7 0.999847
-8.5 0.999847
-8.3 0.999848
-8.1 0.999851
-7.9 0.999852
-7.7 0.999855
-7.5 0.999855
-7.3 0.999859
-7.1 0.999862
-6.9 0.999865
-6.7 0.999867
-6.5 0.999872
-6.3 0.999875
-6.1 0.999882
-5.9 0.999884
-5.7 0.999888
-5.5 0.999893
-5.3 0.999895
-5.1 0.999895
-4.9 0.999898
-4.7 0.999905
-4.5 0.999908
-4.3 0.999909
-4.1 0.999911
-3.9 0.999915
-3.7 0.999919
-3.5 0.99992
-3.3 0.999925
-3.1 0.999928
-2.9 0.99993
-2.7 0.999932
-2.5 0.999934
-2.3 0.999936
-2.1 0.999944
-1.9 0.999951
-1.7 0.999956
-1.5 0.999964
-1.3 0.999967
-1.1 0.999973
-0.9 0.999977
-0.7 0.999981
-0.5 0.999986
-0.3 0.999988
-0.1 0.999993
0.1 1
