300
0.001 0.0043284
0.002 0.00986689
0.003 0.0145676
0.004 0.0195942
0.005 0.0253654
0.006 0.0303919
0.007 0.0357442
0.008 0.0414223
0.009 0.04603
0.01 0.0513823
0.011 0.0558038
0.012 0.0611561
0.013 0.0667411
0.014 0.0720469
0.015 0.0780508
0.016 0.0841013
0.017 0.0895467
0.018 0.0951783
0.019 0.100717
0.02 0.10579
0.021 0.111003
0.022 0.117006
0.023 0.12301
0.024 0.128409
0.025 0.133296
0.026 0.138136
0.027 0.144699
0.028 0.150005
0.029 0.154845
0.03 0.160895
0.031 0.16662
0.032 0.172019
0.033 0.177325
0.034 0.182584
0.035 0.187843
0.036 0.193009
0.037 0.198036
0.038 0.203574
0.039 0.208229
0.04 0.213627
0.041 0.218235
0.042 0.223727
0.043 0.229079
0.044 0.234199
0.045 0.240203
0.046 0.245928
0.047 0.251652
0.048 0.256586
0.049 0.262357
0.05 0.267104
0.051 0.27241
0.052 0.277995
0.053 0.284139
0.054 0.289863
0.055 0.295541
0.056 0.300707
0.057 0.305734
0.058 0.311459
0.059 0.316857
0.06 0.322117
0.061 0.327609
0.062 0.333566
0.063 0.339058
0.064 0.344457
0.065 0.350088
0.066 0.356325
0.067 0.361631
0.068 0.367216
0.069 0.372894
0.07 0.378107
0.071 0.383831
0.072 0.390626
0.073 0.395513
0.074 0.401098
0.075 0.406078
0.076 0.41185
0.077 0.417342
0.078 0.423439
0.079 0.428279
0.08 0.434236
0.081 0.440101
0.082 0.445872
0.083 0.451503
0.084 0.456902
0.085 0.462254
0.086 0.467746
0.087 0.473052
0.088 0.478125
0.089 0.483198
0.09 0.489249
0.091 0.494927
0.092 0.500791
0.093 0.506144
0.094 0.51117
0.095 0.517034
0.096 0.521642
0.097 0.527227
0.098 0.532393
0.099 0.537187
0.1 0.542586
0.101 0.548031
0.102 0.553244
0.103 0.559108
0.104 0.563623
0.105 0.569115
0.106 0.574886
0.107 0.57968
0.108 0.585125
0.109 0.590105
0.11 0.595411
0.111 0.601089
0.112 0.606255
0.113 0.611096
0.114 0.61561
0.115 0.621102
0.116 0.627106
0.117 0.632738
0.118 0.638695
0.119 0.642651
0.12 0.64791
0.121 0.653309
0.122 0.659546
0.123 0.664898
0.124 0.670157
0.125 0.676534
0.126 0.682072
0.127 0.687378
0.128 0.692079
0.129 0.697571
0.13 0.702411
0.131 0.70767
0.132 0.712557
0.133 0.718002
0.134 0.723355
0.135 0.728614
0.136 0.733734
0.137 0.739272
0.138 0.74374
0.139 0.748813
0.14 0.75356
0.141 0.75761
0.142 0.763055
0.143 0.76729
0.144 0.772038
0.145 0.776319
0.146 0.780834
0.147 0.785907
0.148 0.790515
0.149 0.794098
0.15 0.798613
0.151 0.801964
0.152 0.806944
0.153 0.810574
0.154 0.814623
0.155 0.819092
0.156 0.823699
0.157 0.827841
0.158 0.831751
0.159 0.834916
0.16 0.839896
0.161 0.843433
0.162 0.847808
0.163 0.851345
0.164 0.855162
0.165 0.859769
0.166 0.863818
0.167 0.867309
0.168 0.871079
0.169 0.875686
0.17 0.879456
0.171 0.883506
0.172 0.886763
0.173 0.890487
0.174 0.893977
0.175 0.898027
0.176 0.901471
0.177 0.904636
0.178 0.907242
0.179 0.909988
0.18 0.912687
0.181 0.914921
0.182 0.918877
0.183 0.921623
0.184 0.924602
0.185 0.927162
0.186 0.930047
0.187 0.932654
0.188 0.935121
0.189 0.937448
0.19 0.939495
0.191 0.941776
0.192 0.94387
0.193 0.946384
0.194 0.948013
0.195 0.9502
0.196 0.952713
0.197 0.954715
0.198 0.956669
0.199 0.958252
0.2 0.96016
0.201 0.962022
0.202 0.964349
0.203 0.965978
0.204 0.967793
0.205 0.969701
0.206 0.971191
0.207 0.972866
0.208 0.97389
0.209 0.975007
0.21 0.976077
0.211 0.976869
0.212 0.977986
0.213 0.979196
0.214 0.980127
0.215 0.981104
0.216 0.981942
0.217 0.982873
0.218 0.983478
0.219 0.984176
0.22 0.98492
0.221 0.985665
0.222 0.985991
0.223 0.986596
0.224 0.987108
0.225 0.987387
0.226 0.987899
0.227 0.988365
0.228 0.988876
0.229 0.989621
0.23 0.99004
0.231 0.990412
0.232 0.990692
0.233 0.991017
0.234 0.991436
0.235 0.991576
0.236 0.991902
0.237 0.992041
0.238 0.992227
0.239 0.992367
0.24 0.992646
0.241 0.992786
0.242 0.992833
0.243 0.992926
0.244 0.993158
0.245 0.993251
0.246 0.993391
0.247 0.993438
0.248 0.993577
0.249 0.993717
0.25 0.993763
0.251 0.99395
0.252 0.993996
0.253 0.994043
0.254 0.994089
0.255 0.994368
0.256 0.994508
0.257 0.994508
0.258 0.994741
0.259 0.994834
0.26 0.994973
0.261 0.99502
0.262 0.99502
0.263 0.995067
0.264 0.995113
0.265 0.995206
0.266 0.995253
0.267 0.995299
0.268 0.995392
0.269 0.995532
0.27 0.995625
0.271 0.995672
0.272 0.995672
0.273 0.995718
0.274 0.995765
0.275 0.995811
0.276 0.995858
0.277 0.995858
0.278 0.995858
0.279 0.995904
0.28 0.995904
0.281 0.995997
0.282 0.995997
0.283 0.996044
0.284 0.996044
0.285 0.996137
0.286 0.99623
0.287 0.996277
0.288 0.99637
0.289 0.99637
0.29 0.99637
0.291 0.99637
0.292 0.99637
0.293 0.99637
0.294 0.99637
0.295 0.99637
0.296 0.99637
0.297 0.996416
0.298 0.996463
0.299 0.996463
0.3 0.996463
