700
0.001 0.00390508
0.002 0.00791028
0.003 0.0120156
0.004 0.0155202
0.005 0.0196756
0.006 0.0239812
0.007 0.0285872
0.008 0.0318915
0.009 0.0360969
0.01 0.0397517
0.011 0.0432062
0.012 0.0470612
0.013 0.0512166
0.014 0.0547211
0.015 0.0581256
0.016 0.0620807
0.017 0.0659858
0.018 0.0697907
0.019 0.0735957
0.02 0.0772504
0.021 0.0814058
0.022 0.0857114
0.023 0.0904175
0.024 0.0942225
0.025 0.0973265
0.026 0.101332
0.027 0.105537
0.028 0.108992
0.029 0.113247
0.03 0.117903
0.031 0.121758
0.032 0.126414
0.033 0.13097
0.034 0.135126
0.035 0.139131
0.036 0.142786
0.037 0.146891
0.038 0.151847
0.039 0.156203
0.04 0.160258
0.041 0.164564
0.042 0.16902
0.043 0.173325
0.044 0.177831
0.045 0.181987
0.046 0.185892
0.047 0.190398
0.048 0.194803
0.049 0.198909
0.05 0.201912
0.051 0.205918
0.052 0.210724
0.053 0.214629
0.054 0.219085
0.055 0.22334
0.056 0.227696
0.057 0.232903
0.058 0.237058
0.059 0.241364
0.06 0.245669
0.061 0.250676
0.062 0.254631
0.063 0.259137
0.064 0.262842
0.065 0.266697
0.066 0.270151
0.067 0.274607
0.068 0.278262
0.069 0.281416
0.07 0.285021
0.071 0.289426
0.072 0.293231
0.073 0.296786
0.074 0.300741
0.075 0.305347
0.076 0.309552
0.077 0.313958
0.078 0.318364
0.079 0.321718
0.08 0.325874
0.081 0.33053
0.082 0.334335
0.083 0.33844
0.084 0.342145
0.085 0.3465
0.086 0.350155
0.087 0.354861
0.088 0.359317
0.089 0.363272
0.09 0.367678
0.091 0.371883
0.092 0.375889
0.093 0.380545
0.094 0.3849
0.095 0.388956
0.096 0.393211
0.097 0.397567
0.098 0.402573
0.099 0.406478
0.1 0.410434
0.101 0.414539
0.102 0.419045
0.103 0.424051
0.104 0.427956
0.105 0.432112
0.106 0.436417
0.107 0.441524
0.108 0.44653
0.109 0.451537
0.11 0.455843
0.111 0.459547
0.112 0.463503
0.113 0.467558
0.114 0.471663
0.115 0.476069
0.116 0.479974
0.117 0.48493
0.118 0.488585
0.119 0.49259
0.12 0.497497
0.121 0.501652
0.122 0.504906
0.123 0.509012
0.124 0.513017
0.125 0.516321
0.126 0.520727
0.127 0.524832
0.128 0.529839
0.129 0.533694
0.13 0.537949
0.131 0.541654
0.132 0.545459
0.133 0.549414
0.134 0.55362
0.135 0.557775
0.136 0.562431
0.137 0.565886
0.138 0.570542
0.139 0.574247
0.14 0.578502
0.141 0.582958
0.142 0.587063
0.143 0.591169
0.144 0.595024
0.145 0.60013
0.146 0.604686
0.147 0.609092
0.148 0.614299
0.149 0.618053
0.15 0.622659
0.151 0.626915
0.152 0.631871
0.153 0.637078
0.154 0.640883
0.155 0.645389
0.156 0.649294
0.157 0.653249
0.158 0.658055
0.159 0.662311
0.16 0.665966
0.161 0.671022
0.162 0.674877
0.163 0.679784
0.164 0.68429
0.165 0.689546
0.166 0.694703
0.167 0.699309
0.168 0.703515
0.169 0.70782
0.17 0.711976
0.171 0.716331
0.172 0.720487
0.173 0.725043
0.174 0.73055
0.175 0.734805
0.176 0.739361
0.177 0.743266
0.178 0.748123
0.179 0.751677
0.18 0.756884
0.181 0.760539
0.182 0.764644
0.183 0.7696
0.184 0.773105
0.185 0.778011
0.186 0.782167
0.187 0.786673
0.188 0.790327
0.189 0.793532
0.19 0.797487
0.191 0.801792
0.192 0.805597
0.193 0.809753
0.194 0.813908
0.195 0.817413
0.196 0.821768
0.197 0.825523
0.198 0.828777
0.199 0.833133
0.2 0.836437
0.201 0.839541
0.202 0.842295
0.203 0.8463
0.204 0.849554
0.205 0.852208
0.206 0.855963
0.207 0.858766
0.208 0.86127
0.209 0.864173
0.21 0.866927
0.211 0.86903
0.212 0.871883
0.213 0.874687
0.214 0.87709
0.215 0.879493
0.216 0.881596
0.217 0.883849
0.218 0.885952
0.219 0.887804
0.22 0.889556
0.221 0.891409
0.222 0.893562
0.223 0.895614
0.224 0.897967
0.225 0.90017
0.226 0.902173
0.227 0.904075
0.228 0.905828
0.229 0.90748
0.23 0.908982
0.231 0.911685
0.232 0.913588
0.233 0.914989
0.234 0.916942
0.235 0.919045
0.236 0.921097
0.237 0.9229
0.238 0.924352
0.239 0.926304
0.24 0.928457
0.241 0.93066
0.242 0.932212
0.243 0.934114
0.244 0.936067
0.245 0.938019
0.246 0.939922
0.247 0.941224
0.248 0.943226
0.249 0.944478
0.25 0.94638
0.251 0.947732
0.252 0.949334
0.253 0.951237
0.254 0.953389
0.255 0.955492
0.256 0.956644
0.257 0.957695
0.258 0.959297
0.259 0.960699
0.26 0.962001
0.261 0.963753
0.262 0.964604
0.263 0.966256
0.264 0.967558
0.265 0.968509
0.266 0.969661
0.267 0.971062
0.268 0.972314
0.269 0.973866
0.27 0.975468
0.271 0.97697
0.272 0.978622
0.273 0.979473
0.274 0.980625
0.275 0.981927
0.276 0.983028
0.277 0.984029
0.278 0.98498
0.279 0.986032
0.28 0.986833
0.281 0.987434
0.282 0.988335
0.283 0.989536
0.284 0.990237
0.285 0.990888
0.286 0.991489
0.287 0.99204
0.288 0.992791
0.289 0.993091
0.29 0.993642
0.291 0.994142
0.292 0.994593
0.293 0.994893
0.294 0.995144
0.295 0.995494
0.296 0.995744
0.297 0.996195
0.298 0.996395
0.299 0.996546
0.3 0.996796
0.301 0.997046
0.302 0.997246
0.303 0.997296
0.304 0.997547
0.305 0.997647
0.306 0.997697
0.307 0.997797
0.308 0.997847
0.309 0.997997
0.31 0.998098
0.311 0.998098
0.312 0.998198
0.313 0.998198
0.314 0.998348
0.315 0.998448
0.316 0.998548
0.317 0.998598
0.318 0.998748
0.319 0.998798
0.32 0.998899
0.321 0.998899
0.322 0.998999
0.323 0.998999
0.324 0.998999
0.325 0.999049
0.326 0.999049
0.327 0.999149
0.328 0.999149
0.329 0.999199
0.33 0.999199
0.331 0.999249
0.332 0.999249
0.333 0.999299
0.334 0.999349
0.335 0.999349
0.336 0.999449
0.337 0.999449
0.338 0.999449
0.339 0.999449
0.34 0.999499
0.341 0.999499
0.342 0.999499
0.343 0.999499
0.344 0.999499
0.345 0.999499
0.346 0.999549
0.347 0.999549
0.348 0.999549
0.349 0.999549
0.35 0.999549
0.351 0.999549
0.352 0.999549
0.353 0.999549
0.354 0.999549
0.355 0.999599
0.356 0.99965
0.357 0.99965
0.358 0.99965
0.359 0.99965
0.36 0.99975
0.361 0.99975
0.362 0.99975
0.363 0.99975
0.364 0.99975
0.365 0.99975
0.366 0.9998
0.367 0.9998
0.368 0.9998
0.369 0.9998
0.37 0.9998
0.371 0.9998
0.372 0.9998
0.373 0.9998
0.374 0.9998
0.375 0.9998
0.376 0.9998
0.377 0.99985
0.378 0.99985
0.379 0.99985
0.38 0.99985
0.381 0.99985
0.382 0.99985
0.383 0.99985
0.384 0.99985
0.385 0.99985
0.386 0.99985
0.387 0.99985
0.388 0.99985
0.389 0.99985
0.39 0.99985
0.391 0.99985
0.392 0.99985
0.393 0.99985
0.394 0.99985
0.395 0.99985
0.396 0.99985
0.397 0.99985
0.398 0.99985
0.399 0.99985
0.4 0.99985
0.401 0.99985
0.402 0.99985
0.403 0.99985
0.404 0.99985
0.405 0.99985
0.406 0.99985
0.407 0.99985
0.408 0.99985
0.409 0.99985
0.41 0.99985
0.411 0.99985
0.412 0.99985
0.413 0.99985
0.414 0.99985
0.415 0.99985
0.416 0.99985
0.417 0.9999
0.418 0.9999
0.419 0.9999
0.42 0.9999
0.421 0.9999
0.422 0.9999
0.423 0.9999
0.424 0.9999
0.425 0.9999
0.426 0.9999
0.427 0.9999
0.428 0.9999
0.429 0.9999
0.43 0.9999
0.431 0.9999
0.432 0.99995
0.433 0.99995
0.434 0.99995
0.435 0.99995
0.436 0.99995
0.437 0.99995
0.438 0.99995
0.439 0.99995
0.44 0.99995
0.441 0.99995
0.442 0.99995
0.443 0.99995
0.444 0.99995
0.445 0.99995
0.446 0.99995
0.447 0.99995
0.448 0.99995
0.449 0.99995
0.45 0.99995
0.451 0.99995
0.452 0.99995
0.453 0.99995
0.454 0.99995
0.455 0.99995
0.456 0.99995
0.457 0.99995
0.458 0.99995
0.459 1
0.46 1
0.461 1
0.462 1
0.463 1
0.464 1
0.465 1
0.466 1
0.467 1
0.468 1
0.469 1
0.47 1
0.471 1
0.472 1
0.473 1
0.474 1
0.475 1
0.476 1
0.477 1
0.478 1
0.479 1
0.48 1
0.481 1
0.482 1
0.483 1
0.484 1
0.485 1
0.486 1
0.487 1
0.488 1
0.489 1
0.49 1
0.491 1
0.492 1
0.493 1
0.494 1
0.495 1
0.496 1
0.497 1
0.498 1
0.499 1
0.5 1
0.501 1
0.502 1
0.503 1
0.504 1
0.505 1
0.506 1
0.507 1
0.508 1
0.509 1
0.51 1
0.511 1
0.512 1
0.513 1
0.514 1
0.515 1
0.516 1
0.517 1
0.518 1
0.519 1
0.52 1
0.521 1
0.522 1
0.523 1
0.524 1
0.525 1
0.526 1
0.527 1
0.528 1
0.529 1
0.53 1
0.531 1
0.532 1
0.533 1
0.534 1
0.535 1
0.536 1
0.537 1
0.538 1
0.539 1
0.54 1
0.541 1
0.542 1
0.543 1
0.544 1
0.545 1
0.546 1
0.547 1
0.548 1
0.549 1
0.55 1
0.551 1
0.552 1
0.553 1
0.554 1
0.555 1
0.556 1
0.557 1
0.558 1
0.559 1
0.56 1
0.561 1
0.562 1
0.563 1
0.564 1
0.565 1
0.566 1
0.567 1
0.568 1
0.569 1
0.57 1
0.571 1
0.572 1
0.573 1
0.574 1
0.575 1
0.576 1
0.577 1
0.578 1
0.579 1
0.58 1
0.581 1
0.582 1
0.583 1
0.584 1
0.585 1
0.586 1
0.587 1
0.588 1
0.589 1
0.59 1
0.591 1
0.592 1
0.593 1
0.594 1
0.595 1
0.596 1
0.597 1
0.598 1
0.599 1
0.6 1
0.601 1
0.602 1
0.603 1
0.604 1
0.605 1
0.606 1
0.607 1
0.608 1
0.609 1
0.61 1
0.611 1
0.612 1
0.613 1
0.614 1
0.615 1
0.616 1
0.617 1
0.618 1
0.619 1
0.62 1
0.621 1
0.622 1
0.623 1
0.624 1
0.625 1
0.626 1
0.627 1
0.628 1
0.629 1
0.63 1
0.631 1
0.632 1
0.633 1
0.634 1
0.635 1
0.636 1
0.637 1
0.638 1
0.639 1
0.64 1
0.641 1
0.642 1
0.643 1
0.644 1
0.645 1
0.646 1
0.647 1
0.648 1
0.649 1
0.65 1
0.651 1
0.652 1
0.653 1
0.654 1
0.655 1
0.656 1
0.657 1
0.658 1
0.659 1
0.66 1
0.661 1
0.662 1
0.663 1
0.664 1
0.665 1
0.666 1
0.667 1
0.668 1
0.669 1
0.67 1
0.671 1
0.672 1
0.673 1
0.674 1
0.675 1
0.676 1
0.677 1
0.678 1
0.679 1
0.68 1
0.681 1
0.682 1
0.683 1
0.684 1
0.685 1
0.686 1
0.687 1
0.688 1
0.689 1
0.69 1
0.691 1
0.692 1
0.693 1
0.694 1
0.695 1
0.696 1
0.697 1
0.698 1
0.699 1
0.7 1
