400
0.001 0.00689218
0.002 0.0142146
0.003 0.0210842
0.004 0.0282557
0.005 0.0354347
0.006 0.0422967
0.007 0.0496795
0.008 0.0568359
0.009 0.0635167
0.01 0.0706127
0.011 0.0779881
0.012 0.0849255
0.013 0.0921197
0.014 0.0990571
0.015 0.106357
0.016 0.113189
0.017 0.120247
0.018 0.127215
0.019 0.134545
0.02 0.141663
0.021 0.148654
0.022 0.155908
0.023 0.163178
0.024 0.170417
0.025 0.177694
0.026 0.185085
0.027 0.192528
0.028 0.199639
0.029 0.207082
0.03 0.214171
0.031 0.221403
0.032 0.228725
0.033 0.236146
0.034 0.243536
0.035 0.25107
0.036 0.258491
0.037 0.266108
0.038 0.273566
0.039 0.280986
0.04 0.288211
0.041 0.295631
0.042 0.303286
0.043 0.310797
0.044 0.317697
0.045 0.325027
0.046 0.332176
0.047 0.339544
0.048 0.347281
0.049 0.354679
0.05 0.362002
0.051 0.369566
0.052 0.377069
0.053 0.384845
0.054 0.392084
0.055 0.399618
0.056 0.406933
0.057 0.414565
0.058 0.421752
0.059 0.428923
0.06 0.436351
0.061 0.44307
0.062 0.450505
0.063 0.457662
0.064 0.465332
0.065 0.472986
0.066 0.480037
0.067 0.487178
0.068 0.494236
0.069 0.501423
0.07 0.508557
0.071 0.515758
0.072 0.523149
0.073 0.530652
0.074 0.537786
0.075 0.544988
0.076 0.552741
0.077 0.559852
0.078 0.567378
0.079 0.574444
0.08 0.58188
0.081 0.589028
0.082 0.59623
0.083 0.603266
0.084 0.610498
0.085 0.617805
0.086 0.625195
0.087 0.632405
0.088 0.639652
0.089 0.647155
0.09 0.65484
0.091 0.662019
0.092 0.669311
0.093 0.676498
0.094 0.683745
0.095 0.691015
0.096 0.697793
0.097 0.704784
0.098 0.712242
0.099 0.719104
0.1 0.726253
0.101 0.733221
0.102 0.739924
0.103 0.746967
0.104 0.753927
0.105 0.760525
0.106 0.767289
0.107 0.773977
0.108 0.780522
0.109 0.787271
0.11 0.793499
0.111 0.799742
0.112 0.806309
0.113 0.812311
0.114 0.818108
0.115 0.823612
0.116 0.830028
0.117 0.836505
0.118 0.84225
0.119 0.847844
0.12 0.853437
0.121 0.858699
0.122 0.863976
0.123 0.869366
0.124 0.874484
0.125 0.879836
0.126 0.884781
0.127 0.889755
0.128 0.894338
0.129 0.898791
0.13 0.903094
0.131 0.907208
0.132 0.911043
0.133 0.915165
0.134 0.918947
0.135 0.922759
0.136 0.926488
0.137 0.929772
0.138 0.932852
0.139 0.935789
0.14 0.938778
0.141 0.941722
0.142 0.944568
0.143 0.94712
0.144 0.949664
0.145 0.9518
0.146 0.954223
0.147 0.956246
0.148 0.958239
0.149 0.960277
0.15 0.962082
0.151 0.963795
0.152 0.96526
0.153 0.966785
0.154 0.968294
0.155 0.969653
0.156 0.970974
0.157 0.972303
0.158 0.97342
0.159 0.974643
0.16 0.975541
0.161 0.976644
0.162 0.977595
0.163 0.97847
0.164 0.979293
0.165 0.980018
0.166 0.980833
0.167 0.981528
0.168 0.9822
0.169 0.982909
0.17 0.983574
0.171 0.984147
0.172 0.984774
0.173 0.9854
0.174 0.985989
0.175 0.986465
0.176 0.986986
0.177 0.987552
0.178 0.988027
0.179 0.98848
0.18 0.988926
0.181 0.989348
0.182 0.989711
0.183 0.990088
0.184 0.990368
0.185 0.9907
0.186 0.991085
0.187 0.991485
0.188 0.991757
0.189 0.992043
0.19 0.992383
0.191 0.992655
0.192 0.992979
0.193 0.993251
0.194 0.993568
0.195 0.99381
0.196 0.994036
0.197 0.994285
0.198 0.994519
0.199 0.99467
0.2 0.994904
0.201 0.995101
0.202 0.995373
0.203 0.995569
0.204 0.995773
0.205 0.995939
0.206 0.996075
0.207 0.996278
0.208 0.996384
0.209 0.996475
0.21 0.996641
0.211 0.996716
0.212 0.99686
0.213 0.99698
0.214 0.997101
0.215 0.997199
0.216 0.99732
0.217 0.997441
0.218 0.997554
0.219 0.99763
0.22 0.997713
0.221 0.997781
0.222 0.997871
0.223 0.997962
0.224 0.998037
0.225 0.998105
0.226 0.998173
0.227 0.998234
0.228 0.998271
0.229 0.998301
0.23 0.998332
0.231 0.99843
0.232 0.998475
0.233 0.998551
0.234 0.998611
0.235 0.998686
0.236 0.998732
0.237 0.998762
0.238 0.99883
0.239 0.998853
0.24 0.998883
0.241 0.998943
0.242 0.998981
0.243 0.999011
0.244 0.999049
0.245 0.999079
0.246 0.999117
0.247 0.999139
0.248 0.999155
0.249 0.9992
0.25 0.999207
0.251 0.99926
0.252 0.999268
0.253 0.999283
0.254 0.999313
0.255 0.999351
0.256 0.999366
0.257 0.999404
0.258 0.999426
0.259 0.999434
0.26 0.999441
0.261 0.999441
0.262 0.999456
0.263 0.999464
0.264 0.999502
0.265 0.999547
0.266 0.999577
0.267 0.999577
0.268 0.999592
0.269 0.9996
0.27 0.99963
0.271 0.99963
0.272 0.99963
0.273 0.999645
0.274 0.999653
0.275 0.999653
0.276 0.99966
0.277 0.99966
0.278 0.999668
0.279 0.999668
0.28 0.99969
0.281 0.99969
0.282 0.999706
0.283 0.999706
0.284 0.999706
0.285 0.999713
0.286 0.999728
0.287 0.999736
0.288 0.999743
0.289 0.999774
0.29 0.999789
0.291 0.999804
0.292 0.999811
0.293 0.999819
0.294 0.999841
0.295 0.999849
0.296 0.999857
0.297 0.999857
0.298 0.999864
0.299 0.999864
0.3 0.999864
0.301 0.999872
0.302 0.999879
0.303 0.999894
0.304 0.999894
0.305 0.999902
0.306 0.999902
0.307 0.999909
0.308 0.999909
0.309 0.999909
0.31 0.999909
0.311 0.999925
0.312 0.999925
0.313 0.999925
0.314 0.999925
0.315 0.999925
0.316 0.999925
0.317 0.999932
0.318 0.999947
0.319 0.999947
0.32 0.999947
0.321 0.999947
0.322 0.999947
0.323 0.999947
0.324 0.999947
0.325 0.999947
0.326 0.999947
0.327 0.999947
0.328 0.999947
0.329 0.999947
0.33 0.999947
0.331 0.999947
0.332 0.999947
0.333 0.999947
0.334 0.999947
0.335 0.999947
0.336 0.999947
0.337 0.999947
0.338 0.999955
0.339 0.999955
0.34 0.999955
0.341 0.999955
0.342 0.999955
0.343 0.999955
0.344 0.999955
0.345 0.999962
0.346 0.999962
0.347 0.999962
0.348 0.999962
0.349 0.999962
0.35 0.999962
0.351 0.99997
0.352 0.99997
0.353 0.99997
0.354 0.99997
0.355 0.999977
0.356 0.999977
0.357 0.999977
0.358 0.999977
0.359 0.999977
0.36 0.999977
0.361 0.999977
0.362 0.999977
0.363 0.999977
0.364 0.999977
0.365 0.999985
0.366 0.999985
0.367 0.999985
0.368 0.999985
0.369 0.999985
0.37 0.999992
0.371 0.999992
0.372 1
0.373 1
0.374 1
0.375 1
0.376 1
0.377 1
0.378 1
0.379 1
0.38 1
0.381 1
0.382 1
0.383 1
0.384 1
0.385 1
0.386 1
0.387 1
0.388 1
0.389 1
0.39 1
0.391 1
0.392 1
0.393 1
0.394 1
0.395 1
0.396 1
0.397 1
0.398 1
0.399 1
0.4 1
