-849.9 0
-849.7 0
-849.5 0
-849.3 0
-849.1 0
-848.9 0
-848.7 0
-848.5 0
-848.3 0
-848.1 0
-847.9 0
-847.7 0
-847.5 0
-847.3 0
-847.1 0
-846.9 0
-846.7 0
-846.5 0
-846.3 0
-846.1 0
-845.9 0
-845.7 0
-845.5 0
-845.3 0
-845.1 0
-844.9 0
-844.7 0
-844.5 0
-844.3 0
-844.1 0
-843.9 0
-843.7 0
-843.5 0
-843.3 0
-843.1 0
-842.9 0
-842.7 0
-842.5 0
-842.3 0
-842.1 0
-841.9 0
-841.7 0
-841.5 0
-841.3 0
-841.1 0
-840.9 0
-840.7 0
-840.5 0
-840.3 0
-840.1 0
-839.9 0
-839.7 0
-839.5 0
-839.3 0
-839.1 0
-838.9 0
-838.7 0
-838.5 0
-838.3 0
-838.1 0
-837.9 0
-837.7 0
-837.5 0
-837.3 0
-837.1 0
-836.9 0
-836.7 0
-836.5 0
-836.3 0
-836.1 0
-835.9 0
-835.7 0
-835.5 0
-835.3 0
-835.1 0
-834.9 0
-834.7 0
-834.5 0
-834.3 0
-834.1 0
-833.9 0
-833.7 0
-833.5 0
-833.3 0
-833.1 0
-832.9 0
-832.7 0
-832.5 0
-832.3 0
-832.1 0
-831.9 0
-831.7 0
-831.5 0
-831.3 0
-831.1 0
-830.9 0
-830.7 0
-830.5 0
-830.3 0
-830.1 0
-829.9 0
-829.7 0
-829.5 0
-829.3 0
-829.1 0
-828.9 0
-828.7 0
-828.5 0
-828.3 0
-828.1 0
-827.9 0
-827.7 0
-827.5 0
-827.3 0
-827.1 0
-826.9 0
-826.7 0
-826.5 0
-826.3 0
-826.1 0
-825.9 0
-825.7 0
-825.5 0
-825.3 0
-825.1 0
-824.9 0
-824.7 0
-824.5 0
-824.3 0
-824.1 0
-823.9 0
-823.7 0
-823.5 0
-823.3 0
-823.1 0
-822.9 0
-822.7 0
-822.5 0
-822.3 0
-822.1 0
-821.9 0
-821.7 0
-821.5 0
-821.3 0
-821.1 0
-820.9 0
-820.7 0
-820.5 0
-820.3 0
-820.1 0
-819.9 0
-819.7 0
-819.5 1
-819.3 0
-819.1 0
-818.9 0
-818.7 4
-818.5 2
-818.3 0
-818.1 4
-817.9 4
-817.7 10
-817.5 9
-817.3 12
-817.1 21
-816.9 42
-816.7 53
-816.5 96
-816.3 98
-816.1 141
-815.9 168
-815.7 179
-815.5 216
-815.3 250
-815.1 266
-814.9 254
-814.7 287
-814.5 278
-814.3 238
-814.1 248
-813.9 189
-813.7 192
-813.5 206
-813.3 175
-813.1 188
-812.9 179
-812.7 145
-812.5 157
-812.3 159
-812.1 151
-811.9 137
-811.7 120
-811.5 155
-811.3 123
-811.1 136
-810.9 139
-810.7 138
-810.5 124
-810.3 121
-810.1 130
-809.9 136
-809.7 126
-809.5 125
-809.3 113
-809.1 121
-808.9 116
-808.7 117
-808.5 104
-808.3 136
-808.1 97
-807.9 112
-807.7 128
-807.5 139
-807.3 107
-807.1 107
-806.9 88
-806.7 109
-806.5 116
-806.3 101
-806.1 135
-805.9 113
-805.7 118
-805.5 120
-805.3 114
-805.1 113
-804.9 96
-804.7 116
-804.5 114
-804.3 102
-804.1 107
-803.9 95
-803.7 107
-803.5 88
-803.3 110
-803.1 111
-802.9 114
-802.7 131
-802.5 91
-802.3 93
-802.1 102
-801.9 108
-801.7 110
-801.5 98
-801.3 98
-801.1 82
-800.9 94
-800.7 98
-800.5 101
-800.3 83
-800.1 109
-799.9 95
-799.7 98
-799.5 97
-799.3 72
-799.1 80
-798.9 88
-798.7 87
-798.5 90
-798.3 78
-798.1 51
-797.9 60
-797.7 59
-797.5 65
-797.3 67
-797.1 61
-796.9 61
-796.7 51
-796.5 52
-796.3 53
-796.1 45
-795.9 40
-795.7 46
-795.5 36
-795.3 32
-795.1 36
-794.9 26
-794.7 32
-794.5 26
-794.3 26
-794.1 20
-793.9 23
-793.7 13
-793.5 11
-793.3 11
-793.1 5
-792.9 9
-792.7 12
-792.5 13
-792.3 6
-792.1 7
-791.9 4
-791.7 10
-791.5 5
-791.3 7
-791.1 10
-790.9 9
-790.7 3
-790.5 2
-790.3 2
-790.1 2
-789.9 2
-789.7 1
-789.5 0
-789.3 1
-789.1 1
-788.9 0
-788.7 1
-788.5 0
-788.3 0
-788.1 1
-787.9 1
-787.7 0
-787.5 1
-787.3 2
-787.1 0
-786.9 0
-786.7 0
-786.5 0
-786.3 0
-786.1 0
-785.9 0
-785.7 0
-785.5 0
-785.3 0
-785.1 0
-784.9 0
-784.7 0
-784.5 0
-784.3 0
-784.1 0
-783.9 0
-783.7 0
-783.5 0
-783.3 0
-783.1 0
-782.9 0
-782.7 0
-782.5 0
-782.3 0
-782.1 0
-781.9 0
-781.7 0
-781.5 0
-781.3 0
-781.1 0
-780.9 0
-780.7 0
-780.5 0
-780.3 0
-780.1 0
-779.9 0
-779.7 0
-779.5 0
-779.3 0
-779.1 0
-778.9 0
-778.7 0
-778.5 0
-778.3 0
-778.1 0
-777.9 0
-777.7 0
-777.5 0
-777.3 0
-777.1 0
-776.9 0
-776.7 0
-776.5 0
-776.3 0
-776.1 0
-775.9 0
-775.7 0
-775.5 0
-775.3 0
-775.1 0
-774.9 0
-774.7 0
-774.5 0
-774.3 0
-774.1 0
-773.9 0
-773.7 0
-773.5 0
-773.3 0
-773.1 0
-772.9 0
-772.7 0
-772.5 0
-772.3 0
-772.1 0
-771.9 0
-771.7 0
-771.5 0
-771.3 0
-771.1 0
-770.9 0
-770.7 0
-770.5 0
-770.3 0
-770.1 0
-769.9 0
-769.7 0
-769.5 0
-769.3 0
-769.1 0
-768.9 0
-768.7 0
-768.5 0
-768.3 0
-768.1 0
-767.9 0
-767.7 0
-767.5 0
-767.3 0
-767.1 0
-766.9 0
-766.7 0
-766.5 0
-766.3 0
-766.1 0
-765.9 0
-765.7 0
-765.5 0
-765.3 0
-765.1 0
-764.9 0
-764.7 0
-764.5 0
-764.3 0
-764.1 0
-763.9 0
-763.7 0
-763.5 0
-763.3 0
-763.1 0
-762.9 0
-762.7 0
-762.5 0
-762.3 0
-762.1 0
-761.9 0
-761.7 0
-761.5 0
-761.3 0
-761.1 0
-760.9 0
-760.7 0
-760.5 0
-760.3 0
-760.1 0
-759.9 0
-759.7 0
-759.5 0
-759.3 0
-759.1 0
-758.9 0
-758.7 0
-758.5 0
-758.3 0
-758.1 0
-757.9 0
-757.7 0
-757.5 0
-757.3 0
-757.1 0
-756.9 0
-756.7 0
-756.5 0
-756.3 0
-756.1 0
-755.9 0
-755.7 0
-755.5 0
-755.3 0
-755.1 0
-754.9 0
-754.7 0
-754.5 0
-754.3 0
-754.1 0
-753.9 0
-753.7 0
-753.5 0
-753.3 0
-753.1 0
-752.9 0
-752.7 0
-752.5 0
-752.3 0
-752.1 0
-751.9 0
-751.7 0
-751.5 0
-751.3 0
-751.1 0
-750.9 0
-750.7 0
-750.5 0
-750.3 0
-750.1 0
