992
-1012.3 0.000334001
-1012.1 0.000334001
-1011.9 0.000334001
-1011.7 0.000334001
-1011.5 0.000334001
-1011.3 0.000334001
-1011.1 0.00133601
-1010.9 0.00133601
-1010.7 0.00233801
-1010.5 0.00334001
-1010.3 0.00434202
-1010.1 0.00634603
-1009.9 0.00835003
-1009.7 0.01169
-1009.5 0.0150301
-1009.3 0.0187041
-1009.1 0.0230461
-1008.9 0.0270541
-1008.7 0.0320641
-1008.5 0.0364061
-1008.3 0.0424182
-1008.1 0.0480962
-1007.9 0.0521042
-1007.7 0.0567802
-1007.5 0.0607882
-1007.3 0.0654643
-1007.1 0.0698063
-1006.9 0.0738143
-1006.7 0.0761523
-1006.5 0.0788243
-1006.3 0.0821643
-1006.1 0.0861723
-1005.9 0.0881764
-1005.7 0.0905144
-1005.5 0.0918504
-1005.3 0.0958584
-1005.1 0.0971944
-1004.9 0.100534
-1004.7 0.102872
-1004.5 0.105544
-1004.3 0.108216
-1004.1 0.109886
-1003.9 0.111556
-1003.7 0.11523
-1003.5 0.11857
-1003.3 0.121242
-1003.1 0.122912
-1002.9 0.125585
-1002.7 0.130595
-1002.5 0.131263
-1002.3 0.132265
-1002.1 0.134269
-1001.9 0.135939
-1001.7 0.138277
-1001.5 0.141283
-1001.3 0.143621
-1001.1 0.145625
-1000.9 0.148965
-1000.7 0.150969
-1000.5 0.152639
-1000.3 0.153975
-1000.1 0.156981
-999.9 0.161657
-999.7 0.163327
-999.5 0.165665
-999.3 0.169339
-999.1 0.171343
-998.9 0.173347
-998.7 0.176019
-998.5 0.179693
-998.3 0.181363
-998.1 0.182699
-997.9 0.185705
-997.7 0.187709
-997.5 0.190715
-997.3 0.194723
-997.1 0.197395
-996.9 0.201069
-996.7 0.202405
-996.5 0.204409
-996.3 0.207749
-996.1 0.211757
-995.9 0.217101
-995.7 0.217769
-995.5 0.220107
-995.3 0.222111
-995.1 0.224115
-994.9 0.225451
-994.7 0.230795
-994.5 0.234469
-994.3 0.236139
-994.1 0.238811
-993.9 0.242151
-993.7 0.244155
-993.5 0.247829
-993.3 0.251503
-993.1 0.253507
-992.9 0.256513
-992.7 0.259519
-992.5 0.260187
-992.3 0.265531
-992.1 0.267535
-991.9 0.271209
-991.7 0.275217
-991.5 0.278223
-991.3 0.280561
-991.1 0.283233
-990.9 0.286907
-990.7 0.291917
-990.5 0.296259
-990.3 0.298263
-990.1 0.299265
-989.9 0.302939
-989.7 0.304943
-989.5 0.305945
-989.3 0.307281
-989.1 0.308951
-988.9 0.311289
-988.7 0.314963
-988.5 0.316967
-988.3 0.319973
-988.1 0.322645
-987.9 0.324983
-987.7 0.326653
-987.5 0.328991
-987.3 0.333333
-987.1 0.335003
-986.9 0.336339
-986.7 0.339679
-986.5 0.342685
-986.3 0.345023
-986.1 0.349031
-985.9 0.351035
-985.7 0.354375
-985.5 0.357715
-985.3 0.361723
-985.1 0.364395
-984.9 0.366399
-984.7 0.368737
-984.5 0.371409
-984.3 0.372745
-984.1 0.375084
-983.9 0.377422
-983.7 0.379426
-983.5 0.381096
-983.3 0.3831
-983.1 0.385438
-982.9 0.389112
-982.7 0.390448
-982.5 0.392452
-982.3 0.395792
-982.1 0.398798
-981.9 0.401136
-981.7 0.403808
-981.5 0.407482
-981.3 0.40982
-981.1 0.410822
-980.9 0.414496
-980.7 0.416166
-980.5 0.419506
-980.3 0.42151
-980.1 0.425184
-979.9 0.427188
-979.7 0.430194
-979.5 0.433868
-979.3 0.436206
-979.1 0.438544
-978.9 0.441884
-978.7 0.443888
-978.5 0.445558
-978.3 0.448564
-978.1 0.450234
-977.9 0.451904
-977.7 0.454242
-977.5 0.458918
-977.3 0.46159
-977.1 0.463594
-976.9 0.466266
-976.7 0.468938
-976.5 0.472612
-976.3 0.474282
-976.1 0.477288
-975.9 0.478958
-975.7 0.48163
-975.5 0.483634
-975.3 0.485638
-975.1 0.488644
-974.9 0.489646
-974.7 0.492318
-974.5 0.494322
-974.3 0.496994
-974.1 0.498664
-973.9 0.500668
-973.7 0.501336
-973.5 0.503674
-973.3 0.505678
-973.1 0.508016
-972.9 0.510354
-972.7 0.512024
-972.5 0.514696
-972.3 0.518036
-972.1 0.522044
-971.9 0.52505
-971.7 0.526386
-971.5 0.52839
-971.3 0.529726
-971.1 0.532398
-970.9 0.533734
-970.7 0.53507
-970.5 0.537742
-970.3 0.53841
-970.1 0.54175
-969.9 0.542418
-969.7 0.544756
-969.5 0.547762
-969.3 0.550434
-969.1 0.554108
-968.9 0.555778
-968.7 0.558784
-968.5 0.560788
-968.3 0.562458
-968.1 0.564462
-967.9 0.566132
-967.7 0.568136
-967.5 0.569472
-967.3 0.570474
-967.1 0.57181
-966.9 0.574816
-966.7 0.57682
-966.5 0.579826
-966.3 0.581496
-966.1 0.583834
-965.9 0.585838
-965.7 0.588844
-965.5 0.590514
-965.3 0.592518
-965.1 0.593854
-964.9 0.596192
-964.7 0.59686
-964.5 0.598864
-964.3 0.600868
-964.1 0.602872
-963.9 0.605544
-963.7 0.607882
-963.5 0.610554
-963.3 0.613894
-963.1 0.614896
-962.9 0.6169
-962.7 0.618236
-962.5 0.619906
-962.3 0.622244
-962.1 0.62358
-961.9 0.626587
-961.7 0.628925
-961.5 0.630261
-961.3 0.632933
-961.1 0.633601
-960.9 0.635605
-960.7 0.636607
-960.5 0.638611
-960.3 0.640281
-960.1 0.641951
-959.9 0.644289
-959.7 0.645291
-959.5 0.646293
-959.3 0.648297
-959.1 0.648965
-958.9 0.650301
-958.7 0.651971
-958.5 0.655979
-958.3 0.656647
-958.1 0.659319
-957.9 0.660989
-957.7 0.662993
-957.5 0.665999
-957.3 0.667669
-957.1 0.669339
-956.9 0.671009
-956.7 0.673681
-956.5 0.675351
-956.3 0.677689
-956.1 0.679693
-955.9 0.681697
-955.7 0.683033
-955.5 0.685371
-955.3 0.687375
-955.1 0.689045
-954.9 0.690047
-954.7 0.692385
-954.5 0.693721
-954.3 0.695057
-954.1 0.697061
-953.9 0.698063
-953.7 0.699065
-953.5 0.701069
-953.3 0.703407
-953.1 0.706079
-952.9 0.709085
-952.7 0.710421
-952.5 0.711089
-952.3 0.711757
-952.1 0.713427
-951.9 0.715431
-951.7 0.717101
-951.5 0.719773
-951.3 0.721777
-951.1 0.723447
-950.9 0.726453
-950.7 0.728123
-950.5 0.731463
-950.3 0.732465
-950.1 0.734803
-949.9 0.736139
-949.7 0.738477
-949.5 0.739813
-949.3 0.741817
-949.1 0.744155
-948.9 0.745491
-948.7 0.747829
-948.5 0.748163
-948.3 0.748497
-948.1 0.752171
-947.9 0.753173
-947.7 0.756847
-947.5 0.759185
-947.3 0.760521
-947.1 0.761189
-946.9 0.761857
-946.7 0.763193
-946.5 0.764863
-946.3 0.766867
-946.1 0.769539
-945.9 0.769873
-945.7 0.772545
-945.5 0.773547
-945.3 0.774215
-945.1 0.775551
-944.9 0.776887
-944.7 0.777889
-944.5 0.779559
-944.3 0.780895
-944.1 0.782899
-943.9 0.783567
-943.7 0.785237
-943.5 0.786573
-943.3 0.787575
-943.1 0.788911
-942.9 0.790915
-942.7 0.791249
-942.5 0.793253
-942.3 0.795257
-942.1 0.796927
-941.9 0.797595
-941.7 0.799265
-941.5 0.800267
-941.3 0.802271
-941.1 0.803941
-940.9 0.805277
-940.7 0.806279
-940.5 0.807615
-940.3 0.808951
-940.1 0.810621
-939.9 0.811623
-939.7 0.812959
-939.5 0.813961
-939.3 0.815631
-939.1 0.816967
-938.9 0.817301
-938.7 0.819305
-938.5 0.821309
-938.3 0.822979
-938.1 0.823981
-937.9 0.826987
-937.7 0.828991
-937.5 0.829659
-937.3 0.832331
-937.1 0.833667
-936.9 0.834669
-936.7 0.835671
-936.5 0.838343
-936.3 0.839345
-936.1 0.841015
-935.9 0.843353
-935.7 0.845023
-935.5 0.846693
-935.3 0.848363
-935.1 0.850367
-934.9 0.852037
-934.7 0.853707
-934.5 0.854709
-934.3 0.857047
-934.1 0.857715
-933.9 0.859385
-933.7 0.860053
-933.5 0.861055
-933.3 0.862391
-933.1 0.864061
-932.9 0.866399
-932.7 0.867067
-932.5 0.867401
-932.3 0.868069
-932.1 0.871075
-931.9 0.873079
-931.7 0.874081
-931.5 0.874415
-931.3 0.876086
-931.1 0.877756
-930.9 0.878758
-930.7 0.88143
-930.5 0.8831
-930.3 0.884102
-930.1 0.885104
-929.9 0.887442
-929.7 0.888444
-929.5 0.891116
-929.3 0.892452
-929.1 0.894456
-928.9 0.895124
-928.7 0.896126
-928.5 0.897128
-928.3 0.898798
-928.1 0.900468
-927.9 0.902472
-927.7 0.903474
-927.5 0.905812
-927.3 0.907148
-927.1 0.908818
-926.9 0.911156
-926.7 0.912158
-926.5 0.912826
-926.3 0.914496
-926.1 0.915498
-925.9 0.916166
-925.7 0.9165
-925.5 0.918504
-925.3 0.919172
-925.1 0.920508
-924.9 0.92151
-924.7 0.922846
-924.5 0.923848
-924.3 0.925852
-924.1 0.926854
-923.9 0.927856
-923.7 0.928858
-923.5 0.92986
-923.3 0.930528
-923.1 0.932198
-922.9 0.934202
-922.7 0.936206
-922.5 0.937542
-922.3 0.937876
-922.1 0.938544
-921.9 0.939212
-921.7 0.939546
-921.5 0.940882
-921.3 0.942552
-921.1 0.944222
-920.9 0.945558
-920.7 0.946894
-920.5 0.948564
-920.3 0.950568
-920.1 0.950902
-919.9 0.952238
-919.7 0.95324
-919.5 0.954242
-919.3 0.954576
-919.1 0.955578
-918.9 0.956246
-918.7 0.956914
-918.5 0.95825
-918.3 0.958918
-918.1 0.960254
-917.9 0.961924
-917.7 0.962926
-917.5 0.96326
-917.3 0.963594
-917.1 0.964596
-916.9 0.966266
-916.7 0.966934
-916.5 0.967602
-916.3 0.96827
-916.1 0.968938
-915.9 0.96994
-915.7 0.970274
-915.5 0.970942
-915.3 0.972278
-915.1 0.972278
-914.9 0.972946
-914.7 0.973614
-914.5 0.974282
-914.3 0.975618
-914.1 0.976954
-913.9 0.977622
-913.7 0.97829
-913.5 0.978624
-913.3 0.979292
-913.1 0.980294
-912.9 0.98163
-912.7 0.982298
-912.5 0.982632
-912.3 0.9833
-912.1 0.983968
-911.9 0.98497
-911.7 0.985638
-911.5 0.985972
-911.3 0.985972
-911.1 0.98664
-910.9 0.987308
-910.7 0.987642
-910.5 0.987976
-910.3 0.987976
-910.1 0.98831
-909.9 0.988644
-909.7 0.988644
-909.5 0.989312
-909.3 0.989312
-909.1 0.989312
-908.9 0.989646
-908.7 0.98998
-908.5 0.990314
-908.3 0.990648
-908.1 0.991316
-907.9 0.991984
-907.7 0.991984
-907.5 0.991984
-907.3 0.991984
-907.1 0.991984
-906.9 0.992318
-906.7 0.992652
-906.5 0.992986
-906.3 0.99332
-906.1 0.99332
-905.9 0.993654
-905.7 0.993988
-905.5 0.993988
-905.3 0.993988
-905.1 0.993988
-904.9 0.993988
-904.7 0.994322
-904.5 0.994322
-904.3 0.994322
-904.1 0.994656
-903.9 0.994656
-903.7 0.994656
-903.5 0.99499
-903.3 0.99499
-903.1 0.99499
-902.9 0.995324
-902.7 0.995658
-902.5 0.995658
-902.3 0.995658
-902.1 0.995658
-901.9 0.995658
-901.7 0.995992
-901.5 0.995992
-901.3 0.995992
-901.1 0.995992
-900.9 0.995992
-900.7 0.995992
-900.5 0.995992
-900.3 0.995992
-900.1 0.995992
-899.9 0.995992
-899.7 0.995992
-899.5 0.995992
-899.3 0.995992
-899.1 0.995992
-898.9 0.995992
-898.7 0.995992
-898.5 0.996326
-898.3 0.996326
-898.1 0.996326
-897.9 0.996326
-897.7 0.996326
-897.5 0.996326
-897.3 0.996326
-897.1 0.99666
-896.9 0.99666
-896.7 0.99666
-896.5 0.99666
-896.3 0.99666
-896.1 0.99666
-895.9 0.99666
-895.7 0.99666
-895.5 0.99666
-895.3 0.99666
-895.1 0.99666
-894.9 0.99666
-894.7 0.99666
-894.5 0.99666
-894.3 0.996994
-894.1 0.996994
-893.9 0.996994
-893.7 0.996994
-893.5 0.996994
-893.3 0.996994
-893.1 0.996994
-892.9 0.996994
-892.7 0.996994
-892.5 0.997328
-892.3 0.997328
-892.1 0.997328
-891.9 0.997328
-891.7 0.997328
-891.5 0.997328
-891.3 0.997328
-891.1 0.997328
-890.9 0.997328
-890.7 0.997328
-890.5 0.997328
-890.3 0.997328
-890.1 0.997328
-889.9 0.997328
-889.7 0.997328
-889.5 0.997328
-889.3 0.997662
-889.1 0.997662
-888.9 0.997662
-888.7 0.997662
-888.5 0.997662
-888.3 0.997662
-888.1 0.997662
-887.9 0.997662
-887.7 0.997662
-887.5 0.997662
-887.3 0.997662
-887.1 0.997662
-886.9 0.997662
-886.7 0.997662
-886.5 0.997662
-886.3 0.997662
-886.1 0.997662
-885.9 0.997662
-885.7 0.997662
-885.5 0.997662
-885.3 0.997662
-885.1 0.997662
-884.9 0.997662
-884.7 0.997662
-884.5 0.997662
-884.3 0.997662
-884.1 0.997662
-883.9 0.997662
-883.7 0.997662
-883.5 0.997662
-883.3 0.997662
-883.1 0.997662
-882.9 0.997662
-882.7 0.997662
-882.5 0.997662
-882.3 0.997662
-882.1 0.997662
-881.9 0.997662
-881.7 0.997662
-881.5 0.997662
-881.3 0.997662
-881.1 0.997662
-880.9 0.997662
-880.7 0.997662
-880.5 0.997662
-880.3 0.997662
-880.1 0.997662
-879.9 0.997662
-879.7 0.997662
-879.5 0.997662
-879.3 0.997662
-879.1 0.997662
-878.9 0.997662
-878.7 0.997662
-878.5 0.997662
-878.3 0.997996
-878.1 0.997996
-877.9 0.997996
-877.7 0.997996
-877.5 0.997996
-877.3 0.99833
-877.1 0.99833
-876.9 0.99833
-876.7 0.99833
-876.5 0.99833
-876.3 0.99833
-876.1 0.99833
-875.9 0.99833
-875.7 0.99833
-875.5 0.99833
-875.3 0.99833
-875.1 0.99833
-874.9 0.99833
-874.7 0.99833
-874.5 0.99833
-874.3 0.99833
-874.1 0.99833
-873.9 0.99833
-873.7 0.99833
-873.5 0.99833
-873.3 0.99833
-873.1 0.99833
-872.9 0.99833
-872.7 0.99833
-872.5 0.99833
-872.3 0.99833
-872.1 0.99833
-871.9 0.99833
-871.7 0.99833
-871.5 0.99833
-871.3 0.99833
-871.1 0.99833
-870.9 0.99833
-870.7 0.99833
-870.5 0.99833
-870.3 0.99833
-870.1 0.99833
-869.9 0.99833
-869.7 0.99833
-869.5 0.99833
-869.3 0.99833
-869.1 0.99833
-868.9 0.99833
-868.7 0.99833
-868.5 0.99833
-868.3 0.99833
-868.1 0.99833
-867.9 0.99833
-867.7 0.99833
-867.5 0.99833
-867.3 0.99833
-867.1 0.99833
-866.9 0.99833
-866.7 0.99833
-866.5 0.99833
-866.3 0.99833
-866.1 0.99833
-865.9 0.99833
-865.7 0.99833
-865.5 0.99833
-865.3 0.99833
-865.1 0.99833
-864.9 0.99833
-864.7 0.99833
-864.5 0.998664
-864.3 0.998664
-864.1 0.998664
-863.9 0.998664
-863.7 0.998664
-863.5 0.998664
-863.3 0.998664
-863.1 0.998664
-862.9 0.998664
-862.7 0.998664
-862.5 0.998664
-862.3 0.998664
-862.1 0.998664
-861.9 0.998998
-861.7 0.998998
-861.5 0.998998
-861.3 0.999332
-861.1 0.999332
-860.9 0.999332
-860.7 0.999332
-860.5 0.999332
-860.3 0.999332
-860.1 0.999332
-859.9 0.999332
-859.7 0.999332
-859.5 0.999332
-859.3 0.999332
-859.1 0.999332
-858.9 0.999332
-858.7 0.999332
-858.5 0.999332
-858.3 0.999332
-858.1 0.999332
-857.9 0.999332
-857.7 0.999332
-857.5 0.999332
-857.3 0.999332
-857.1 0.999332
-856.9 0.999332
-856.7 0.999332
-856.5 0.999332
-856.3 0.999332
-856.1 0.999332
-855.9 0.999332
-855.7 0.999332
-855.5 0.999332
-855.3 0.999332
-855.1 0.999332
-854.9 0.999332
-854.7 0.999332
-854.5 0.999332
-854.3 0.999332
-854.1 0.999332
-853.9 0.999332
-853.7 0.999332
-853.5 0.999332
-853.3 0.999332
-853.1 0.999332
-852.9 0.999332
-852.7 0.999332
-852.5 0.999332
-852.3 0.999332
-852.1 0.999332
-851.9 0.999332
-851.7 0.999332
-851.5 0.999332
-851.3 0.999332
-851.1 0.999332
-850.9 0.999332
-850.7 0.999332
-850.5 0.999332
-850.3 0.999332
-850.1 0.999332
-849.9 0.999332
-849.7 0.999332
-849.5 0.999332
-849.3 0.999332
-849.1 0.999332
-848.9 0.999332
-848.7 0.999332
-848.5 0.999332
-848.3 0.999332
-848.1 0.999332
-847.9 0.999332
-847.7 0.999332
-847.5 0.999332
-847.3 0.999332
-847.1 0.999332
-846.9 0.999332
-846.7 0.999332
-846.5 0.999332
-846.3 0.999332
-846.1 0.999332
-845.9 0.999332
-845.7 0.999332
-845.5 0.999332
-845.3 0.999332
-845.1 0.999332
-844.9 0.999332
-844.7 0.999332
-844.5 0.999332
-844.3 0.999332
-844.1 0.999332
-843.9 0.999332
-843.7 0.999332
-843.5 0.999332
-843.3 0.999332
-843.1 0.999332
-842.9 0.999332
-842.7 0.999332
-842.5 0.999332
-842.3 0.999332
-842.1 0.999666
-841.9 0.999666
-841.7 0.999666
-841.5 0.999666
-841.3 0.999666
-841.1 0.999666
-840.9 0.999666
-840.7 0.999666
-840.5 0.999666
-840.3 0.999666
-840.1 0.999666
-839.9 0.999666
-839.7 0.999666
-839.5 0.999666
-839.3 0.999666
-839.1 0.999666
-838.9 0.999666
-838.7 0.999666
-838.5 0.999666
-838.3 0.999666
-838.1 0.999666
-837.9 0.999666
-837.7 0.999666
-837.5 0.999666
-837.3 0.999666
-837.1 0.999666
-836.9 0.999666
-836.7 0.999666
-836.5 0.999666
-836.3 0.999666
-836.1 0.999666
-835.9 0.999666
-835.7 0.999666
-835.5 0.999666
-835.3 0.999666
-835.1 0.999666
-834.9 0.999666
-834.7 0.999666
-834.5 0.999666
-834.3 0.999666
-834.1 0.999666
-833.9 0.999666
-833.7 0.999666
-833.5 0.999666
-833.3 0.999666
-833.1 0.999666
-832.9 0.999666
-832.7 0.999666
-832.5 0.999666
-832.3 0.999666
-832.1 0.999666
-831.9 0.999666
-831.7 0.999666
-831.5 0.999666
-831.3 0.999666
-831.1 0.999666
-830.9 0.999666
-830.7 0.999666
-830.5 0.999666
-830.3 0.999666
-830.1 0.999666
-829.9 0.999666
-829.7 0.999666
-829.5 0.999666
-829.3 0.999666
-829.1 0.999666
-828.9 0.999666
-828.7 0.999666
-828.5 0.999666
-828.3 0.999666
-828.1 0.999666
-827.9 0.999666
-827.7 0.999666
-827.5 0.999666
-827.3 0.999666
-827.1 0.999666
-826.9 0.999666
-826.7 0.999666
-826.5 0.999666
-826.3 0.999666
-826.1 0.999666
-825.9 0.999666
-825.7 0.999666
-825.5 0.999666
-825.3 0.999666
-825.1 0.999666
-824.9 0.999666
-824.7 0.999666
-824.5 0.999666
-824.3 0.999666
-824.1 0.999666
-823.9 0.999666
-823.7 0.999666
-823.5 0.999666
-823.3 0.999666
-823.1 0.999666
-822.9 0.999666
-822.7 0.999666
-822.5 0.999666
-822.3 0.999666
-822.1 0.999666
-821.9 0.999666
-821.7 0.999666
-821.5 0.999666
-821.3 0.999666
-821.1 0.999666
-820.9 0.999666
-820.7 0.999666
-820.5 0.999666
-820.3 0.999666
-820.1 0.999666
-819.9 0.999666
-819.7 0.999666
-819.5 0.999666
-819.3 0.999666
-819.1 0.999666
-818.9 0.999666
-818.7 0.999666
-818.5 0.999666
-818.3 0.999666
-818.1 0.999666
-817.9 0.999666
-817.7 0.999666
-817.5 0.999666
-817.3 0.999666
-817.1 0.999666
-816.9 0.999666
-816.7 0.999666
-816.5 0.999666
-816.3 0.999666
-816.1 0.999666
-815.9 0.999666
-815.7 0.999666
-815.5 0.999666
-815.3 0.999666
-815.1 0.999666
-814.9 0.999666
-814.7 0.999666
-814.5 0.999666
-814.3 0.999666
-814.1 1
