560
-537.3 3.24423e-05
-537.1 3.24423e-05
-536.9 3.24423e-05
-536.7 3.24423e-05
-536.5 3.24423e-05
-536.3 3.24423e-05
-536.1 3.24423e-05
-535.9 3.24423e-05
-535.7 3.24423e-05
-535.5 3.24423e-05
-535.3 3.24423e-05
-535.1 3.24423e-05
-534.9 3.24423e-05
-534.7 3.24423e-05
-534.5 3.24423e-05
-534.3 3.24423e-05
-534.1 3.24423e-05
-533.9 3.24423e-05
-533.7 3.24423e-05
-533.5 3.24423e-05
-533.3 3.24423e-05
-533.1 3.24423e-05
-532.9 3.24423e-05
-532.7 3.24423e-05
-532.5 3.24423e-05
-532.3 3.24423e-05
-532.1 3.24423e-05
-531.9 3.24423e-05
-531.7 3.24423e-05
-531.5 3.24423e-05
-531.3 3.24423e-05
-531.1 3.24423e-05
-530.9 3.24423e-05
-530.7 3.24423e-05
-530.5 3.24423e-05
-530.3 3.24423e-05
-530.1 3.24423e-05
-529.9 3.24423e-05
-529.7 9.73268e-05
-529.5 9.73268e-05
-529.3 9.73268e-05
-529.1 9.73268e-05
-528.9 9.73268e-05
-528.7 9.73268e-05
-528.5 9.73268e-05
-528.3 9.73268e-05
-528.1 9.73268e-05
-527.9 9.73268e-05
-527.7 9.73268e-05
-527.5 9.73268e-05
-527.3 9.73268e-05
-527.1 9.73268e-05
-526.9 9.73268e-05
-526.7 9.73268e-05
-526.5 9.73268e-05
-526.3 9.73268e-05
-526.1 9.73268e-05
-525.9 9.73268e-05
-525.7 9.73268e-05
-525.5 9.73268e-05
-525.3 9.73268e-05
-525.1 0.000129769
-524.9 0.000129769
-524.7 0.000129769
-524.5 0.000129769
-524.3 0.000129769
-524.1 0.000129769
-523.9 0.000129769
-523.7 0.000129769
-523.5 0.000129769
-523.3 0.000129769
-523.1 0.000162211
-522.9 0.000162211
-522.7 0.000194654
-522.5 0.000259538
-522.3 0.00029198
-522.1 0.000324423
-521.9 0.000324423
-521.7 0.000324423
-521.5 0.000421749
-521.3 0.000551518
-521.1 0.000616403
-520.9 0.000648845
-520.7 0.000746172
-520.5 0.000778614
-520.3 0.000811056
-520.1 0.000875941
-519.9 0.000908383
-519.7 0.00100571
-519.5 0.00110304
-519.3 0.00126525
-519.1 0.00142746
-518.9 0.00152479
-518.7 0.00165455
-518.5 0.00178432
-518.3 0.00210875
-518.1 0.00256294
-517.9 0.00275759
-517.7 0.00295225
-517.5 0.00343888
-517.3 0.00373086
-517.1 0.00444459
-516.9 0.00525564
-516.7 0.00590449
-516.5 0.00661822
-516.3 0.00772126
-516.1 0.00892162
-515.9 0.0104788
-515.7 0.0122307
-515.5 0.0141124
-515.3 0.0164807
-515.1 0.019368
-514.9 0.0222878
-514.7 0.0253698
-514.5 0.0285167
-514.3 0.0316961
-514.1 0.0356216
-513.9 0.0397418
-513.7 0.0431158
-513.5 0.0474955
-513.3 0.0520698
-513.1 0.0569037
-512.9 0.061543
-512.7 0.067123
-512.5 0.0729951
-512.3 0.07864
-512.1 0.0840579
-511.9 0.0896704
-511.7 0.096094
-511.5 0.102323
-511.3 0.108941
-511.1 0.115267
-510.9 0.120653
-510.7 0.126038
-510.5 0.131488
-510.3 0.137652
-510.1 0.143817
-509.9 0.149591
-509.7 0.154685
-509.5 0.159811
-509.3 0.165715
-509.1 0.172431
-508.9 0.178627
-508.7 0.184499
-508.5 0.190079
-508.3 0.196438
-508.1 0.202472
-507.9 0.208441
-507.7 0.213794
-507.5 0.219764
-507.3 0.225474
-507.1 0.230405
-506.9 0.235498
-506.7 0.240754
-506.5 0.246399
-506.3 0.251687
-506.1 0.257072
-505.9 0.261906
-505.7 0.26661
-505.5 0.271671
-505.3 0.277057
-505.1 0.28215
-504.9 0.288055
-504.7 0.292629
-504.5 0.297755
-504.3 0.302589
-504.1 0.307617
-503.9 0.313198
-503.7 0.318161
-503.5 0.323676
-503.3 0.328316
-503.1 0.332338
-502.9 0.337302
-502.7 0.342396
-502.5 0.347067
-502.3 0.351479
-502.1 0.356638
-501.9 0.361017
-501.7 0.365624
-501.5 0.370166
-501.3 0.374968
-501.1 0.37925
-500.9 0.383759
-500.7 0.388756
-500.5 0.393557
-500.3 0.399007
-500.1 0.403679
-499.9 0.408383
-499.7 0.413087
-499.5 0.41711
-499.3 0.421295
-499.1 0.426161
-498.9 0.430638
-498.7 0.435083
-498.5 0.440112
-498.3 0.445594
-498.1 0.449877
-497.9 0.455424
-497.7 0.459934
-497.5 0.464378
-497.3 0.468336
-497.1 0.472262
-496.9 0.477193
-496.7 0.482157
-496.5 0.487218
-496.3 0.492246
-496.1 0.496983
-495.9 0.501849
-495.7 0.507948
-495.5 0.512166
-495.3 0.516708
-495.1 0.520633
-494.9 0.525045
-494.7 0.52923
-494.5 0.534324
-494.3 0.538801
-494.1 0.543602
-493.9 0.548404
-493.7 0.553238
-493.5 0.557812
-493.3 0.562159
-493.1 0.566636
-492.9 0.570594
-492.7 0.575558
-492.5 0.580132
-492.3 0.584447
-492.1 0.588989
-491.9 0.593466
-491.7 0.598138
-491.5 0.602031
-491.3 0.607319
-491.1 0.612348
-490.9 0.616889
-490.7 0.622048
-490.5 0.626395
-490.3 0.631521
-490.1 0.636355
-489.9 0.641286
-489.7 0.646347
-489.5 0.651473
-489.3 0.656177
-489.1 0.660946
-488.9 0.66591
-488.7 0.670744
-488.5 0.67561
-488.3 0.680541
-488.1 0.684369
-487.9 0.689528
-487.7 0.694459
-487.5 0.698936
-487.3 0.703867
-487.1 0.708149
-486.9 0.712432
-486.7 0.717104
-486.5 0.722651
-486.3 0.727258
-486.1 0.7318
-485.9 0.73725
-485.7 0.741889
-485.5 0.747015
-485.3 0.751882
-485.1 0.755872
-484.9 0.760706
-484.7 0.765572
-484.5 0.770698
-484.3 0.775532
-484.1 0.779879
-483.9 0.784486
-483.7 0.788639
-483.5 0.793083
-483.3 0.79889
-483.1 0.802946
-482.9 0.806936
-482.7 0.811867
-482.5 0.816604
-482.3 0.821049
-482.1 0.826239
-481.9 0.830489
-481.7 0.834966
-481.5 0.839735
-481.3 0.844894
-481.1 0.849079
-480.9 0.853523
-480.7 0.858162
-480.5 0.86212
-480.3 0.866662
-480.1 0.870263
-479.9 0.875
-479.7 0.879769
-479.5 0.884408
-479.3 0.88895
-479.1 0.893233
-478.9 0.897158
-478.7 0.901019
-478.5 0.904912
-478.3 0.908156
-478.1 0.911887
-477.9 0.915164
-477.7 0.918538
-477.5 0.92162
-477.3 0.924961
-477.1 0.928692
-476.9 0.931644
-476.7 0.934856
-476.5 0.937938
-476.3 0.940533
-476.1 0.943291
-475.9 0.9454
-475.7 0.948417
-475.5 0.950915
-475.3 0.953672
-475.1 0.955846
-474.9 0.958377
-474.7 0.961102
-474.5 0.963243
-474.3 0.965579
-474.1 0.968012
-473.9 0.970121
-473.7 0.972165
-473.5 0.973754
-473.3 0.975474
-473.1 0.97755
-472.9 0.979075
-472.7 0.980697
-472.5 0.982222
-472.3 0.983422
-472.1 0.985239
-471.9 0.986212
-471.7 0.987607
-471.5 0.988515
-471.3 0.989878
-471.1 0.990819
-470.9 0.991565
-470.7 0.992603
-470.5 0.993317
-470.3 0.994031
-470.1 0.99442
-469.9 0.994939
-469.7 0.995328
-469.5 0.995523
-469.3 0.995945
-469.1 0.996366
-468.9 0.996821
-468.7 0.997242
-468.5 0.997697
-468.3 0.997891
-468.1 0.998118
-467.9 0.99841
-467.7 0.998702
-467.5 0.998832
-467.3 0.998994
-467.1 0.999124
-466.9 0.999189
-466.7 0.999189
-466.5 0.999286
-466.3 0.999319
-466.1 0.999384
-465.9 0.999448
-465.7 0.999546
-465.5 0.999578
-465.3 0.999676
-465.1 0.999676
-464.9 0.999676
-464.7 0.999676
-464.5 0.999676
-464.3 0.999708
-464.1 0.999708
-463.9 0.999773
-463.7 0.999773
-463.5 0.999773
-463.3 0.999773
-463.1 0.999773
-462.9 0.999773
-462.7 0.999838
-462.5 0.99987
-462.3 0.99987
-462.1 0.99987
-461.9 0.99987
-461.7 0.99987
-461.5 0.99987
-461.3 0.99987
-461.1 0.999903
-460.9 0.999903
-460.7 0.999903
-460.5 0.999903
-460.3 0.999903
-460.1 0.999903
-459.9 0.999903
-459.7 0.999903
-459.5 0.999903
-459.3 0.999903
-459.1 0.999903
-458.9 0.999903
-458.7 0.999903
-458.5 0.999903
-458.3 0.999903
-458.1 0.999903
-457.9 0.999903
-457.7 0.999903
-457.5 0.999903
-457.3 0.999903
-457.1 0.999903
-456.9 0.999903
-456.7 0.999903
-456.5 0.999903
-456.3 0.999903
-456.1 0.999903
-455.9 0.999903
-455.7 0.999903
-455.5 0.999903
-455.3 0.999903
-455.1 0.999903
-454.9 0.999903
-454.7 0.999903
-454.5 0.999903
-454.3 0.999903
-454.1 0.999903
-453.9 0.999903
-453.7 0.999903
-453.5 0.999903
-453.3 0.999903
-453.1 0.999903
-452.9 0.999903
-452.7 0.999903
-452.5 0.999903
-452.3 0.999903
-452.1 0.999903
-451.9 0.999903
-451.7 0.999903
-451.5 0.999903
-451.3 0.999903
-451.1 0.999903
-450.9 0.999903
-450.7 0.999903
-450.5 0.999903
-450.3 0.999903
-450.1 0.999903
-449.9 0.999903
-449.7 0.999903
-449.5 0.999903
-449.3 0.999903
-449.1 0.999903
-448.9 0.999903
-448.7 0.999903
-448.5 0.999903
-448.3 0.999903
-448.1 0.999903
-447.9 0.999903
-447.7 0.999903
-447.5 0.999903
-447.3 0.999903
-447.1 0.999903
-446.9 0.999903
-446.7 0.999903
-446.5 0.999903
-446.3 0.999903
-446.1 0.999903
-445.9 0.999903
-445.7 0.999903
-445.5 0.999903
-445.3 0.999903
-445.1 0.999903
-444.9 0.999903
-444.7 0.999903
-444.5 0.999903
-444.3 0.999903
-444.1 0.999903
-443.9 0.999903
-443.7 0.999903
-443.5 0.999903
-443.3 0.999903
-443.1 0.999903
-442.9 0.999903
-442.7 0.999903
-442.5 0.999903
-442.3 0.999903
-442.1 0.999903
-441.9 0.999903
-441.7 0.999903
-441.5 0.999903
-441.3 0.999903
-441.1 0.999903
-440.9 0.999903
-440.7 0.999903
-440.5 0.999903
-440.3 0.999903
-440.1 0.999935
-439.9 0.999935
-439.7 0.999935
-439.5 0.999935
-439.3 0.999935
-439.1 0.999935
-438.9 0.999968
-438.7 0.999968
-438.5 0.999968
-438.3 0.999968
-438.1 0.999968
-437.9 0.999968
-437.7 0.999968
-437.5 0.999968
-437.3 0.999968
-437.1 0.999968
-436.9 0.999968
-436.7 0.999968
-436.5 0.999968
-436.3 0.999968
-436.1 0.999968
-435.9 0.999968
-435.7 0.999968
-435.5 0.999968
-435.3 0.999968
-435.1 0.999968
-434.9 0.999968
-434.7 0.999968
-434.5 0.999968
-434.3 0.999968
-434.1 0.999968
-433.9 0.999968
-433.7 0.999968
-433.5 0.999968
-433.3 0.999968
-433.1 0.999968
-432.9 0.999968
-432.7 0.999968
-432.5 0.999968
-432.3 0.999968
-432.1 0.999968
-431.9 0.999968
-431.7 0.999968
-431.5 0.999968
-431.3 0.999968
-431.1 0.999968
-430.9 0.999968
-430.7 0.999968
-430.5 0.999968
-430.3 0.999968
-430.1 0.999968
-429.9 0.999968
-429.7 0.999968
-429.5 0.999968
-429.3 0.999968
-429.1 0.999968
-428.9 0.999968
-428.7 0.999968
-428.5 0.999968
-428.3 0.999968
-428.1 0.999968
-427.9 0.999968
-427.7 0.999968
-427.5 0.999968
-427.3 0.999968
-427.1 0.999968
-426.9 0.999968
-426.7 0.999968
-426.5 0.999968
-426.3 0.999968
-426.1 0.999968
-425.9 0.999968
-425.7 0.999968
-425.5 1
