-99.9 0
-99.7 0
-99.5 0
-99.3 0
-99.1 0
-98.9 0
-98.7 0
-98.5 0
-98.3 0
-98.1 0
-97.9 0
-97.7 0
-97.5 0
-97.3 0
-97.1 0
-96.9 0
-96.7 0
-96.5 0
-96.3 0
-96.1 0
-95.9 0
-95.7 0
-95.5 0
-95.3 0
-95.1 0
-94.9 0
-94.7 0
-94.5 0
-94.3 0
-94.1 0
-93.9 0
-93.7 0
-93.5 0
-93.3 0
-93.1 0
-92.9 0
-92.7 0
-92.5 0
-92.3 0
-92.1 0
-91.9 0
-91.7 0
-91.5 0
-91.3 0
-91.1 0
-90.9 0
-90.7 0
-90.5 0
-90.3 0
-90.1 0
-89.9 0
-89.7 1
-89.5 0
-89.3 0
-89.1 0
-88.9 0
-88.7 0
-88.5 0
-88.3 0
-88.1 0
-87.9 0
-87.7 0
-87.5 0
-87.3 0
-87.1 0
-86.9 0
-86.7 0
-86.5 0
-86.3 0
-86.1 0
-85.9 0
-85.7 0
-85.5 0
-85.3 0
-85.1 0
-84.9 0
-84.7 0
-84.5 0
-84.3 0
-84.1 0
-83.9 0
-83.7 0
-83.5 0
-83.3 0
-83.1 0
-82.9 0
-82.7 0
-82.5 0
-82.3 0
-82.1 0
-81.9 0
-81.7 0
-81.5 0
-81.3 0
-81.1 0
-80.9 0
-80.7 0
-80.5 0
-80.3 0
-80.1 0
-79.9 0
-79.7 0
-79.5 0
-79.3 0
-79.1 0
-78.9 0
-78.7 0
-78.5 0
-78.3 0
-78.1 0
-77.9 0
-77.7 0
-77.5 0
-77.3 0
-77.1 0
-76.9 0
-76.7 0
-76.5 0
-76.3 0
-76.1 0
-75.9 0
-75.7 0
-75.5 0
-75.3 0
-75.1 0
-74.9 0
-74.7 0
-74.5 1
-74.3 0
-74.1 0
-73.9 0
-73.7 0
-73.5 0
-73.3 0
-73.1 0
-72.9 0
-72.7 0
-72.5 0
-72.3 1
-72.1 0
-71.9 0
-71.7 0
-71.5 0
-71.3 0
-71.1 0
-70.9 0
-70.7 0
-70.5 0
-70.3 0
-70.1 0
-69.9 0
-69.7 0
-69.5 0
-69.3 0
-69.1 0
-68.9 0
-68.7 0
-68.5 0
-68.3 2
-68.1 0
-67.9 0
-67.7 0
-67.5 0
-67.3 0
-67.1 0
-66.9 0
-66.7 0
-66.5 0
-66.3 0
-66.1 0
-65.9 1
-65.7 0
-65.5 0
-65.3 0
-65.1 1
-64.9 0
-64.7 0
-64.5 0
-64.3 0
-64.1 1
-63.9 1
-63.7 1
-63.5 1
-63.3 0
-63.1 1
-62.9 0
-62.7 0
-62.5 1
-62.3 1
-62.1 1
-61.9 1
-61.7 1
-61.5 2
-61.3 0
-61.1 2
-60.9 3
-60.7 2
-60.5 2
-60.3 4
-60.1 5
-59.9 3
-59.7 3
-59.5 3
-59.3 1
-59.1 3
-58.9 7
-58.7 6
-58.5 3
-58.3 3
-58.1 2
-57.9 14
-57.7 4
-57.5 6
-57.3 8
-57.1 7
-56.9 6
-56.7 9
-56.5 8
-56.3 13
-56.1 8
-55.9 10
-55.7 15
-55.5 10
-55.3 9
-55.1 14
-54.9 11
-54.7 8
-54.5 7
-54.3 12
-54.1 14
-53.9 12
-53.7 14
-53.5 14
-53.3 15
-53.1 12
-52.9 11
-52.7 13
-52.5 15
-52.3 13
-52.1 20
-51.9 15
-51.7 14
-51.5 11
-51.3 12
-51.1 12
-50.9 9
-50.7 12
-50.5 13
-50.3 15
-50.1 12
-49.9 15
-49.7 4
-49.5 11
-49.3 13
-49.1 12
-48.9 13
-48.7 22
-48.5 13
-48.3 12
-48.1 13
-47.9 19
-47.7 18
-47.5 17
-47.3 12
-47.1 15
-46.9 9
-46.7 10
-46.5 13
-46.3 23
-46.1 13
-45.9 12
-45.7 15
-45.5 18
-45.3 12
-45.1 18
-44.9 13
-44.7 13
-44.5 16
-44.3 17
-44.1 20
-43.9 15
-43.7 18
-43.5 16
-43.3 25
-43.1 12
-42.9 22
-42.7 12
-42.5 11
-42.3 10
-42.1 7
-41.9 19
-41.7 15
-41.5 13
-41.3 9
-41.1 19
-40.9 15
-40.7 14
-40.5 13
-40.3 9
-40.1 12
-39.9 9
-39.7 9
-39.5 14
-39.3 12
-39.1 9
-38.9 15
-38.7 15
-38.5 9
-38.3 16
-38.1 14
-37.9 15
-37.7 14
-37.5 21
-37.3 16
-37.1 11
-36.9 8
-36.7 22
-36.5 8
-36.3 12
-36.1 14
-35.9 14
-35.7 13
-35.5 8
-35.3 12
-35.1 15
-34.9 11
-34.7 13
-34.5 17
-34.3 13
-34.1 15
-33.9 16
-33.7 15
-33.5 10
-33.3 15
-33.1 5
-32.9 17
-32.7 9
-32.5 8
-32.3 15
-32.1 16
-31.9 11
-31.7 14
-31.5 11
-31.3 11
-31.1 12
-30.9 11
-30.7 13
-30.5 15
-30.3 8
-30.1 20
-29.9 14
-29.7 12
-29.5 12
-29.3 11
-29.1 11
-28.9 9
-28.7 6
-28.5 16
-28.3 9
-28.1 19
-27.9 12
-27.7 15
-27.5 11
-27.3 13
-27.1 13
-26.9 12
-26.7 11
-26.5 14
-26.3 14
-26.1 13
-25.9 10
-25.7 8
-25.5 11
-25.3 12
-25.1 13
-24.9 15
-24.7 11
-24.5 12
-24.3 12
-24.1 12
-23.9 7
-23.7 8
-23.5 9
-23.3 16
-23.1 14
-22.9 19
-22.7 8
-22.5 17
-22.3 9
-22.1 7
-21.9 11
-21.7 5
-21.5 9
-21.3 13
-21.1 6
-20.9 15
-20.7 14
-20.5 6
-20.3 8
-20.1 12
-19.9 6
-19.7 10
-19.5 15
-19.3 10
-19.1 12
-18.9 11
-18.7 7
-18.5 19
-18.3 13
-18.1 12
-17.9 6
-17.7 12
-17.5 16
-17.3 13
-17.1 9
-16.9 11
-16.7 8
-16.5 7
-16.3 8
-16.1 11
-15.9 7
-15.7 14
-15.5 12
-15.3 7
-15.1 6
-14.9 10
-14.7 13
-14.5 4
-14.3 9
-14.1 8
-13.9 6
-13.7 7
-13.5 7
-13.3 11
-13.1 11
-12.9 8
-12.7 11
-12.5 6
-12.3 9
-12.1 10
-11.9 17
-11.7 13
-11.5 14
-11.3 8
-11.1 9
-10.9 11
-10.7 8
-10.5 13
-10.3 7
-10.1 8
-9.9 15
-9.7 17
-9.5 6
-9.3 8
-9.1 8
-8.9 13
-8.7 10
-8.5 5
-8.3 9
-8.1 9
-7.9 5
-7.7 11
-7.5 10
-7.3 8
-7.1 5
-6.9 12
-6.7 9
-6.5 7
-6.3 4
-6.1 12
-5.9 9
-5.7 7
-5.5 12
-5.3 6
-5.1 14
-4.9 11
-4.7 3
-4.5 11
-4.3 8
-4.1 11
-3.9 8
-3.7 6
-3.5 9
-3.3 7
-3.1 9
-2.9 8
-2.7 9
-2.5 5
-2.3 13
-2.1 16
-1.9 15
-1.7 8
-1.5 9
-1.3 4
-1.1 12
-0.9 11
-0.7 11
-0.5 5
-0.3 13
-0.1 9
0.1 13
0.3 11
0.5 4
0.7 11
0.9 8
1.1 8
1.3 12
1.5 9
1.7 18
1.9 5
2.1 8
2.3 2
2.5 8
2.7 15
2.9 9
3.1 8
3.3 9
3.5 6
3.7 14
3.9 11
4.1 12
4.3 6
4.5 4
4.7 9
4.9 10
5.1 7
5.3 6
5.5 12
5.7 10
5.9 8
6.1 6
6.3 6
6.5 10
6.7 7
6.9 4
7.1 10
7.3 10
7.5 7
7.7 11
7.9 7
8.1 8
8.3 9
8.5 13
8.7 3
8.9 8
9.1 2
9.3 12
9.5 2
9.7 12
9.9 9
10.1 4
10.3 6
10.5 8
10.7 11
10.9 9
11.1 7
11.3 7
11.5 6
11.7 3
11.9 2
12.1 8
12.3 6
12.5 7
12.7 17
12.9 8
13.1 13
13.3 6
13.5 5
13.7 11
13.9 6
14.1 11
14.3 4
14.5 6
14.7 6
14.9 9
15.1 10
15.3 7
15.5 7
15.7 12
15.9 9
16.1 8
16.3 14
16.5 7
16.7 2
16.9 11
17.1 7
17.3 6
17.5 9
17.7 8
17.9 6
18.1 11
18.3 5
18.5 11
18.7 11
18.9 4
19.1 2
19.3 8
19.5 6
19.7 11
19.9 9
20.1 8
20.3 11
20.5 7
20.7 6
20.9 7
21.1 3
21.3 8
21.5 8
21.7 5
21.9 8
22.1 8
22.3 5
22.5 6
22.7 8
22.9 12
23.1 10
23.3 6
23.5 11
23.7 12
23.9 5
24.1 9
24.3 9
24.5 4
24.7 7
24.9 4
25.1 9
25.3 4
25.5 10
25.7 8
25.9 7
26.1 12
26.3 10
26.5 8
26.7 9
26.9 5
27.1 10
27.3 13
27.5 5
27.7 9
27.9 5
28.1 4
28.3 3
28.5 6
28.7 2
28.9 7
29.1 8
29.3 6
29.5 3
29.7 8
29.9 2
30.1 4
30.3 6
30.5 1
30.7 7
30.9 5
31.1 3
31.3 7
31.5 8
31.7 5
31.9 4
32.1 13
32.3 11
32.5 4
32.7 8
32.9 9
33.1 4
33.3 6
33.5 6
33.7 3
33.9 3
34.1 5
34.3 4
34.5 5
34.7 5
34.9 5
35.1 6
35.3 4
35.5 6
35.7 3
35.9 8
36.1 5
36.3 5
36.5 7
36.7 2
36.9 6
37.1 3
37.3 2
37.5 3
37.7 2
37.9 1
38.1 6
38.3 5
38.5 4
38.7 2
38.9 2
39.1 1
39.3 4
39.5 3
39.7 0
39.9 5
40.1 3
40.3 4
40.5 3
40.7 3
40.9 1
41.1 3
41.3 4
41.5 7
41.7 1
41.9 2
42.1 1
42.3 5
42.5 4
42.7 1
42.9 0
43.1 2
43.3 1
43.5 2
43.7 2
43.9 1
44.1 2
44.3 3
44.5 0
44.7 0
44.9 1
45.1 1
45.3 0
45.5 1
45.7 2
45.9 2
46.1 2
46.3 0
46.5 3
46.7 2
46.9 0
47.1 0
47.3 0
47.5 0
47.7 0
47.9 1
48.1 0
48.3 1
48.5 0
48.7 0
48.9 1
49.1 2
49.3 0
49.5 0
49.7 1
49.9 2
50.1 1
50.3 0
50.5 0
50.7 0
50.9 0
51.1 1
51.3 0
51.5 1
51.7 1
51.9 1
52.1 1
52.3 3
52.5 0
52.7 0
52.9 0
53.1 0
53.3 0
53.5 1
53.7 0
53.9 0
54.1 2
54.3 1
54.5 0
54.7 1
54.9 0
55.1 0
55.3 0
55.5 0
55.7 2
55.9 0
56.1 0
56.3 0
56.5 0
56.7 0
56.9 0
57.1 1
57.3 0
57.5 2
57.7 0
57.9 0
58.1 0
58.3 0
58.5 0
58.7 2
58.9 0
59.1 0
59.3 0
59.5 0
59.7 0
59.9 0
60.1 0
60.3 0
60.5 0
60.7 0
60.9 1
61.1 0
61.3 0
61.5 0
61.7 0
61.9 0
62.1 0
62.3 1
62.5 0
62.7 0
62.9 0
63.1 0
63.3 1
63.5 0
63.7 0
63.9 0
64.1 0
64.3 2
64.5 0
64.7 0
64.9 0
65.1 0
65.3 0
65.5 0
65.7 1
65.9 0
66.1 1
66.3 1
66.5 0
66.7 0
66.9 0
67.1 0
67.3 0
67.5 1
67.7 1
67.9 0
68.1 0
68.3 0
68.5 0
68.7 1
68.9 0
69.1 0
69.3 0
69.5 0
69.7 0
69.9 0
70.1 0
70.3 0
70.5 0
70.7 0
70.9 0
71.1 0
71.3 0
71.5 0
71.7 0
71.9 0
72.1 0
72.3 0
72.5 0
72.7 0
72.9 0
73.1 0
73.3 0
73.5 0
73.7 0
73.9 0
74.1 0
74.3 0
74.5 0
74.7 0
74.9 0
75.1 1
75.3 0
75.5 0
75.7 0
75.9 0
76.1 0
76.3 0
76.5 0
76.7 0
76.9 0
77.1 0
77.3 0
77.5 0
77.7 0
77.9 0
78.1 1
78.3 0
78.5 0
78.7 0
78.9 0
79.1 0
79.3 0
79.5 0
79.7 0
79.9 0
80.1 0
80.3 0
80.5 0
80.7 0
80.9 0
81.1 0
81.3 0
81.5 0
81.7 0
81.9 0
82.1 0
82.3 0
82.5 0
82.7 0
82.9 0
83.1 0
83.3 0
83.5 0
83.7 0
83.9 0
84.1 0
84.3 0
84.5 0
84.7 0
84.9 0
85.1 0
85.3 0
85.5 0
85.7 0
85.9 0
86.1 0
86.3 0
86.5 1
86.7 1
86.9 0
87.1 0
87.3 0
87.5 0
87.7 0
87.9 0
88.1 0
88.3 0
88.5 0
88.7 0
88.9 0
89.1 0
89.3 0
89.5 0
89.7 0
89.9 0
90.1 0
90.3 0
90.5 0
90.7 0
90.9 0
91.1 0
91.3 0
91.5 0
91.7 0
91.9 0
92.1 0
92.3 0
92.5 0
92.7 1
92.9 0
93.1 0
93.3 0
93.5 0
93.7 0
93.9 0
94.1 0
94.3 0
94.5 0
94.7 0
94.9 0
95.1 0
95.3 0
95.5 0
95.7 0
95.9 0
96.1 0
96.3 0
96.5 0
96.7 0
96.9 0
97.1 0
97.3 0
97.5 0
97.7 0
97.9 0
98.1 0
98.3 0
98.5 0
98.7 0
98.9 0
99.1 0
99.3 0
99.5 0
99.7 0
99.9 0
