984
-98.7 0.000177778
-98.5 0.000177778
-98.3 0.000177778
-98.1 0.000177778
-97.9 0.000355556
-97.7 0.000533333
-97.5 0.000533333
-97.3 0.000533333
-97.1 0.000888889
-96.9 0.00106667
-96.7 0.00124444
-96.5 0.00142222
-96.3 0.00142222
-96.1 0.00142222
-95.9 0.00177778
-95.7 0.00195556
-95.5 0.00213333
-95.3 0.00213333
-95.1 0.00231111
-94.9 0.00231111
-94.7 0.00231111
-94.5 0.00231111
-94.3 0.00231111
-94.1 0.00231111
-93.9 0.00248889
-93.7 0.00248889
-93.5 0.00248889
-93.3 0.00266667
-93.1 0.0032
-92.9 0.0032
-92.7 0.0032
-92.5 0.0032
-92.3 0.00337778
-92.1 0.00337778
-91.9 0.00337778
-91.7 0.00373333
-91.5 0.00373333
-91.3 0.00373333
-91.1 0.00391111
-90.9 0.00426667
-90.7 0.00444444
-90.5 0.00462222
-90.3 0.00462222
-90.1 0.0048
-89.9 0.00533333
-89.7 0.00551111
-89.5 0.00568889
-89.3 0.00586667
-89.1 0.00604444
-88.9 0.00604444
-88.7 0.00622222
-88.5 0.00675556
-88.3 0.00693333
-88.1 0.00711111
-87.9 0.00764444
-87.7 0.00782222
-87.5 0.00835556
-87.3 0.00835556
-87.1 0.00853333
-86.9 0.00888889
-86.7 0.00906667
-86.5 0.00924444
-86.3 0.00995556
-86.1 0.0103111
-85.9 0.0104889
-85.7 0.0110222
-85.5 0.0115556
-85.3 0.0124444
-85.1 0.0126222
-84.9 0.0135111
-84.7 0.0140444
-84.5 0.0144
-84.3 0.0152889
-84.1 0.0158222
-83.9 0.0165333
-83.7 0.0167111
-83.5 0.0168889
-83.3 0.0172444
-83.1 0.0181333
-82.9 0.0186667
-82.7 0.0190222
-82.5 0.0193778
-82.3 0.0197333
-82.1 0.0204444
-81.9 0.0213333
-81.7 0.0225778
-81.5 0.0234667
-81.3 0.0241778
-81.1 0.0243556
-80.9 0.0254222
-80.7 0.0259556
-80.5 0.0263111
-80.3 0.0273778
-80.1 0.0277333
-79.9 0.0293333
-79.7 0.0298667
-79.5 0.0309333
-79.3 0.0316444
-79.1 0.0336
-78.9 0.0346667
-78.7 0.0357333
-78.5 0.0371556
-78.3 0.0380444
-78.1 0.0389333
-77.9 0.0403556
-77.7 0.0416
-77.5 0.0426667
-77.3 0.0442667
-77.1 0.0469333
-76.9 0.0483556
-76.7 0.0504889
-76.5 0.0528
-76.3 0.0536889
-76.1 0.0545778
-75.9 0.0552889
-75.7 0.0583111
-75.5 0.0595556
-75.3 0.0613333
-75.1 0.0629333
-74.9 0.0641778
-74.7 0.0654222
-74.5 0.0668444
-74.3 0.0682667
-74.1 0.0700444
-73.9 0.072
-73.7 0.0732444
-73.5 0.0759111
-73.3 0.0778667
-73.1 0.08
-72.9 0.0823111
-72.7 0.0842667
-72.5 0.0860444
-72.3 0.0874667
-72.1 0.0913778
-71.9 0.0942222
-71.7 0.0984889
-71.5 0.101156
-71.3 0.103289
-71.1 0.104533
-70.9 0.107378
-70.7 0.1104
-70.5 0.112711
-70.3 0.115022
-70.1 0.117156
-69.9 0.119467
-69.7 0.122489
-69.5 0.125156
-69.3 0.128356
-69.1 0.132089
-68.9 0.136
-68.7 0.139556
-68.5 0.143111
-68.3 0.145422
-68.1 0.148267
-67.9 0.151822
-67.7 0.154844
-67.5 0.157867
-67.3 0.161067
-67.1 0.1632
-66.9 0.165867
-66.7 0.168356
-66.5 0.171022
-66.3 0.176533
-66.1 0.179378
-65.9 0.183111
-65.7 0.186133
-65.5 0.188444
-65.3 0.192178
-65.1 0.195556
-64.9 0.200533
-64.7 0.205333
-64.5 0.208533
-64.3 0.211022
-64.1 0.213511
-63.9 0.216178
-63.7 0.218489
-63.5 0.220267
-63.3 0.221156
-63.1 0.223289
-62.9 0.225422
-62.7 0.227556
-62.5 0.229867
-62.3 0.233422
-62.1 0.235378
-61.9 0.237867
-61.7 0.242489
-61.5 0.245156
-61.3 0.247467
-61.1 0.2496
-60.9 0.254222
-60.7 0.256889
-60.5 0.259556
-60.3 0.264533
-60.1 0.267733
-59.9 0.270222
-59.7 0.272533
-59.5 0.274311
-59.3 0.277333
-59.1 0.279467
-58.9 0.282133
-58.7 0.283556
-58.5 0.285333
-58.3 0.287111
-58.1 0.290489
-57.9 0.292978
-57.7 0.295467
-57.5 0.298311
-57.3 0.301689
-57.1 0.303644
-56.9 0.304711
-56.7 0.306133
-56.5 0.307911
-56.3 0.310933
-56.1 0.312356
-55.9 0.315022
-55.7 0.318222
-55.5 0.32
-55.3 0.322311
-55.1 0.324089
-54.9 0.327289
-54.7 0.329778
-54.5 0.332444
-54.3 0.336533
-54.1 0.337956
-53.9 0.340089
-53.7 0.341511
-53.5 0.343467
-53.3 0.345778
-53.1 0.347911
-52.9 0.349511
-52.7 0.353067
-52.5 0.357333
-52.3 0.360711
-52.1 0.364089
-51.9 0.366044
-51.7 0.368711
-51.5 0.370311
-51.3 0.372267
-51.1 0.375289
-50.9 0.377067
-50.7 0.379556
-50.5 0.381689
-50.3 0.385067
-50.1 0.387733
-49.9 0.389867
-49.7 0.392356
-49.5 0.395022
-49.3 0.397156
-49.1 0.398756
-48.9 0.401778
-48.7 0.404444
-48.5 0.406756
-48.3 0.408178
-48.1 0.409956
-47.9 0.411378
-47.7 0.4144
-47.5 0.416533
-47.3 0.4176
-47.1 0.4192
-46.9 0.4208
-46.7 0.422756
-46.5 0.425067
-46.3 0.426844
-46.1 0.428267
-45.9 0.431644
-45.7 0.433244
-45.5 0.435911
-45.3 0.438044
-45.1 0.441244
-44.9 0.443556
-44.7 0.445689
-44.5 0.448
-44.3 0.451022
-44.1 0.452978
-43.9 0.4544
-43.7 0.455644
-43.5 0.457956
-43.3 0.460267
-43.1 0.462044
-42.9 0.463822
-42.7 0.465956
-42.5 0.467378
-42.3 0.4688
-42.1 0.470933
-41.9 0.4736
-41.7 0.4752
-41.5 0.476089
-41.3 0.478222
-41.1 0.480533
-40.9 0.483022
-40.7 0.484089
-40.5 0.485689
-40.3 0.487644
-40.1 0.489778
-39.9 0.4912
-39.7 0.493156
-39.5 0.496356
-39.3 0.498844
-39.1 0.499911
-38.9 0.501511
-38.7 0.505067
-38.5 0.507556
-38.3 0.510044
-38.1 0.5136
-37.9 0.515911
-37.7 0.518222
-37.5 0.520889
-37.3 0.522489
-37.1 0.524444
-36.9 0.527467
-36.7 0.5296
-36.5 0.532267
-36.3 0.534222
-36.1 0.536356
-35.9 0.538133
-35.7 0.540444
-35.5 0.542756
-35.3 0.5456
-35.1 0.547022
-34.9 0.549333
-34.7 0.551111
-34.5 0.553067
-34.3 0.554844
-34.1 0.556978
-33.9 0.558578
-33.7 0.56
-33.5 0.562133
-33.3 0.564622
-33.1 0.566044
-32.9 0.568533
-32.7 0.570667
-32.5 0.572978
-32.3 0.576
-32.1 0.577244
-31.9 0.578844
-31.7 0.580978
-31.5 0.582044
-31.3 0.584
-31.1 0.585778
-30.9 0.587378
-30.7 0.589689
-30.5 0.593422
-30.3 0.594133
-30.1 0.596089
-29.9 0.597867
-29.7 0.599289
-29.5 0.600533
-29.3 0.604444
-29.1 0.606044
-28.9 0.607111
-28.7 0.608889
-28.5 0.610844
-28.3 0.613156
-28.1 0.615111
-27.9 0.617244
-27.7 0.618133
-27.5 0.620267
-27.3 0.622933
-27.1 0.624889
-26.9 0.626667
-26.7 0.628444
-26.5 0.630756
-26.3 0.633067
-26.1 0.635556
-25.9 0.636978
-25.7 0.638578
-25.5 0.642133
-25.3 0.644978
-25.1 0.647289
-24.9 0.649244
-24.7 0.6512
-24.5 0.654044
-24.3 0.657067
-24.1 0.658667
-23.9 0.659733
-23.7 0.662222
-23.5 0.664356
-23.3 0.665956
-23.1 0.667556
-22.9 0.669511
-22.7 0.672178
-22.5 0.673778
-22.3 0.6752
-22.1 0.678222
-21.9 0.68
-21.7 0.681778
-21.5 0.684089
-21.3 0.6864
-21.1 0.688
-20.9 0.688356
-20.7 0.689778
-20.5 0.690844
-20.3 0.692267
-20.1 0.693511
-19.9 0.694933
-19.7 0.696711
-19.5 0.698489
-19.3 0.700622
-19.1 0.701867
-18.9 0.703289
-18.7 0.704356
-18.5 0.706667
-18.3 0.7088
-18.1 0.711289
-17.9 0.713067
-17.7 0.714667
-17.5 0.717333
-17.3 0.719111
-17.1 0.719822
-16.9 0.721422
-16.7 0.722489
-16.5 0.724089
-16.3 0.726578
-16.1 0.727111
-15.9 0.728
-15.7 0.730311
-15.5 0.732267
-15.3 0.733689
-15.1 0.734578
-14.9 0.736178
-14.7 0.737422
-14.5 0.739911
-14.3 0.742222
-14.1 0.744711
-13.9 0.745778
-13.7 0.747911
-13.5 0.749511
-13.3 0.751644
-13.1 0.752889
-12.9 0.754489
-12.7 0.755911
-12.5 0.758578
-12.3 0.759289
-12.1 0.760711
-11.9 0.763378
-11.7 0.764622
-11.5 0.7664
-11.3 0.767644
-11.1 0.769244
-10.9 0.770311
-10.7 0.772089
-10.5 0.772978
-10.3 0.774222
-10.1 0.776533
-9.9 0.778133
-9.7 0.779733
-9.5 0.781333
-9.3 0.7824
-9.1 0.784
-8.9 0.784889
-8.7 0.785778
-8.5 0.787378
-8.3 0.7888
-8.1 0.790578
-7.9 0.792711
-7.7 0.795378
-7.5 0.797689
-7.3 0.7984
-7.1 0.800356
-6.9 0.802311
-6.7 0.804267
-6.5 0.805689
-6.3 0.806578
-6.1 0.807822
-5.9 0.809067
-5.7 0.809956
-5.5 0.811556
-5.3 0.813867
-5.1 0.815644
-4.9 0.816533
-4.7 0.819022
-4.5 0.8208
-4.3 0.823467
-4.1 0.824533
-3.9 0.825956
-3.7 0.827378
-3.5 0.829333
-3.3 0.831111
-3.1 0.832711
-2.9 0.834844
-2.7 0.835911
-2.5 0.8368
-2.3 0.837867
-2.1 0.838933
-1.9 0.840711
-1.7 0.841778
-1.5 0.843022
-1.3 0.844267
-1.1 0.845511
-0.900002 0.846756
-0.700002 0.848356
-0.500002 0.849422
-0.300002 0.851556
-0.100002 0.853156
0.0999985 0.855111
0.299998 0.856356
0.499998 0.857778
0.699998 0.859556
0.899998 0.860267
1.1 0.861511
1.3 0.863644
1.5 0.865244
1.7 0.8672
1.9 0.868622
2.1 0.870044
2.3 0.871289
2.5 0.872
2.7 0.873956
2.9 0.8752
3.1 0.877333
3.3 0.879822
3.5 0.880533
3.7 0.881956
3.9 0.883911
4.1 0.884978
4.3 0.886044
4.5 0.886933
4.7 0.888
4.9 0.889778
5.1 0.890844
5.3 0.891733
5.5 0.892267
5.7 0.893333
5.9 0.894578
6.1 0.895289
6.3 0.897778
6.5 0.899556
6.7 0.900444
6.9 0.900978
7.1 0.902222
7.3 0.903289
7.5 0.904889
7.7 0.906489
7.9 0.9072
8.1 0.907911
8.3 0.909333
8.5 0.910044
8.7 0.911111
8.9 0.912178
9.1 0.912889
9.3 0.913422
9.5 0.915378
9.7 0.916267
9.9 0.917511
10.1 0.918044
10.3 0.919111
10.5 0.919644
10.7 0.920178
10.9 0.920889
11.1 0.921422
11.3 0.922667
11.5 0.923733
11.7 0.924267
11.9 0.924622
12.1 0.925689
12.3 0.926756
12.5 0.927644
12.7 0.928533
12.9 0.928711
13.1 0.930489
13.3 0.931022
13.5 0.931556
13.7 0.931911
13.9 0.932622
14.1 0.933511
14.3 0.934222
14.5 0.935289
14.7 0.936178
14.9 0.936889
15.1 0.937778
15.3 0.938489
15.5 0.940089
15.7 0.940978
15.9 0.941867
16.1 0.9424
16.3 0.943289
16.5 0.944
16.7 0.944711
16.9 0.945244
17.1 0.945778
17.3 0.946311
17.5 0.947911
17.7 0.948978
17.9 0.949511
18.1 0.9504
18.3 0.951111
18.5 0.951644
18.7 0.952
18.9 0.952889
19.1 0.953422
19.3 0.953956
19.5 0.954311
19.7 0.954489
19.9 0.955911
20.1 0.956622
20.3 0.9568
20.5 0.957689
20.7 0.958044
20.9 0.958756
21.1 0.959467
21.3 0.959822
21.5 0.960356
21.7 0.960711
21.9 0.961067
22.1 0.961244
22.3 0.961422
22.5 0.961778
22.7 0.962667
22.9 0.963022
23.1 0.963556
23.3 0.963733
23.5 0.964444
23.7 0.964622
23.9 0.964978
24.1 0.965689
24.3 0.9664
24.5 0.966756
24.7 0.967111
24.9 0.967644
25.1 0.967822
25.3 0.968178
25.5 0.968356
25.7 0.968711
25.9 0.968889
26.1 0.969244
26.3 0.969956
26.5 0.970667
26.7 0.971022
26.9 0.9712
27.1 0.971733
27.3 0.971911
27.5 0.972444
27.7 0.973156
27.9 0.973867
28.1 0.974044
28.3 0.974933
28.5 0.975111
28.7 0.975644
28.9 0.975822
29.1 0.976178
29.3 0.976356
29.5 0.976711
29.7 0.9776
29.9 0.977956
30.1 0.977956
30.3 0.978133
30.5 0.978489
30.7 0.978844
30.9 0.978844
31.1 0.978844
31.3 0.978844
31.5 0.9792
31.7 0.979556
31.9 0.979556
32.1 0.979556
32.3 0.980089
32.5 0.980267
32.7 0.980444
32.9 0.980444
33.1 0.980622
33.3 0.980622
33.5 0.980622
33.7 0.980622
33.9 0.980622
34.1 0.980622
34.3 0.9808
34.5 0.980978
34.7 0.981333
34.9 0.981333
35.1 0.981333
35.3 0.981333
35.5 0.981333
35.7 0.981511
35.9 0.982044
36.1 0.982222
36.3 0.982222
36.5 0.9824
36.7 0.9824
36.9 0.982756
37.1 0.983111
37.3 0.983467
37.5 0.983644
37.7 0.983822
37.9 0.984178
38.1 0.984356
38.3 0.984356
38.5 0.984711
38.7 0.984711
38.9 0.984711
39.1 0.984711
39.3 0.984711
39.5 0.984711
39.7 0.984889
39.9 0.985067
40.1 0.985244
40.3 0.985244
40.5 0.9856
40.7 0.9856
40.9 0.9856
41.1 0.985956
41.3 0.985956
41.5 0.985956
41.7 0.985956
41.9 0.986489
42.1 0.986489
42.3 0.986667
42.5 0.986844
42.7 0.986844
42.9 0.987022
43.1 0.9872
43.3 0.9872
43.5 0.987378
43.7 0.987556
43.9 0.987556
44.1 0.987733
44.3 0.988089
44.5 0.988089
44.7 0.988089
44.9 0.988267
45.1 0.988267
45.3 0.988267
45.5 0.988267
45.7 0.988267
45.9 0.988444
46.1 0.9888
46.3 0.9888
46.5 0.9888
46.7 0.9888
46.9 0.988978
47.1 0.988978
47.3 0.988978
47.5 0.989333
47.7 0.989511
47.9 0.989511
48.1 0.989689
48.3 0.989867
48.5 0.989867
48.7 0.989867
48.9 0.989867
49.1 0.989867
49.3 0.989867
49.5 0.989867
49.7 0.990044
49.9 0.990044
50.1 0.990044
50.3 0.990044
50.5 0.990222
50.7 0.990578
50.9 0.990756
51.1 0.990933
51.3 0.990933
51.5 0.990933
51.7 0.991111
51.9 0.991111
52.1 0.991289
52.3 0.991289
52.5 0.991289
52.7 0.991289
52.9 0.991289
53.1 0.991289
53.3 0.991289
53.5 0.991289
53.7 0.991467
53.9 0.991644
54.1 0.991644
54.3 0.991822
54.5 0.991822
54.7 0.992
54.9 0.992
55.1 0.992178
55.3 0.992178
55.5 0.992178
55.7 0.992356
55.9 0.992356
56.1 0.992356
56.3 0.992356
56.5 0.992356
56.7 0.992356
56.9 0.992356
57.1 0.992356
57.3 0.992356
57.5 0.992356
57.7 0.992533
57.9 0.992533
58.1 0.992533
58.3 0.992533
58.5 0.992533
58.7 0.992711
58.9 0.992711
59.1 0.992711
59.3 0.992889
59.5 0.992889
59.7 0.993067
59.9 0.993422
60.1 0.9936
60.3 0.9936
60.5 0.9936
60.7 0.9936
60.9 0.993778
61.1 0.993778
61.3 0.993778
61.5 0.993778
61.7 0.993778
61.9 0.993778
62.1 0.994133
62.3 0.994311
62.5 0.994489
62.7 0.994489
62.9 0.994489
63.1 0.994489
63.3 0.994667
63.5 0.994844
63.7 0.994844
63.9 0.995022
64.1 0.995022
64.3 0.995022
64.5 0.995022
64.7 0.995022
64.9 0.9952
65.1 0.9952
65.3 0.9952
65.5 0.9952
65.7 0.9952
65.9 0.9952
66.1 0.995378
66.3 0.995556
66.5 0.995556
66.7 0.995556
66.9 0.995556
67.1 0.995556
67.3 0.995556
67.5 0.995556
67.7 0.995911
67.9 0.995911
68.1 0.995911
68.3 0.995911
68.5 0.995911
68.7 0.995911
68.9 0.996089
69.1 0.996089
69.3 0.996444
69.5 0.996444
69.7 0.996444
69.9 0.996444
70.1 0.996444
70.3 0.996444
70.5 0.996622
70.7 0.996622
70.9 0.996622
71.1 0.996622
71.3 0.996622
71.5 0.996622
71.7 0.9968
71.9 0.9968
72.1 0.996978
72.3 0.996978
72.5 0.996978
72.7 0.996978
72.9 0.996978
73.1 0.996978
73.3 0.996978
73.5 0.997156
73.7 0.997156
73.9 0.997156
74.1 0.997333
74.3 0.997511
74.5 0.997511
74.7 0.997511
74.9 0.997511
75.1 0.997511
75.3 0.997511
75.5 0.997511
75.7 0.997511
75.9 0.997511
76.1 0.997511
76.3 0.997511
76.5 0.997689
76.7 0.997689
76.9 0.997689
77.1 0.997689
77.3 0.997689
77.5 0.997689
77.7 0.997689
77.9 0.997689
78.1 0.997689
78.3 0.997867
78.5 0.997867
78.7 0.997867
78.9 0.997867
79.1 0.997867
79.3 0.997867
79.5 0.998044
79.7 0.998044
79.9 0.998222
80.1 0.998222
80.3 0.998222
80.5 0.9984
80.7 0.9984
80.9 0.9984
81.1 0.9984
81.3 0.9984
81.5 0.9984
81.7 0.9984
81.9 0.9984
82.1 0.9984
82.3 0.9984
82.5 0.9984
82.7 0.9984
82.9 0.9984
83.1 0.9984
83.3 0.998578
83.5 0.998756
83.7 0.998756
83.9 0.998756
84.1 0.998756
84.3 0.998756
84.5 0.998756
84.7 0.998756
84.9 0.998756
85.1 0.998756
85.3 0.998756
85.5 0.998756
85.7 0.998756
85.9 0.998756
86.1 0.998933
86.3 0.998933
86.5 0.998933
86.7 0.998933
86.9 0.999111
87.1 0.999111
87.3 0.999289
87.5 0.999289
87.7 0.999289
87.9 0.999289
88.1 0.999289
88.3 0.999289
88.5 0.999289
88.7 0.999289
88.9 0.999289
89.1 0.999289
89.3 0.999289
89.5 0.999289
89.7 0.999289
89.9 0.999289
90.1 0.999289
90.3 0.999467
90.5 0.999467
90.7 0.999467
90.9 0.999467
91.1 0.999467
91.3 0.999467
91.5 0.999467
91.7 0.999467
91.9 0.999467
92.1 0.999467
92.3 0.999467
92.5 0.999467
92.7 0.999467
92.9 0.999467
93.1 0.999467
93.3 0.999467
93.5 0.999467
93.7 0.999467
93.9 0.999467
94.1 0.999467
94.3 0.999467
94.5 0.999467
94.7 0.999467
94.9 0.999467
95.1 0.999467
95.3 0.999467
95.5 0.999467
95.7 0.999467
95.9 0.999467
96.1 0.999467
96.3 0.999467
96.5 0.999467
96.7 0.999467
96.9 0.999467
97.1 0.999467
97.3 0.999644
97.5 0.999644
97.7 0.999822
97.9 1
