736
-1002.9 0.000795545
-1002.7 0.00159109
-1002.5 0.00159109
-1002.3 0.00159109
-1002.1 0.00159109
-1001.9 0.00159109
-1001.7 0.00159109
-1001.5 0.00238663
-1001.3 0.00318218
-1001.1 0.00397772
-1000.9 0.00397772
-1000.7 0.00397772
-1000.5 0.00397772
-1000.3 0.00556881
-1000.1 0.00636436
-999.9 0.0071599
-999.7 0.0071599
-999.5 0.00875099
-999.3 0.00954654
-999.1 0.0103421
-998.9 0.0111376
-998.7 0.0143198
-998.5 0.0167064
-998.3 0.0198886
-998.1 0.0222753
-997.9 0.0246619
-997.7 0.0278441
-997.5 0.0318218
-997.3 0.0357995
-997.1 0.0413683
-996.9 0.0453461
-996.7 0.052506
-996.5 0.0556881
-996.3 0.0580748
-996.1 0.061257
-995.9 0.0628481
-995.7 0.0676213
-995.5 0.071599
-995.3 0.0771679
-995.1 0.0811456
-994.9 0.0851233
-994.7 0.0875099
-994.5 0.0930788
-994.3 0.0986476
-994.1 0.103421
-993.9 0.10899
-993.7 0.112967
-993.5 0.118536
-993.3 0.121718
-993.1 0.126492
-992.9 0.128878
-992.7 0.133652
-992.5 0.138425
-992.3 0.140016
-992.1 0.143994
-991.9 0.147176
-991.7 0.151154
-991.5 0.15354
-991.3 0.155927
-991.1 0.161496
-990.9 0.165473
-990.7 0.167064
-990.5 0.170247
-990.3 0.174224
-990.1 0.17502
-989.9 0.177407
-989.7 0.178202
-989.5 0.18218
-989.3 0.185362
-989.1 0.18934
-988.9 0.191726
-988.7 0.194909
-988.5 0.198091
-988.3 0.199682
-988.1 0.201273
-987.9 0.202864
-987.7 0.204455
-987.5 0.206842
-987.3 0.206842
-987.1 0.209228
-986.9 0.210819
-986.7 0.216388
-986.5 0.221161
-986.3 0.224344
-986.1 0.225935
-985.9 0.231504
-985.7 0.23389
-985.5 0.234686
-985.3 0.237072
-985.1 0.238663
-984.9 0.243437
-984.7 0.247414
-984.5 0.24821
-984.3 0.251392
-984.1 0.251392
-983.9 0.251392
-983.7 0.25537
-983.5 0.257757
-983.3 0.26253
-983.1 0.263325
-982.9 0.264121
-982.7 0.267303
-982.5 0.26969
-982.3 0.275259
-982.1 0.27685
-981.9 0.279236
-981.7 0.280827
-981.5 0.287192
-981.3 0.290374
-981.1 0.293556
-980.9 0.295943
-980.7 0.297534
-980.5 0.298329
-980.3 0.301512
-980.1 0.305489
-979.9 0.308671
-979.7 0.310263
-979.5 0.311058
-979.3 0.313445
-979.1 0.315036
-978.9 0.316627
-978.7 0.319014
-978.5 0.322991
-978.3 0.326969
-978.1 0.330151
-977.9 0.333333
-977.7 0.334924
-977.5 0.338107
-977.3 0.340493
-977.1 0.345267
-976.9 0.347653
-976.7 0.350835
-976.5 0.355609
-976.3 0.3572
-976.1 0.359586
-975.9 0.360382
-975.7 0.363564
-975.5 0.366746
-975.3 0.368337
-975.1 0.370724
-974.9 0.371519
-974.7 0.373111
-974.5 0.375497
-974.3 0.378679
-974.1 0.381862
-973.9 0.384248
-973.7 0.385839
-973.5 0.389021
-973.3 0.390613
-973.1 0.392204
-972.9 0.39459
-972.7 0.397772
-972.5 0.399364
-972.3 0.404932
-972.1 0.408115
-971.9 0.410501
-971.7 0.413683
-971.5 0.415274
-971.3 0.418457
-971.1 0.420048
-970.9 0.421639
-970.7 0.425617
-970.5 0.426412
-970.3 0.431185
-970.1 0.432776
-969.9 0.433572
-969.7 0.435959
-969.5 0.442323
-969.3 0.445505
-969.1 0.447096
-968.9 0.451074
-968.7 0.455847
-968.5 0.456643
-968.3 0.459029
-968.1 0.460621
-967.9 0.460621
-967.7 0.462212
-967.5 0.465394
-967.3 0.46778
-967.1 0.46778
-966.9 0.46778
-966.7 0.469372
-966.5 0.470963
-966.3 0.474145
-966.1 0.475736
-965.9 0.478123
-965.7 0.482896
-965.5 0.482896
-965.3 0.486874
-965.1 0.490851
-964.9 0.491647
-964.7 0.494033
-964.5 0.495625
-964.3 0.49642
-964.1 0.498807
-963.9 0.500398
-963.7 0.501989
-963.5 0.504375
-963.3 0.506762
-963.1 0.509149
-962.9 0.51074
-962.7 0.514718
-962.5 0.516309
-962.3 0.518695
-962.1 0.522673
-961.9 0.523469
-961.7 0.526651
-961.5 0.529833
-961.3 0.531424
-961.1 0.531424
-960.9 0.53222
-960.7 0.534606
-960.5 0.536197
-960.3 0.539379
-960.1 0.544153
-959.9 0.546539
-959.7 0.547335
-959.5 0.551313
-959.3 0.552904
-959.1 0.553699
-958.9 0.55529
-958.7 0.556086
-958.5 0.558473
-958.3 0.559268
-958.1 0.564041
-957.9 0.564837
-957.7 0.564837
-957.5 0.567224
-957.3 0.570406
-957.1 0.572792
-956.9 0.575179
-956.7 0.577566
-956.5 0.579952
-956.3 0.581543
-956.1 0.58393
-955.9 0.584726
-955.7 0.586317
-955.5 0.587908
-955.3 0.590294
-955.1 0.591885
-954.9 0.593477
-954.7 0.596659
-954.5 0.599045
-954.3 0.600636
-954.1 0.603023
-953.9 0.604614
-953.7 0.60541
-953.5 0.607001
-953.3 0.608592
-953.1 0.610183
-952.9 0.611774
-952.7 0.614161
-952.5 0.617343
-952.3 0.61973
-952.1 0.620525
-951.9 0.625298
-951.7 0.626889
-951.5 0.627685
-951.3 0.629276
-951.1 0.630072
-950.9 0.630072
-950.7 0.630072
-950.5 0.631663
-950.3 0.634049
-950.1 0.638823
-949.9 0.639618
-949.7 0.641209
-949.5 0.6428
-949.3 0.646778
-949.1 0.64996
-948.9 0.651551
-948.7 0.653142
-948.5 0.655529
-948.3 0.65712
-948.1 0.660302
-947.9 0.661098
-947.7 0.661893
-947.5 0.663484
-947.3 0.667462
-947.1 0.673031
-946.9 0.677804
-946.7 0.677804
-946.5 0.680191
-946.3 0.682578
-946.1 0.684964
-945.9 0.68576
-945.7 0.686555
-945.5 0.688146
-945.3 0.688942
-945.1 0.69292
-944.9 0.694511
-944.7 0.695306
-944.5 0.697693
-944.3 0.700875
-944.1 0.700875
-943.9 0.701671
-943.7 0.702466
-943.5 0.704057
-943.3 0.704057
-943.1 0.707239
-942.9 0.709626
-942.7 0.711217
-942.5 0.712808
-942.3 0.713604
-942.1 0.714399
-941.9 0.718377
-941.7 0.720764
-941.5 0.723946
-941.3 0.725537
-941.1 0.728719
-940.9 0.73031
-940.7 0.732697
-940.5 0.732697
-940.3 0.733492
-940.1 0.735084
-939.9 0.736675
-939.7 0.739061
-939.5 0.740652
-939.3 0.743039
-939.1 0.743835
-938.9 0.747017
-938.7 0.747017
-938.5 0.747812
-938.3 0.75179
-938.1 0.752586
-937.9 0.753381
-937.7 0.754972
-937.5 0.755768
-937.3 0.75895
-937.1 0.760541
-936.9 0.761337
-936.7 0.762928
-936.5 0.76611
-936.3 0.768496
-936.1 0.771679
-935.9 0.774065
-935.7 0.774861
-935.5 0.776452
-935.3 0.781225
-935.1 0.784407
-934.9 0.785998
-934.7 0.786794
-934.5 0.787589
-934.3 0.789181
-934.1 0.790772
-933.9 0.794749
-933.7 0.794749
-933.5 0.797932
-933.3 0.799523
-933.1 0.801114
-932.9 0.804296
-932.7 0.805091
-932.5 0.806683
-932.3 0.807478
-932.1 0.81066
-931.9 0.813047
-931.7 0.814638
-931.5 0.816229
-931.3 0.818616
-931.1 0.821002
-930.9 0.821002
-930.7 0.823389
-930.5 0.824185
-930.3 0.827367
-930.1 0.828958
-929.9 0.83214
-929.7 0.832936
-929.5 0.834527
-929.3 0.835322
-929.1 0.835322
-928.9 0.836118
-928.7 0.8393
-928.5 0.840891
-928.3 0.840891
-928.1 0.843278
-927.9 0.844869
-927.7 0.84646
-927.5 0.847255
-927.3 0.849642
-927.1 0.849642
-926.9 0.849642
-926.7 0.850438
-926.5 0.852029
-926.3 0.85362
-926.1 0.854415
-925.9 0.856006
-925.7 0.857597
-925.5 0.861575
-925.3 0.862371
-925.1 0.863962
-924.9 0.864757
-924.7 0.86794
-924.5 0.868735
-924.3 0.871122
-924.1 0.872713
-923.9 0.874304
-923.7 0.874304
-923.5 0.876691
-923.3 0.877486
-923.1 0.879077
-922.9 0.879873
-922.7 0.882259
-922.5 0.882259
-922.3 0.883055
-922.1 0.88385
-921.9 0.884646
-921.7 0.884646
-921.5 0.884646
-921.3 0.885442
-921.1 0.885442
-920.9 0.885442
-920.7 0.886237
-920.5 0.887033
-920.3 0.888624
-920.1 0.889419
-919.9 0.894193
-919.7 0.894988
-919.5 0.894988
-919.3 0.895784
-919.1 0.895784
-918.9 0.896579
-918.7 0.896579
-918.5 0.897375
-918.3 0.899761
-918.1 0.902148
-917.9 0.902148
-917.7 0.902944
-917.5 0.903739
-917.3 0.907717
-917.1 0.907717
-916.9 0.908512
-916.7 0.908512
-916.5 0.910899
-916.3 0.911695
-916.1 0.91249
-915.9 0.914081
-915.7 0.914081
-915.5 0.914081
-915.3 0.914877
-915.1 0.915672
-914.9 0.916468
-914.7 0.916468
-914.5 0.916468
-914.3 0.918854
-914.1 0.91965
-913.9 0.921241
-913.7 0.921241
-913.5 0.923628
-913.3 0.924423
-913.1 0.924423
-912.9 0.924423
-912.7 0.924423
-912.5 0.926014
-912.3 0.927605
-912.1 0.927605
-911.9 0.928401
-911.7 0.929196
-911.5 0.929992
-911.3 0.930788
-911.1 0.930788
-910.9 0.93397
-910.7 0.934765
-910.5 0.934765
-910.3 0.935561
-910.1 0.935561
-909.9 0.935561
-909.7 0.937152
-909.5 0.937152
-909.3 0.937947
-909.1 0.938743
-908.9 0.939539
-908.7 0.940334
-908.5 0.942721
-908.3 0.942721
-908.1 0.944312
-907.9 0.945107
-907.7 0.945107
-907.5 0.945107
-907.3 0.945107
-907.1 0.945107
-906.9 0.945903
-906.7 0.945903
-906.5 0.946698
-906.3 0.94829
-906.1 0.949881
-905.9 0.950676
-905.7 0.951472
-905.5 0.953858
-905.3 0.956245
-905.1 0.957041
-904.9 0.958632
-904.7 0.959427
-904.5 0.961814
-904.3 0.962609
-904.1 0.963405
-903.9 0.963405
-903.7 0.9642
-903.5 0.9642
-903.3 0.9642
-903.1 0.964996
-902.9 0.964996
-902.7 0.966587
-902.5 0.966587
-902.3 0.966587
-902.1 0.966587
-901.9 0.966587
-901.7 0.966587
-901.5 0.967383
-901.3 0.968178
-901.1 0.968178
-900.9 0.968178
-900.7 0.968178
-900.5 0.968178
-900.3 0.969769
-900.1 0.969769
-899.9 0.97136
-899.7 0.972156
-899.5 0.972156
-899.3 0.972951
-899.1 0.974543
-898.9 0.975338
-898.7 0.975338
-898.5 0.975338
-898.3 0.976134
-898.1 0.976134
-897.9 0.976134
-897.7 0.976134
-897.5 0.976134
-897.3 0.976929
-897.1 0.977725
-896.9 0.977725
-896.7 0.977725
-896.5 0.977725
-896.3 0.977725
-896.1 0.979316
-895.9 0.979316
-895.7 0.979316
-895.5 0.979316
-895.3 0.979316
-895.1 0.979316
-894.9 0.979316
-894.7 0.980111
-894.5 0.980111
-894.3 0.980111
-894.1 0.980111
-893.9 0.980111
-893.7 0.980111
-893.5 0.980111
-893.3 0.980907
-893.1 0.980907
-892.9 0.980907
-892.7 0.980907
-892.5 0.981702
-892.3 0.983294
-892.1 0.983294
-891.9 0.983294
-891.7 0.983294
-891.5 0.983294
-891.3 0.983294
-891.1 0.983294
-890.9 0.983294
-890.7 0.983294
-890.5 0.984089
-890.3 0.984885
-890.1 0.984885
-889.9 0.984885
-889.7 0.984885
-889.5 0.98568
-889.3 0.98568
-889.1 0.98568
-888.9 0.98568
-888.7 0.98568
-888.5 0.98568
-888.3 0.98568
-888.1 0.98568
-887.9 0.98568
-887.7 0.986476
-887.5 0.987271
-887.3 0.987271
-887.1 0.987271
-886.9 0.987271
-886.7 0.987271
-886.5 0.987271
-886.3 0.987271
-886.1 0.988067
-885.9 0.988862
-885.7 0.988862
-885.5 0.988862
-885.3 0.988862
-885.1 0.989658
-884.9 0.989658
-884.7 0.990453
-884.5 0.990453
-884.3 0.990453
-884.1 0.990453
-883.9 0.990453
-883.7 0.990453
-883.5 0.990453
-883.3 0.990453
-883.1 0.990453
-882.9 0.990453
-882.7 0.990453
-882.5 0.991249
-882.3 0.991249
-882.1 0.991249
-881.9 0.991249
-881.7 0.991249
-881.5 0.991249
-881.3 0.991249
-881.1 0.992045
-880.9 0.992045
-880.7 0.992045
-880.5 0.992045
-880.3 0.992045
-880.1 0.992045
-879.9 0.992045
-879.7 0.992045
-879.5 0.992045
-879.3 0.992045
-879.1 0.992045
-878.9 0.992045
-878.7 0.99284
-878.5 0.99284
-878.3 0.99284
-878.1 0.993636
-877.9 0.993636
-877.7 0.994431
-877.5 0.994431
-877.3 0.994431
-877.1 0.994431
-876.9 0.994431
-876.7 0.995227
-876.5 0.995227
-876.3 0.996022
-876.1 0.997613
-875.9 0.997613
-875.7 0.997613
-875.5 0.997613
-875.3 0.997613
-875.1 0.997613
-874.9 0.997613
-874.7 0.997613
-874.5 0.997613
-874.3 0.997613
-874.1 0.997613
-873.9 0.997613
-873.7 0.997613
-873.5 0.997613
-873.3 0.997613
-873.1 0.997613
-872.9 0.997613
-872.7 0.997613
-872.5 0.997613
-872.3 0.997613
-872.1 0.997613
-871.9 0.997613
-871.7 0.997613
-871.5 0.997613
-871.3 0.997613
-871.1 0.997613
-870.9 0.997613
-870.7 0.997613
-870.5 0.997613
-870.3 0.997613
-870.1 0.997613
-869.9 0.997613
-869.7 0.997613
-869.5 0.997613
-869.3 0.997613
-869.1 0.997613
-868.9 0.998409
-868.7 0.998409
-868.5 0.998409
-868.3 0.998409
-868.1 0.998409
-867.9 0.998409
-867.7 0.998409
-867.5 0.998409
-867.3 0.998409
-867.1 0.998409
-866.9 0.998409
-866.7 0.998409
-866.5 0.998409
-866.3 0.998409
-866.1 0.998409
-865.9 0.998409
-865.7 0.998409
-865.5 0.998409
-865.3 0.998409
-865.1 0.998409
-864.9 0.998409
-864.7 0.998409
-864.5 0.998409
-864.3 0.998409
-864.1 0.998409
-863.9 0.998409
-863.7 0.998409
-863.5 0.998409
-863.3 0.998409
-863.1 0.999204
-862.9 0.999204
-862.7 0.999204
-862.5 0.999204
-862.3 0.999204
-862.1 0.999204
-861.9 0.999204
-861.7 0.999204
-861.5 0.999204
-861.3 0.999204
-861.1 0.999204
-860.9 0.999204
-860.7 0.999204
-860.5 0.999204
-860.3 0.999204
-860.1 0.999204
-859.9 0.999204
-859.7 0.999204
-859.5 0.999204
-859.3 0.999204
-859.1 0.999204
-858.9 0.999204
-858.7 0.999204
-858.5 0.999204
-858.3 0.999204
-858.1 0.999204
-857.9 0.999204
-857.7 0.999204
-857.5 0.999204
-857.3 0.999204
-857.1 0.999204
-856.9 0.999204
-856.7 0.999204
-856.5 0.999204
-856.3 0.999204
-856.1 0.999204
-855.9 1
