913
-1002.5 0.00159109
-1002.3 0.00238663
-1002.1 0.00238663
-1001.9 0.00238663
-1001.7 0.00238663
-1001.5 0.00238663
-1001.3 0.00318218
-1001.1 0.00397772
-1000.9 0.00477327
-1000.7 0.00636436
-1000.5 0.00636436
-1000.3 0.0071599
-1000.1 0.0071599
-999.9 0.0103421
-999.7 0.0127287
-999.5 0.0135243
-999.3 0.0151154
-999.1 0.0159109
-998.9 0.0190931
-998.7 0.0198886
-998.5 0.0198886
-998.3 0.0222753
-998.1 0.0238663
-997.9 0.0278441
-997.7 0.0278441
-997.5 0.0318218
-997.3 0.0365951
-997.1 0.0405728
-996.9 0.043755
-996.7 0.0477327
-996.5 0.052506
-996.3 0.0580748
-996.1 0.0620525
-995.9 0.0668258
-995.7 0.070008
-995.5 0.0739857
-995.3 0.0811456
-995.1 0.0827367
-994.9 0.0851233
-994.7 0.0875099
-994.5 0.0922832
-994.3 0.0962609
-994.1 0.0994431
-993.9 0.10183
-993.7 0.105807
-993.5 0.107399
-993.3 0.112172
-993.1 0.115354
-992.9 0.119332
-992.7 0.120923
-992.5 0.128083
-992.3 0.131265
-992.1 0.134447
-991.9 0.137629
-991.7 0.142403
-991.5 0.145585
-991.3 0.147971
-991.1 0.148767
-990.9 0.151949
-990.7 0.15354
-990.5 0.155927
-990.3 0.158313
-990.1 0.159109
-989.9 0.161496
-989.7 0.167064
-989.5 0.169451
-989.3 0.173429
-989.1 0.178998
-988.9 0.180589
-988.7 0.18218
-988.5 0.187749
-988.3 0.191726
-988.1 0.1965
-987.9 0.199682
-987.7 0.20366
-987.5 0.204455
-987.3 0.207637
-987.1 0.213206
-986.9 0.215593
-986.7 0.221161
-986.5 0.225139
-986.3 0.229117
-986.1 0.231504
-985.9 0.236277
-985.7 0.237868
-985.5 0.239459
-985.3 0.243437
-985.1 0.243437
-984.9 0.24821
-984.7 0.250597
-984.5 0.252188
-984.3 0.256961
-984.1 0.258552
-983.9 0.26253
-983.7 0.268099
-983.5 0.271281
-983.3 0.273667
-983.1 0.275259
-982.9 0.278441
-982.7 0.282418
-982.5 0.284805
-982.3 0.287987
-982.1 0.289578
-981.9 0.292761
-981.7 0.296738
-981.5 0.296738
-981.3 0.299125
-981.1 0.303103
-980.9 0.304694
-980.7 0.308671
-980.5 0.312649
-980.3 0.31424
-980.1 0.317422
-979.9 0.322196
-979.7 0.323787
-979.5 0.326969
-979.3 0.32856
-979.1 0.330947
-978.9 0.330947
-978.7 0.332538
-978.5 0.332538
-978.3 0.33572
-978.1 0.337311
-977.9 0.338107
-977.7 0.339698
-977.5 0.34288
-977.3 0.345267
-977.1 0.346858
-976.9 0.348449
-976.7 0.35004
-976.5 0.353222
-976.3 0.354018
-976.1 0.356404
-975.9 0.3572
-975.7 0.360382
-975.5 0.363564
-975.3 0.36436
-975.1 0.366746
-974.9 0.368337
-974.7 0.369928
-974.5 0.372315
-974.3 0.373111
-974.1 0.377088
-973.9 0.379475
-973.7 0.381066
-973.5 0.383453
-973.3 0.385044
-973.1 0.389817
-972.9 0.39459
-972.7 0.396977
-972.5 0.400159
-972.3 0.400955
-972.1 0.400955
-971.9 0.405728
-971.7 0.405728
-971.5 0.406523
-971.3 0.408115
-971.1 0.409706
-970.9 0.409706
-970.7 0.412092
-970.5 0.412888
-970.3 0.412888
-970.1 0.414479
-969.9 0.419252
-969.7 0.425617
-969.5 0.427208
-969.3 0.431185
-969.1 0.432776
-968.9 0.433572
-968.7 0.434368
-968.5 0.434368
-968.3 0.435163
-968.1 0.436754
-967.9 0.439141
-967.7 0.440732
-967.5 0.443119
-967.3 0.445505
-967.1 0.448687
-966.9 0.449483
-966.7 0.451074
-966.5 0.452665
-966.3 0.454256
-966.1 0.455052
-965.9 0.456643
-965.7 0.460621
-965.5 0.461416
-965.3 0.462212
-965.1 0.466189
-964.9 0.468576
-964.7 0.470963
-964.5 0.476531
-964.3 0.478123
-964.1 0.481305
-963.9 0.484487
-963.7 0.490851
-963.5 0.492442
-963.3 0.492442
-963.1 0.493238
-962.9 0.495625
-962.7 0.49642
-962.5 0.498011
-962.3 0.499602
-962.1 0.502784
-961.9 0.504375
-961.7 0.507558
-961.5 0.508353
-961.3 0.513126
-961.1 0.515513
-960.9 0.517104
-960.7 0.520286
-960.5 0.52506
-960.3 0.526651
-960.1 0.527446
-959.9 0.529037
-959.7 0.533015
-959.5 0.533811
-959.3 0.534606
-959.1 0.536993
-958.9 0.536993
-958.7 0.537788
-958.5 0.539379
-958.3 0.541766
-958.1 0.542562
-957.9 0.544948
-957.7 0.547335
-957.5 0.551313
-957.3 0.553699
-957.1 0.556086
-956.9 0.558473
-956.7 0.560859
-956.5 0.564837
-956.3 0.566428
-956.1 0.568815
-955.9 0.571201
-955.7 0.573588
-955.5 0.574383
-955.3 0.577566
-955.1 0.578361
-954.9 0.582339
-954.7 0.58393
-954.5 0.585521
-954.3 0.585521
-954.1 0.587112
-953.9 0.588703
-953.7 0.589499
-953.5 0.59109
-953.3 0.595068
-953.1 0.599045
-952.9 0.604614
-952.7 0.606205
-952.5 0.607796
-952.3 0.611774
-952.1 0.615752
-951.9 0.617343
-951.7 0.621321
-951.5 0.624503
-951.3 0.624503
-951.1 0.628481
-950.9 0.628481
-950.7 0.628481
-950.5 0.630072
-950.3 0.634049
-950.1 0.63564
-949.9 0.638027
-949.7 0.639618
-949.5 0.642005
-949.3 0.643596
-949.1 0.646778
-948.9 0.647574
-948.7 0.64996
-948.5 0.652347
-948.3 0.653142
-948.1 0.654733
-947.9 0.656325
-947.7 0.657916
-947.5 0.659507
-947.3 0.661893
-947.1 0.663484
-946.9 0.665871
-946.7 0.669053
-946.5 0.673031
-946.3 0.674622
-946.1 0.677009
-945.9 0.677009
-945.7 0.6786
-945.5 0.679395
-945.3 0.680191
-945.1 0.682578
-944.9 0.683373
-944.7 0.686555
-944.5 0.688942
-944.3 0.689737
-944.1 0.69292
-943.9 0.694511
-943.7 0.694511
-943.5 0.695306
-943.3 0.699284
-943.1 0.699284
-942.9 0.701671
-942.7 0.704853
-942.5 0.706444
-942.3 0.707239
-942.1 0.710422
-941.9 0.710422
-941.7 0.712808
-941.5 0.713604
-941.3 0.714399
-941.1 0.71599
-940.9 0.717582
-940.7 0.722355
-940.5 0.724741
-940.3 0.727924
-940.1 0.729515
-939.9 0.731901
-939.7 0.735084
-939.5 0.73747
-939.3 0.739061
-939.1 0.742243
-938.9 0.74463
-938.7 0.747812
-938.5 0.748608
-938.3 0.749403
-938.1 0.75179
-937.9 0.752586
-937.7 0.753381
-937.5 0.754972
-937.3 0.754972
-937.1 0.756563
-936.9 0.757359
-936.7 0.758154
-936.5 0.758154
-936.3 0.758154
-936.1 0.761337
-935.9 0.762928
-935.7 0.762928
-935.5 0.763723
-935.3 0.76611
-935.1 0.770088
-934.9 0.770883
-934.7 0.771679
-934.5 0.774861
-934.3 0.775656
-934.1 0.775656
-933.9 0.776452
-933.7 0.778839
-933.5 0.779634
-933.3 0.779634
-933.1 0.782021
-932.9 0.784407
-932.7 0.787589
-932.5 0.789181
-932.3 0.789181
-932.1 0.791567
-931.9 0.795545
-931.7 0.79634
-931.5 0.797136
-931.3 0.798727
-931.1 0.800318
-930.9 0.801909
-930.7 0.801909
-930.5 0.802705
-930.3 0.805091
-930.1 0.808274
-929.9 0.811456
-929.7 0.812251
-929.5 0.813842
-929.3 0.817025
-929.1 0.818616
-928.9 0.820207
-928.7 0.822593
-928.5 0.823389
-928.3 0.825776
-928.1 0.826571
-927.9 0.828958
-927.7 0.829753
-927.5 0.831344
-927.3 0.833731
-927.1 0.834527
-926.9 0.834527
-926.7 0.836118
-926.5 0.836118
-926.3 0.8393
-926.1 0.840095
-925.9 0.840095
-925.7 0.842482
-925.5 0.843278
-925.3 0.844073
-925.1 0.845664
-924.9 0.847255
-924.7 0.848846
-924.5 0.848846
-924.3 0.851233
-924.1 0.851233
-923.9 0.852029
-923.7 0.852824
-923.5 0.852824
-923.3 0.852824
-923.1 0.855211
-922.9 0.856802
-922.7 0.857597
-922.5 0.859984
-922.3 0.861575
-922.1 0.861575
-921.9 0.862371
-921.7 0.863166
-921.5 0.863166
-921.3 0.865553
-921.1 0.866348
-920.9 0.867144
-920.7 0.86794
-920.5 0.870326
-920.3 0.871917
-920.1 0.872713
-919.9 0.873508
-919.7 0.873508
-919.5 0.873508
-919.3 0.876691
-919.1 0.876691
-918.9 0.876691
-918.7 0.879077
-918.5 0.880668
-918.3 0.883055
-918.1 0.886237
-917.9 0.887033
-917.7 0.888624
-917.5 0.888624
-917.3 0.889419
-917.1 0.889419
-916.9 0.889419
-916.7 0.890215
-916.5 0.891806
-916.3 0.892601
-916.1 0.894193
-915.9 0.895784
-915.7 0.896579
-915.5 0.897375
-915.3 0.898966
-915.1 0.900557
-914.9 0.900557
-914.7 0.901352
-914.5 0.902148
-914.3 0.902148
-914.1 0.902148
-913.9 0.902944
-913.7 0.903739
-913.5 0.904535
-913.3 0.907717
-913.1 0.910103
-912.9 0.910899
-912.7 0.911695
-912.5 0.914081
-912.3 0.916468
-912.1 0.916468
-911.9 0.917263
-911.7 0.918059
-911.5 0.918854
-911.3 0.918854
-911.1 0.920446
-910.9 0.920446
-910.7 0.921241
-910.5 0.921241
-910.3 0.921241
-910.1 0.922037
-909.9 0.922832
-909.7 0.922832
-909.5 0.924423
-909.3 0.926014
-909.1 0.926014
-908.9 0.927605
-908.7 0.930788
-908.5 0.930788
-908.3 0.932379
-908.1 0.932379
-907.9 0.933174
-907.7 0.93397
-907.5 0.934765
-907.3 0.934765
-907.1 0.935561
-906.9 0.936356
-906.7 0.938743
-906.5 0.940334
-906.3 0.940334
-906.1 0.941925
-905.9 0.942721
-905.7 0.942721
-905.5 0.942721
-905.3 0.943516
-905.1 0.943516
-904.9 0.944312
-904.7 0.944312
-904.5 0.945903
-904.3 0.945903
-904.1 0.947494
-903.9 0.947494
-903.7 0.947494
-903.5 0.947494
-903.3 0.947494
-903.1 0.947494
-902.9 0.949881
-902.7 0.950676
-902.5 0.951472
-902.3 0.952267
-902.1 0.953063
-901.9 0.953858
-901.7 0.955449
-901.5 0.955449
-901.3 0.956245
-901.1 0.956245
-900.9 0.957041
-900.7 0.957041
-900.5 0.957041
-900.3 0.957836
-900.1 0.957836
-899.9 0.960223
-899.7 0.960223
-899.5 0.961814
-899.3 0.961814
-899.1 0.961814
-898.9 0.961814
-898.7 0.962609
-898.5 0.962609
-898.3 0.9642
-898.1 0.9642
-897.9 0.9642
-897.7 0.965792
-897.5 0.965792
-897.3 0.965792
-897.1 0.966587
-896.9 0.966587
-896.7 0.967383
-896.5 0.967383
-896.3 0.967383
-896.1 0.968974
-895.9 0.968974
-895.7 0.970565
-895.5 0.972156
-895.3 0.972156
-895.1 0.972951
-894.9 0.973747
-894.7 0.974543
-894.5 0.974543
-894.3 0.974543
-894.1 0.974543
-893.9 0.974543
-893.7 0.974543
-893.5 0.974543
-893.3 0.974543
-893.1 0.975338
-892.9 0.976134
-892.7 0.976134
-892.5 0.976134
-892.3 0.976134
-892.1 0.976134
-891.9 0.976134
-891.7 0.976134
-891.5 0.976134
-891.3 0.976134
-891.1 0.976134
-890.9 0.976134
-890.7 0.976134
-890.5 0.976929
-890.3 0.977725
-890.1 0.97852
-889.9 0.97852
-889.7 0.979316
-889.5 0.979316
-889.3 0.980111
-889.1 0.980111
-888.9 0.980111
-888.7 0.980111
-888.5 0.980111
-888.3 0.980111
-888.1 0.980111
-887.9 0.980907
-887.7 0.980907
-887.5 0.981702
-887.3 0.981702
-887.1 0.981702
-886.9 0.981702
-886.7 0.981702
-886.5 0.981702
-886.3 0.981702
-886.1 0.981702
-885.9 0.981702
-885.7 0.981702
-885.5 0.981702
-885.3 0.982498
-885.1 0.982498
-884.9 0.982498
-884.7 0.982498
-884.5 0.982498
-884.3 0.982498
-884.1 0.983294
-883.9 0.983294
-883.7 0.983294
-883.5 0.983294
-883.3 0.983294
-883.1 0.983294
-882.9 0.983294
-882.7 0.983294
-882.5 0.983294
-882.3 0.984089
-882.1 0.984089
-881.9 0.984885
-881.7 0.984885
-881.5 0.984885
-881.3 0.984885
-881.1 0.984885
-880.9 0.98568
-880.7 0.98568
-880.5 0.986476
-880.3 0.986476
-880.1 0.986476
-879.9 0.987271
-879.7 0.988067
-879.5 0.988067
-879.3 0.988067
-879.1 0.988067
-878.9 0.988067
-878.7 0.988067
-878.5 0.988862
-878.3 0.988862
-878.1 0.988862
-877.9 0.988862
-877.7 0.988862
-877.5 0.989658
-877.3 0.989658
-877.1 0.989658
-876.9 0.989658
-876.7 0.989658
-876.5 0.989658
-876.3 0.989658
-876.1 0.989658
-875.9 0.989658
-875.7 0.990453
-875.5 0.990453
-875.3 0.990453
-875.1 0.990453
-874.9 0.990453
-874.7 0.990453
-874.5 0.990453
-874.3 0.990453
-874.1 0.990453
-873.9 0.990453
-873.7 0.990453
-873.5 0.990453
-873.3 0.990453
-873.1 0.990453
-872.9 0.990453
-872.7 0.991249
-872.5 0.991249
-872.3 0.991249
-872.1 0.991249
-871.9 0.991249
-871.7 0.991249
-871.5 0.991249
-871.3 0.991249
-871.1 0.991249
-870.9 0.991249
-870.7 0.991249
-870.5 0.991249
-870.3 0.991249
-870.1 0.991249
-869.9 0.991249
-869.7 0.991249
-869.5 0.991249
-869.3 0.992045
-869.1 0.992045
-868.9 0.992045
-868.7 0.992045
-868.5 0.992045
-868.3 0.992045
-868.1 0.992045
-867.9 0.992045
-867.7 0.992045
-867.5 0.992045
-867.3 0.992045
-867.1 0.992045
-866.9 0.992045
-866.7 0.992045
-866.5 0.992045
-866.3 0.992045
-866.1 0.992045
-865.9 0.992045
-865.7 0.992045
-865.5 0.992045
-865.3 0.992045
-865.1 0.992045
-864.9 0.992045
-864.7 0.99284
-864.5 0.99284
-864.3 0.99284
-864.1 0.99284
-863.9 0.99284
-863.7 0.99284
-863.5 0.99284
-863.3 0.99284
-863.1 0.99284
-862.9 0.99284
-862.7 0.99284
-862.5 0.99284
-862.3 0.99284
-862.1 0.99284
-861.9 0.99284
-861.7 0.99284
-861.5 0.99284
-861.3 0.99284
-861.1 0.99284
-860.9 0.99284
-860.7 0.99284
-860.5 0.99284
-860.3 0.99284
-860.1 0.99284
-859.9 0.99284
-859.7 0.993636
-859.5 0.993636
-859.3 0.993636
-859.1 0.993636
-858.9 0.994431
-858.7 0.994431
-858.5 0.994431
-858.3 0.994431
-858.1 0.995227
-857.9 0.995227
-857.7 0.995227
-857.5 0.995227
-857.3 0.995227
-857.1 0.995227
-856.9 0.996022
-856.7 0.996022
-856.5 0.996022
-856.3 0.996022
-856.1 0.996022
-855.9 0.996022
-855.7 0.996022
-855.5 0.996022
-855.3 0.996022
-855.1 0.996022
-854.9 0.996022
-854.7 0.996022
-854.5 0.996818
-854.3 0.996818
-854.1 0.996818
-853.9 0.996818
-853.7 0.996818
-853.5 0.996818
-853.3 0.996818
-853.1 0.996818
-852.9 0.996818
-852.7 0.996818
-852.5 0.996818
-852.3 0.996818
-852.1 0.996818
-851.9 0.996818
-851.7 0.996818
-851.5 0.996818
-851.3 0.996818
-851.1 0.996818
-850.9 0.996818
-850.7 0.996818
-850.5 0.996818
-850.3 0.996818
-850.1 0.996818
-849.9 0.996818
-849.7 0.996818
-849.5 0.996818
-849.3 0.996818
-849.1 0.996818
-848.9 0.996818
-848.7 0.996818
-848.5 0.996818
-848.3 0.996818
-848.1 0.996818
-847.9 0.996818
-847.7 0.996818
-847.5 0.996818
-847.3 0.996818
-847.1 0.996818
-846.9 0.996818
-846.7 0.997613
-846.5 0.997613
-846.3 0.997613
-846.1 0.997613
-845.9 0.997613
-845.7 0.997613
-845.5 0.997613
-845.3 0.997613
-845.1 0.997613
-844.9 0.997613
-844.7 0.997613
-844.5 0.997613
-844.3 0.997613
-844.1 0.997613
-843.9 0.997613
-843.7 0.997613
-843.5 0.997613
-843.3 0.997613
-843.1 0.997613
-842.9 0.997613
-842.7 0.997613
-842.5 0.997613
-842.3 0.997613
-842.1 0.997613
-841.9 0.997613
-841.7 0.997613
-841.5 0.997613
-841.3 0.997613
-841.1 0.997613
-840.9 0.997613
-840.7 0.997613
-840.5 0.997613
-840.3 0.997613
-840.1 0.997613
-839.9 0.997613
-839.7 0.997613
-839.5 0.997613
-839.3 0.997613
-839.1 0.997613
-838.9 0.997613
-838.7 0.997613
-838.5 0.997613
-838.3 0.997613
-838.1 0.997613
-837.9 0.997613
-837.7 0.997613
-837.5 0.997613
-837.3 0.997613
-837.1 0.997613
-836.9 0.997613
-836.7 0.997613
-836.5 0.997613
-836.3 0.997613
-836.1 0.997613
-835.9 0.997613
-835.7 0.997613
-835.5 0.997613
-835.3 0.997613
-835.1 0.997613
-834.9 0.997613
-834.7 0.997613
-834.5 0.997613
-834.3 0.997613
-834.1 0.997613
-833.9 0.997613
-833.7 0.997613
-833.5 0.997613
-833.3 0.997613
-833.1 0.997613
-832.9 0.997613
-832.7 0.997613
-832.5 0.997613
-832.3 0.997613
-832.1 0.997613
-831.9 0.997613
-831.7 0.997613
-831.5 0.997613
-831.3 0.997613
-831.1 0.997613
-830.9 0.997613
-830.7 0.997613
-830.5 0.997613
-830.3 0.997613
-830.1 0.997613
-829.9 0.997613
-829.7 0.997613
-829.5 0.997613
-829.3 0.997613
-829.1 0.997613
-828.9 0.997613
-828.7 0.997613
-828.5 0.997613
-828.3 0.997613
-828.1 0.997613
-827.9 0.997613
-827.7 0.997613
-827.5 0.997613
-827.3 0.997613
-827.1 0.997613
-826.9 0.997613
-826.7 0.997613
-826.5 0.997613
-826.3 0.997613
-826.1 0.997613
-825.9 0.998409
-825.7 0.998409
-825.5 0.998409
-825.3 0.998409
-825.1 0.998409
-824.9 0.998409
-824.7 0.998409
-824.5 0.998409
-824.3 0.998409
-824.1 0.998409
-823.9 0.998409
-823.7 0.998409
-823.5 0.998409
-823.3 0.998409
-823.1 0.998409
-822.9 0.998409
-822.7 0.998409
-822.5 0.998409
-822.3 0.998409
-822.1 0.998409
-821.9 0.998409
-821.7 0.998409
-821.5 0.998409
-821.3 0.998409
-821.1 0.998409
-820.9 0.998409
-820.7 0.998409
-820.5 0.999204
-820.3 0.999204
-820.1 1
