400
0.001 0.00742179
0.002 0.01498
0.003 0.0224105
0.004 0.0298617
0.005 0.0373099
0.006 0.0447727
0.007 0.0524174
0.008 0.0599829
0.009 0.0675425
0.01 0.0750538
0.011 0.0827102
0.012 0.0903813
0.013 0.0980641
0.014 0.105597
0.015 0.113321
0.016 0.120915
0.017 0.128517
0.018 0.136233
0.019 0.14417
0.02 0.151782
0.021 0.159581
0.022 0.167366
0.023 0.175073
0.024 0.182833
0.025 0.190403
0.026 0.198192
0.027 0.205908
0.028 0.213867
0.029 0.221787
0.03 0.229611
0.031 0.237565
0.032 0.245255
0.033 0.252948
0.034 0.26078
0.035 0.268624
0.036 0.276606
0.037 0.284223
0.038 0.292
0.039 0.299661
0.04 0.307635
0.041 0.315466
0.042 0.323038
0.043 0.33088
0.044 0.33887
0.045 0.346805
0.046 0.354603
0.047 0.362651
0.048 0.370369
0.049 0.378217
0.05 0.386166
0.051 0.393978
0.052 0.401963
0.053 0.409879
0.054 0.417785
0.055 0.425532
0.056 0.433425
0.057 0.441132
0.058 0.449135
0.059 0.456936
0.06 0.464668
0.061 0.472484
0.062 0.480457
0.063 0.488174
0.064 0.495988
0.065 0.503805
0.066 0.511683
0.067 0.519607
0.068 0.527636
0.069 0.535667
0.07 0.5436
0.071 0.551481
0.072 0.5593
0.073 0.567115
0.074 0.575049
0.075 0.58289
0.076 0.590691
0.077 0.598549
0.078 0.606364
0.079 0.614109
0.08 0.621801
0.081 0.629433
0.082 0.637236
0.083 0.645014
0.084 0.652576
0.085 0.659941
0.086 0.667713
0.087 0.675123
0.088 0.682819
0.089 0.690424
0.09 0.69798
0.091 0.705418
0.092 0.71271
0.093 0.719934
0.094 0.727253
0.095 0.73475
0.096 0.741991
0.097 0.749249
0.098 0.756404
0.099 0.763481
0.1 0.770353
0.101 0.777455
0.102 0.784337
0.103 0.791237
0.104 0.797818
0.105 0.804467
0.106 0.81117
0.107 0.817538
0.108 0.823805
0.109 0.830075
0.11 0.8362
0.111 0.84212
0.112 0.847971
0.113 0.853862
0.114 0.859533
0.115 0.864981
0.116 0.870226
0.117 0.875331
0.118 0.880722
0.119 0.885765
0.12 0.890624
0.121 0.895222
0.122 0.899661
0.123 0.904004
0.124 0.908343
0.125 0.912426
0.126 0.916271
0.127 0.920078
0.128 0.923738
0.129 0.927172
0.13 0.930475
0.131 0.933661
0.132 0.936631
0.133 0.939552
0.134 0.942343
0.135 0.944965
0.136 0.947549
0.137 0.950042
0.138 0.952341
0.139 0.954538
0.14 0.956801
0.141 0.958823
0.142 0.960787
0.143 0.96269
0.144 0.964454
0.145 0.966138
0.146 0.967742
0.147 0.969366
0.148 0.970855
0.149 0.972254
0.15 0.973627
0.151 0.974959
0.152 0.976179
0.153 0.977421
0.154 0.978512
0.155 0.979519
0.156 0.980506
0.157 0.981398
0.158 0.982235
0.159 0.98299
0.16 0.983705
0.161 0.984334
0.162 0.984912
0.163 0.985522
0.164 0.986057
0.165 0.986532
0.166 0.986985
0.167 0.987371
0.168 0.987773
0.169 0.988086
0.17 0.988369
0.171 0.988626
0.172 0.988831
0.173 0.989048
0.174 0.989274
0.175 0.989493
0.176 0.98967
0.177 0.989836
0.178 0.989972
0.179 0.990097
0.18 0.990252
0.181 0.990402
0.182 0.9905
0.183 0.990629
0.184 0.990729
0.185 0.99083
0.186 0.990939
0.187 0.991062
0.188 0.991195
0.189 0.991282
0.19 0.991386
0.191 0.991474
0.192 0.991556
0.193 0.991654
0.194 0.991753
0.195 0.991855
0.196 0.991951
0.197 0.992059
0.198 0.992156
0.199 0.992254
0.2 0.992354
0.201 0.992451
0.202 0.992537
0.203 0.992615
0.204 0.992679
0.205 0.992753
0.206 0.992826
0.207 0.992924
0.208 0.992998
0.209 0.993089
0.21 0.993159
0.211 0.993213
0.212 0.993294
0.213 0.993376
0.214 0.993445
0.215 0.993518
0.216 0.993599
0.217 0.993674
0.218 0.993731
0.219 0.993795
0.22 0.993864
0.221 0.993924
0.222 0.994002
0.223 0.994083
0.224 0.994149
0.225 0.994215
0.226 0.994284
0.227 0.994332
0.228 0.994398
0.229 0.994464
0.23 0.994556
0.231 0.994609
0.232 0.994681
0.233 0.99475
0.234 0.994831
0.235 0.994886
0.236 0.994954
0.237 0.995023
0.238 0.995067
0.239 0.995123
0.24 0.995175
0.241 0.995241
0.242 0.995288
0.243 0.99535
0.244 0.995404
0.245 0.995472
0.246 0.995527
0.247 0.995582
0.248 0.995639
0.249 0.995681
0.25 0.995722
0.251 0.995766
0.252 0.99581
0.253 0.995843
0.254 0.995881
0.255 0.995922
0.256 0.995964
0.257 0.99602
0.258 0.996063
0.259 0.996107
0.26 0.996143
0.261 0.996192
0.262 0.996237
0.263 0.996274
0.264 0.996334
0.265 0.996378
0.266 0.996422
0.267 0.996454
0.268 0.996491
0.269 0.996524
0.27 0.996554
0.271 0.996586
0.272 0.996626
0.273 0.996661
0.274 0.996698
0.275 0.99674
0.276 0.996787
0.277 0.996828
0.278 0.996869
0.279 0.996912
0.28 0.996942
0.281 0.996982
0.282 0.997027
0.283 0.997073
0.284 0.997102
0.285 0.997132
0.286 0.997165
0.287 0.997217
0.288 0.997262
0.289 0.997312
0.29 0.997335
0.291 0.997372
0.292 0.997401
0.293 0.997438
0.294 0.997475
0.295 0.997501
0.296 0.997538
0.297 0.99757
0.298 0.997604
0.299 0.997632
0.3 0.99766
0.301 0.997696
0.302 0.997728
0.303 0.997758
0.304 0.997778
0.305 0.997808
0.306 0.997835
0.307 0.997874
0.308 0.99789
0.309 0.997928
0.31 0.997957
0.311 0.997981
0.312 0.998006
0.313 0.998039
0.314 0.998064
0.315 0.998098
0.316 0.998123
0.317 0.998155
0.318 0.99818
0.319 0.998214
0.32 0.998249
0.321 0.998287
0.322 0.998315
0.323 0.998331
0.324 0.998363
0.325 0.998385
0.326 0.998413
0.327 0.998437
0.328 0.998463
0.329 0.998488
0.33 0.998516
0.331 0.998538
0.332 0.99857
0.333 0.998602
0.334 0.998627
0.335 0.998651
0.336 0.998682
0.337 0.998715
0.338 0.998756
0.339 0.998786
0.34 0.998809
0.341 0.998833
0.342 0.998861
0.343 0.998878
0.344 0.998899
0.345 0.998924
0.346 0.998947
0.347 0.998979
0.348 0.998998
0.349 0.999025
0.35 0.999053
0.351 0.999079
0.352 0.999119
0.353 0.999138
0.354 0.999169
0.355 0.999188
0.356 0.999204
0.357 0.999235
0.358 0.999246
0.359 0.999267
0.36 0.99929
0.361 0.999305
0.362 0.999314
0.363 0.999325
0.364 0.99935
0.365 0.999369
0.366 0.999394
0.367 0.999416
0.368 0.999432
0.369 0.99945
0.37 0.999459
0.371 0.999479
0.372 0.999488
0.373 0.999504
0.374 0.999523
0.375 0.999538
0.376 0.999562
0.377 0.999589
0.378 0.999606
0.379 0.999629
0.38 0.999654
0.381 0.999672
0.382 0.999688
0.383 0.999707
0.384 0.99972
0.385 0.999743
0.386 0.999767
0.387 0.999786
0.388 0.999805
0.389 0.999811
0.39 0.999827
0.391 0.999845
0.392 0.999861
0.393 0.999881
0.394 0.999902
0.395 0.999922
0.396 0.999933
0.397 0.999947
0.398 0.999966
0.399 0.999981
0.4 1
