239
-631.7 0.000238152
-631.5 0.000238152
-631.3 0.000238152
-631.1 0.000714456
-630.9 0.000952608
-630.7 0.00119076
-630.5 0.00333413
-630.3 0.00762086
-630.1 0.0164325
-629.9 0.0335794
-629.7 0.0540605
-629.5 0.0764468
-629.3 0.0976423
-629.1 0.114789
-628.9 0.126935
-628.7 0.135985
-628.5 0.145035
-628.3 0.15599
-628.1 0.166468
-627.9 0.174327
-627.7 0.178852
-627.5 0.186235
-627.3 0.196475
-627.1 0.202191
-626.9 0.208859
-626.7 0.21386
-626.5 0.221005
-626.3 0.226006
-626.1 0.232674
-625.9 0.238152
-625.7 0.243868
-625.5 0.248869
-625.3 0.253156
-625.1 0.259586
-624.9 0.26673
-624.7 0.273398
-624.5 0.278638
-624.3 0.287449
-624.1 0.292212
-623.9 0.299595
-623.7 0.306025
-623.5 0.312693
-623.3 0.317933
-623.1 0.322696
-622.9 0.32984
-622.7 0.336271
-622.5 0.343177
-622.3 0.348178
-622.1 0.352465
-621.9 0.35699
-621.7 0.360086
-621.5 0.365087
-621.3 0.371279
-621.1 0.376756
-620.9 0.380805
-620.7 0.388664
-620.5 0.391998
-620.3 0.396999
-620.1 0.401286
-619.9 0.408192
-619.7 0.41367
-619.5 0.418433
-619.3 0.422005
-619.1 0.427959
-618.9 0.437009
-618.7 0.441772
-618.5 0.447964
-618.3 0.453679
-618.1 0.459395
-617.9 0.463206
-617.7 0.468445
-617.5 0.471779
-617.3 0.476066
-617.1 0.481067
-616.9 0.485116
-616.7 0.489879
-616.5 0.495356
-616.3 0.499643
-616.1 0.503215
-615.9 0.508454
-615.7 0.513217
-615.5 0.516313
-615.3 0.522029
-615.1 0.527983
-614.9 0.534651
-614.7 0.538223
-614.5 0.543701
-614.3 0.547511
-614.1 0.552036
-613.9 0.557514
-613.7 0.563229
-613.5 0.568231
-613.3 0.573946
-613.1 0.57728
-612.9 0.583949
-612.7 0.588473
-612.5 0.593475
-612.3 0.598476
-612.1 0.603477
-611.9 0.606573
-611.7 0.609431
-611.5 0.613718
-611.3 0.618242
-611.1 0.621338
-610.9 0.625149
-610.7 0.632055
-610.5 0.635389
-610.3 0.640629
-610.1 0.644915
-609.9 0.64944
-609.7 0.653489
-609.5 0.656823
-609.3 0.662301
-609.1 0.667778
-608.9 0.673017
-608.7 0.678257
-608.5 0.681829
-608.3 0.687545
-608.1 0.692308
-607.9 0.696833
-607.7 0.700405
-607.5 0.705168
-607.3 0.709216
-607.1 0.712789
-606.9 0.71517
-606.7 0.720171
-606.5 0.724696
-606.3 0.728507
-606.1 0.732317
-605.9 0.739462
-605.7 0.742558
-605.5 0.746606
-605.3 0.752084
-605.1 0.755656
-604.9 0.759467
-604.7 0.763515
-604.5 0.767802
-604.3 0.77185
-604.1 0.777566
-603.9 0.781853
-603.7 0.785425
-603.5 0.788997
-603.3 0.79257
-603.1 0.797333
-602.9 0.801143
-602.7 0.805192
-602.5 0.810907
-602.3 0.815194
-602.1 0.820672
-601.9 0.823291
-601.7 0.826864
-601.5 0.82996
-601.3 0.832817
-601.1 0.83758
-600.9 0.843058
-600.7 0.847345
-600.5 0.851869
-600.3 0.854727
-600.1 0.856633
-599.9 0.859252
-599.7 0.864015
-599.5 0.867826
-599.3 0.871874
-599.1 0.876161
-598.9 0.879733
-598.7 0.882829
-598.5 0.885925
-598.3 0.889497
-598.1 0.891165
-597.9 0.894022
-597.7 0.898785
-597.5 0.903548
-597.3 0.906168
-597.1 0.90974
-596.9 0.913075
-596.7 0.915694
-596.5 0.919028
-596.3 0.922124
-596.1 0.92522
-595.9 0.927364
-595.7 0.929983
-595.5 0.932365
-595.3 0.934985
-595.1 0.937604
-594.9 0.941176
-594.7 0.943082
-594.5 0.945225
-594.3 0.947368
-594.1 0.951417
-593.9 0.954037
-593.7 0.955466
-593.5 0.957133
-593.3 0.959276
-593.1 0.961181
-592.9 0.963325
-592.7 0.965706
-592.5 0.967849
-592.3 0.970231
-592.1 0.972136
-591.9 0.973565
-591.7 0.975232
-591.5 0.976661
-591.3 0.98071
-591.1 0.9819
-590.9 0.983568
-590.7 0.98452
-590.5 0.985949
-590.3 0.98714
-590.1 0.988807
-589.9 0.989998
-589.7 0.990474
-589.5 0.992379
-589.3 0.993094
-589.1 0.993808
-588.9 0.99619
-588.7 0.998095
-588.5 0.998809
-588.3 0.998809
-588.1 0.999047
-587.9 0.999047
-587.7 0.999047
-587.5 0.999524
-587.3 0.999524
-587.1 0.999762
-586.9 0.999762
-586.7 0.999762
-586.5 0.999762
-586.3 0.999762
-586.1 0.999762
-585.9 0.999762
-585.7 0.999762
-585.5 0.999762
-585.3 0.999762
-585.1 0.999762
-584.9 0.999762
-584.7 0.999762
-584.5 0.999762
-584.3 0.999762
-584.1 1
