1000
-849.7 2.63873e-05
-849.5 2.63873e-05
-849.3 2.63873e-05
-849.1 2.63873e-05
-848.9 2.63873e-05
-848.7 2.63873e-05
-848.5 2.63873e-05
-848.3 2.63873e-05
-848.1 5.27746e-05
-847.9 5.27746e-05
-847.7 5.27746e-05
-847.5 7.91619e-05
-847.3 0.000105549
-847.1 0.000105549
-846.9 0.000105549
-846.7 0.000105549
-846.5 0.000105549
-846.3 0.000105549
-846.1 0.000105549
-845.9 0.000105549
-845.7 0.000105549
-845.5 0.000105549
-845.3 0.000131937
-845.1 0.000131937
-844.9 0.000131937
-844.7 0.000131937
-844.5 0.000131937
-844.3 0.000131937
-844.1 0.000131937
-843.9 0.000158324
-843.7 0.000184711
-843.5 0.000184711
-843.3 0.000211099
-843.1 0.000211099
-842.9 0.000263873
-842.7 0.000263873
-842.5 0.000263873
-842.3 0.00029026
-842.1 0.00029026
-841.9 0.00029026
-841.7 0.00029026
-841.5 0.00029026
-841.3 0.00029026
-841.1 0.000316648
-840.9 0.000316648
-840.7 0.000316648
-840.5 0.000316648
-840.3 0.000316648
-840.1 0.000316648
-839.9 0.000316648
-839.7 0.000316648
-839.5 0.000316648
-839.3 0.000343035
-839.1 0.000343035
-838.9 0.000343035
-838.7 0.000343035
-838.5 0.000343035
-838.3 0.000343035
-838.1 0.000369422
-837.9 0.000369422
-837.7 0.000369422
-837.5 0.000369422
-837.3 0.000369422
-837.1 0.000422197
-836.9 0.000422197
-836.7 0.000422197
-836.5 0.000422197
-836.3 0.000422197
-836.1 0.000448584
-835.9 0.000448584
-835.7 0.000448584
-835.5 0.000474972
-835.3 0.000474972
-835.1 0.000474972
-834.9 0.000474972
-834.7 0.000474972
-834.5 0.000527746
-834.3 0.000527746
-834.1 0.000527746
-833.9 0.000527746
-833.7 0.000527746
-833.5 0.000527746
-833.3 0.000554134
-833.1 0.000554134
-832.9 0.000554134
-832.7 0.000554134
-832.5 0.000580521
-832.3 0.000580521
-832.1 0.000633296
-831.9 0.000633296
-831.7 0.000659683
-831.5 0.000659683
-831.3 0.00068607
-831.1 0.00068607
-830.9 0.00068607
-830.7 0.00068607
-830.5 0.00068607
-830.3 0.00068607
-830.1 0.00068607
-829.9 0.000712457
-829.7 0.000712457
-829.5 0.000738845
-829.3 0.000738845
-829.1 0.000765232
-828.9 0.000765232
-828.7 0.000791619
-828.5 0.000818007
-828.3 0.000818007
-828.1 0.000818007
-827.9 0.000870781
-827.7 0.000870781
-827.5 0.000897169
-827.3 0.000897169
-827.1 0.000923556
-826.9 0.000923556
-826.7 0.000923556
-826.5 0.000923556
-826.3 0.000923556
-826.1 0.000923556
-825.9 0.000923556
-825.7 0.000923556
-825.5 0.000976331
-825.3 0.000976331
-825.1 0.000976331
-824.9 0.000976331
-824.7 0.000976331
-824.5 0.000976331
-824.3 0.000976331
-824.1 0.000976331
-823.9 0.000976331
-823.7 0.000976331
-823.5 0.000976331
-823.3 0.000976331
-823.1 0.000976331
-822.9 0.000976331
-822.7 0.000976331
-822.5 0.000976331
-822.3 0.000976331
-822.1 0.000976331
-821.9 0.000976331
-821.7 0.000976331
-821.5 0.000976331
-821.3 0.000976331
-821.1 0.000976331
-820.9 0.000976331
-820.7 0.00100272
-820.5 0.00102911
-820.3 0.00102911
-820.1 0.00102911
-819.9 0.00102911
-819.7 0.00102911
-819.5 0.00102911
-819.3 0.00102911
-819.1 0.00102911
-818.9 0.00102911
-818.7 0.00102911
-818.5 0.00102911
-818.3 0.00102911
-818.1 0.00105549
-817.9 0.00105549
-817.7 0.00108188
-817.5 0.00108188
-817.3 0.00108188
-817.1 0.00110827
-816.9 0.00110827
-816.7 0.00110827
-816.5 0.00110827
-816.3 0.00110827
-816.1 0.00110827
-815.9 0.00113465
-815.7 0.00116104
-815.5 0.00118743
-815.3 0.00121382
-815.1 0.00121382
-814.9 0.00126659
-814.7 0.00131937
-814.5 0.00131937
-814.3 0.00131937
-814.1 0.00142491
-813.9 0.00150408
-813.7 0.00168879
-813.5 0.00174156
-813.3 0.00179434
-813.1 0.0018735
-812.9 0.00205821
-812.7 0.00211099
-812.5 0.00221653
-812.3 0.00232208
-812.1 0.00240125
-811.9 0.00255957
-811.7 0.00263873
-811.5 0.00269151
-811.3 0.00282344
-811.1 0.00298177
-810.9 0.00329841
-810.7 0.00343035
-810.5 0.00364145
-810.3 0.00382616
-810.1 0.00390532
-809.9 0.00406365
-809.7 0.00430113
-809.5 0.00448584
-809.3 0.00490804
-809.1 0.00530385
-808.9 0.0056205
-808.7 0.00585798
-808.5 0.00630657
-808.3 0.00670238
-808.1 0.00715096
-807.9 0.00744122
-807.7 0.00794258
-807.5 0.00833839
-807.3 0.00862865
-807.1 0.00891891
-806.9 0.00928833
-806.7 0.00984247
-806.5 0.010423
-806.3 0.0109507
-806.1 0.0115313
-805.9 0.0120854
-805.7 0.0126659
-805.5 0.0132728
-805.3 0.0138797
-805.1 0.0144866
-804.9 0.0150144
-804.7 0.0158588
-804.5 0.0165448
-804.3 0.0172573
-804.1 0.0181809
-803.9 0.0186294
-803.7 0.0194474
-803.5 0.0201599
-803.3 0.0208724
-803.1 0.0218223
-802.9 0.0227459
-802.7 0.0238541
-802.5 0.0247777
-802.3 0.0256221
-802.1 0.0263345
-801.9 0.0270734
-801.7 0.0279706
-801.5 0.0289997
-801.3 0.0298968
-801.1 0.0308204
-800.9 0.0316648
-800.7 0.032773
-800.5 0.033723
-800.3 0.0346202
-800.1 0.0355437
-799.9 0.03652
-799.7 0.0375755
-799.5 0.0385255
-799.3 0.0400559
-799.1 0.0412961
-798.9 0.0422197
-798.7 0.0434863
-798.5 0.0447001
-798.3 0.0460722
-798.1 0.0476819
-797.9 0.0487901
-797.7 0.0503734
-797.5 0.0517455
-797.3 0.0530121
-797.1 0.0545954
-796.9 0.0559411
-796.7 0.0572605
-796.5 0.0587909
-796.3 0.0605853
-796.1 0.0623004
-795.9 0.0638045
-795.7 0.0655461
-795.5 0.0671557
-795.3 0.0687126
-795.1 0.070718
-794.9 0.0724859
-794.7 0.0747816
-794.5 0.0769718
-794.3 0.0786606
-794.1 0.0807188
-793.9 0.0826187
-793.7 0.0848616
-793.5 0.0868406
-793.3 0.0888725
-793.1 0.0905876
-792.9 0.0926986
-792.7 0.0950471
-792.5 0.0973164
-792.3 0.099401
-792.1 0.101538
-791.9 0.103755
-791.7 0.105998
-791.5 0.10832
-791.3 0.110616
-791.1 0.112911
-790.9 0.114917
-790.7 0.11745
-790.5 0.119719
-790.3 0.122516
-790.1 0.124522
-789.9 0.126923
-789.7 0.12914
-789.5 0.131462
-789.3 0.133863
-789.1 0.136792
-788.9 0.139193
-788.7 0.141357
-788.5 0.143283
-788.3 0.146634
-788.1 0.149405
-787.9 0.152044
-787.7 0.154762
-787.5 0.157084
-787.3 0.159485
-787.1 0.162018
-786.9 0.165079
-786.7 0.168272
-786.5 0.171755
-786.3 0.174473
-786.1 0.177349
-785.9 0.180093
-785.7 0.1826
-785.5 0.185635
-785.3 0.188511
-785.1 0.191546
-784.9 0.194237
-784.7 0.19714
-784.5 0.200306
-784.3 0.203156
-784.1 0.205821
-783.9 0.209383
-783.7 0.213078
-783.5 0.216613
-783.3 0.219411
-783.1 0.222551
-782.9 0.225321
-782.7 0.228092
-782.5 0.231047
-782.3 0.233976
-782.1 0.236404
-781.9 0.239676
-781.7 0.242394
-781.5 0.244953
-781.3 0.248041
-781.1 0.251154
-780.9 0.254268
-780.7 0.257224
-780.5 0.259889
-780.3 0.262844
-780.1 0.266011
-779.9 0.268939
-779.7 0.272
-779.5 0.275325
-779.3 0.277964
-779.1 0.280972
-778.9 0.284271
-778.7 0.287015
-778.5 0.289759
-778.3 0.292952
-778.1 0.295828
-777.9 0.298731
-777.7 0.30166
-777.5 0.304694
-777.3 0.308177
-777.1 0.310895
-776.9 0.313666
-776.7 0.316885
-776.5 0.31963
-776.3 0.323218
-776.1 0.326464
-775.9 0.329446
-775.7 0.332691
-775.5 0.336095
-775.3 0.339446
-775.1 0.342718
-774.9 0.345727
-774.7 0.349025
-774.5 0.352033
-774.3 0.355015
-774.1 0.358287
-773.9 0.361506
-773.7 0.364937
-773.5 0.368129
-773.3 0.370557
-773.1 0.373539
-772.9 0.376521
-772.7 0.379608
-772.5 0.383513
-772.3 0.386601
-772.1 0.389873
-771.9 0.393013
-771.7 0.396522
-771.5 0.399583
-771.3 0.402934
-771.1 0.405837
-770.9 0.408581
-770.7 0.411748
-770.5 0.414782
-770.3 0.417817
-770.1 0.420693
-769.9 0.42378
-769.7 0.42634
-769.5 0.429744
-769.3 0.432488
-769.1 0.435259
-768.9 0.437818
-768.7 0.440985
-768.5 0.443914
-768.3 0.446632
-768.1 0.450036
-767.9 0.452622
-767.7 0.455419
-767.5 0.458532
-767.3 0.461435
-767.1 0.464021
-766.9 0.467319
-766.7 0.470169
-766.5 0.47257
-766.3 0.47542
-766.1 0.478376
-765.9 0.481252
-765.7 0.484128
-765.5 0.486767
-765.3 0.489194
-765.1 0.491411
-764.9 0.494261
-764.7 0.497374
-764.5 0.499802
-764.3 0.502863
-764.1 0.505766
-763.9 0.508352
-763.7 0.511149
-763.5 0.513708
-763.3 0.516057
-763.1 0.518352
-762.9 0.521572
-762.7 0.523894
-762.5 0.526532
-762.3 0.52925
-762.1 0.531652
-761.9 0.534818
-761.7 0.537668
-761.5 0.540069
-761.3 0.542787
-761.1 0.545188
-760.9 0.548196
-760.7 0.550677
-760.5 0.553342
-760.3 0.555347
-760.1 0.557775
-759.9 0.559939
-759.7 0.562287
-759.5 0.564741
-759.3 0.567644
-759.1 0.570019
-758.9 0.572869
-758.7 0.575956
-758.5 0.578331
-758.3 0.580838
-758.1 0.583344
-757.9 0.585614
-757.7 0.588437
-757.5 0.590865
-757.3 0.593609
-757.1 0.595826
-756.9 0.598886
-756.7 0.601129
-756.5 0.603715
-756.3 0.606644
-756.1 0.60923
-755.9 0.6115
-755.7 0.613848
-755.5 0.615959
-755.3 0.618519
-755.1 0.620999
-754.9 0.623559
-754.7 0.625802
-754.5 0.628757
-754.3 0.631501
-754.1 0.633876
-753.9 0.63604
-753.7 0.638177
-753.5 0.640869
-753.3 0.643191
-753.1 0.645434
-752.9 0.647782
-752.7 0.650078
-752.5 0.652505
-752.3 0.654722
-752.1 0.65707
-751.9 0.659525
-751.7 0.661715
-751.5 0.663456
-751.3 0.665699
-751.1 0.668232
-750.9 0.670634
-750.7 0.673035
-750.5 0.675726
-750.3 0.677996
-750.1 0.680291
-749.9 0.68198
-749.7 0.68454
-749.5 0.68673
-749.3 0.689131
-749.1 0.691532
-748.9 0.693643
-748.7 0.696018
-748.5 0.698525
-748.3 0.700398
-748.1 0.702351
-747.9 0.70433
-747.7 0.706863
-747.5 0.709027
-747.3 0.711138
-747.1 0.712932
-746.9 0.714938
-746.7 0.71726
-746.5 0.719767
-746.3 0.721746
-746.1 0.724041
-745.9 0.726047
-745.7 0.727947
-745.5 0.730269
-745.3 0.732565
-745.1 0.73486
-744.9 0.736628
-744.7 0.73866
-744.5 0.740797
-744.3 0.742856
-744.1 0.745125
-743.9 0.7475
-743.7 0.749743
-743.5 0.751775
-743.3 0.753701
-743.1 0.755601
-742.9 0.758028
-742.7 0.76006
-742.5 0.761986
-742.3 0.763517
-742.1 0.765892
-741.9 0.767739
-741.7 0.769823
-741.5 0.771961
-741.3 0.77357
-741.1 0.775444
-740.9 0.777317
-740.7 0.779402
-740.5 0.781407
-740.3 0.78336
-740.1 0.785154
-739.9 0.787028
-739.7 0.788875
-739.5 0.790353
-739.3 0.792121
-739.1 0.793704
-738.9 0.795208
-738.7 0.797187
-738.5 0.798929
-738.3 0.801198
-738.1 0.803283
-737.9 0.804813
-737.7 0.806818
-737.5 0.808454
-737.3 0.810091
-737.1 0.811331
-736.9 0.81302
-736.7 0.814893
-736.5 0.816766
-736.3 0.818508
-736.1 0.820223
-735.9 0.821569
-735.7 0.822836
-735.5 0.824683
-735.3 0.826081
-735.1 0.827928
-734.9 0.829723
-734.7 0.831411
-734.5 0.832652
-734.3 0.834235
-734.1 0.83595
-733.9 0.837692
-733.7 0.839248
-733.5 0.840858
-733.3 0.842916
-733.1 0.844368
-732.9 0.845793
-732.7 0.847798
-732.5 0.849276
-732.3 0.850806
-732.1 0.852257
-731.9 0.853682
-731.7 0.85516
-731.5 0.856532
-731.3 0.858063
-731.1 0.859751
-730.9 0.861124
-730.7 0.862707
-730.5 0.864185
-730.3 0.865847
-730.1 0.867404
-729.9 0.86904
-729.7 0.87057
-729.5 0.872312
-729.3 0.873446
-729.1 0.874555
-728.9 0.875848
-728.7 0.877114
-728.5 0.878618
-728.3 0.880254
-728.1 0.881679
-727.9 0.882919
-727.7 0.884318
-727.5 0.885558
-727.3 0.886746
-727.1 0.887907
-726.9 0.889041
-726.7 0.890519
-726.5 0.891601
-726.3 0.89292
-726.1 0.894187
-725.9 0.895401
-725.7 0.896615
-725.5 0.897934
-725.3 0.899227
-725.1 0.899966
-724.9 0.901232
-724.7 0.902472
-724.5 0.903607
-724.3 0.904583
-724.1 0.905797
-723.9 0.906747
-723.7 0.908146
-723.5 0.909201
-723.3 0.910336
-723.1 0.911312
-722.9 0.912209
-722.7 0.913582
-722.5 0.914637
-722.3 0.915587
-722.1 0.916801
-721.9 0.917751
-721.7 0.91907
-721.5 0.920099
-721.3 0.920996
-721.1 0.922105
-720.9 0.923055
-720.7 0.923899
-720.5 0.924823
-720.3 0.92572
-720.1 0.926722
-719.9 0.927514
-719.7 0.928596
-719.5 0.929493
-719.3 0.930311
-719.1 0.931287
-718.9 0.932079
-718.7 0.93295
-718.5 0.933504
-718.3 0.934428
-718.1 0.93514
-717.9 0.935905
-717.7 0.936512
-717.5 0.937409
-717.3 0.938069
-717.1 0.938966
-716.9 0.939573
-716.7 0.940286
-716.5 0.940945
-716.3 0.941631
-716.1 0.942212
-715.9 0.942608
-715.7 0.943505
-715.5 0.94427
-715.3 0.944956
-715.1 0.945457
-714.9 0.94617
-714.7 0.946618
-714.5 0.947252
-714.3 0.947885
-714.1 0.948439
-713.9 0.949046
-713.7 0.949574
-713.5 0.950022
-713.3 0.950392
-713.1 0.95084
-712.9 0.951342
-712.7 0.951843
-712.5 0.952318
-712.3 0.953083
-712.1 0.953769
-711.9 0.954112
-711.7 0.954535
-711.5 0.954957
-711.3 0.955405
-711.1 0.955643
-710.9 0.956144
-710.7 0.95683
-710.5 0.957253
-710.3 0.957622
-710.1 0.958123
-709.9 0.958625
-709.7 0.959126
-709.5 0.959522
-709.3 0.960076
-709.1 0.960419
-708.9 0.960894
-708.7 0.961369
-708.5 0.961765
-708.3 0.962293
-708.1 0.962794
-707.9 0.96319
-707.7 0.963665
-707.5 0.964219
-707.3 0.964456
-707.1 0.964958
-706.9 0.965274
-706.7 0.965617
-706.5 0.965908
-706.3 0.966251
-706.1 0.966673
-705.9 0.966937
-705.7 0.967359
-705.5 0.967728
-705.3 0.967992
-705.1 0.968441
-704.9 0.968757
-704.7 0.969206
-704.5 0.969417
-704.3 0.969734
-704.1 0.969998
-703.9 0.970525
-703.7 0.970736
-703.5 0.970921
-703.3 0.971264
-703.1 0.971502
-702.9 0.971977
-702.7 0.972241
-702.5 0.972478
-702.3 0.972636
-702.1 0.973059
-701.9 0.97319
-701.7 0.97356
-701.5 0.973956
-701.3 0.974246
-701.1 0.974457
-700.9 0.974642
-700.7 0.974985
-700.5 0.975328
-700.3 0.975539
-700.1 0.975829
-699.9 0.975935
-699.7 0.976383
-699.5 0.976542
-699.3 0.976753
-699.1 0.977043
-698.9 0.977149
-698.7 0.977333
-698.5 0.977544
-698.3 0.977755
-698.1 0.977993
-697.9 0.978389
-697.7 0.9786
-697.5 0.978732
-697.3 0.97889
-697.1 0.978996
-696.9 0.97926
-696.7 0.979392
-696.5 0.979497
-696.3 0.979655
-696.1 0.97984
-695.9 0.979919
-695.7 0.980078
-695.5 0.98021
-695.3 0.980341
-695.1 0.980368
-694.9 0.980447
-694.7 0.980658
-694.5 0.980764
-694.3 0.980896
-694.1 0.981133
-693.9 0.981318
-693.7 0.98145
-693.5 0.981582
-693.3 0.981846
-693.1 0.982004
-692.9 0.982109
-692.7 0.982215
-692.5 0.982241
-692.3 0.982241
-692.1 0.9824
-691.9 0.982452
-691.7 0.982611
-691.5 0.982795
-691.3 0.982875
-691.1 0.983139
-690.9 0.983244
-690.7 0.983323
-690.5 0.983482
-690.3 0.98364
-690.1 0.983693
-689.9 0.983745
-689.7 0.983825
-689.5 0.98393
-689.3 0.984062
-689.1 0.984141
-688.9 0.9843
-688.7 0.984431
-688.5 0.984563
-688.3 0.984695
-688.1 0.984801
-687.9 0.984906
-687.7 0.984986
-687.5 0.985118
-687.3 0.985276
-687.1 0.985513
-686.9 0.985645
-686.7 0.985883
-686.5 0.985988
-686.3 0.986094
-686.1 0.986252
-685.9 0.986437
-685.7 0.986516
-685.5 0.986622
-685.3 0.986701
-685.1 0.986833
-684.9 0.986965
-684.7 0.987044
-684.5 0.987123
-684.3 0.987176
-684.1 0.987308
-683.9 0.98744
-683.7 0.987492
-683.5 0.987598
-683.3 0.987704
-683.1 0.987756
-682.9 0.987888
-682.7 0.987941
-682.5 0.98802
-682.3 0.988126
-682.1 0.988231
-681.9 0.98831
-681.7 0.98839
-681.5 0.988574
-681.3 0.988574
-681.1 0.988627
-680.9 0.988706
-680.7 0.988812
-680.5 0.988944
-680.3 0.988996
-680.1 0.989102
-679.9 0.989208
-679.7 0.989366
-679.5 0.989471
-679.3 0.989577
-679.1 0.98963
-678.9 0.989788
-678.7 0.989946
-678.5 0.990052
-678.3 0.990158
-678.1 0.99021
-677.9 0.990263
-677.7 0.990369
-677.5 0.990474
-677.3 0.99058
-677.1 0.990712
-676.9 0.990791
-676.7 0.99087
-676.5 0.990976
-676.3 0.991107
-676.1 0.991213
-675.9 0.991345
-675.7 0.991424
-675.5 0.991503
-675.3 0.991556
-675.1 0.991582
-674.9 0.991635
-674.7 0.991714
-674.5 0.991741
-674.3 0.991794
-674.1 0.991899
-673.9 0.991925
-673.7 0.991952
-673.5 0.991978
-673.3 0.992057
-673.1 0.99211
-672.9 0.992269
-672.7 0.992348
-672.5 0.992453
-672.3 0.992532
-672.1 0.992559
-671.9 0.992612
-671.7 0.99277
-671.5 0.992823
-671.3 0.992928
-671.1 0.993034
-670.9 0.993087
-670.7 0.993139
-670.5 0.993192
-670.3 0.993271
-670.1 0.993456
-669.9 0.993561
-669.7 0.993693
-669.5 0.993773
-669.3 0.993825
-669.1 0.993905
-668.9 0.993984
-668.7 0.994036
-668.5 0.994116
-668.3 0.994168
-668.1 0.994195
-667.9 0.994274
-667.7 0.99438
-667.5 0.994432
-667.3 0.994432
-667.1 0.994511
-666.9 0.994591
-666.7 0.99467
-666.5 0.994723
-666.3 0.994854
-666.1 0.994934
-665.9 0.99496
-665.7 0.994986
-665.5 0.995066
-665.3 0.995198
-665.1 0.995303
-664.9 0.995409
-664.7 0.995435
-664.5 0.995461
-664.3 0.995567
-664.1 0.995672
-663.9 0.995699
-663.7 0.995752
-663.5 0.995778
-663.3 0.995857
-663.1 0.995884
-662.9 0.995989
-662.7 0.996095
-662.5 0.996174
-662.3 0.996227
-662.1 0.996332
-661.9 0.996438
-661.7 0.996464
-661.5 0.996517
-661.3 0.996622
-661.1 0.996675
-660.9 0.996702
-660.7 0.996702
-660.5 0.996807
-660.3 0.99686
-660.1 0.996913
-659.9 0.996965
-659.7 0.997018
-659.5 0.997071
-659.3 0.997124
-659.1 0.99715
-658.9 0.997256
-658.7 0.997414
-658.5 0.997467
-658.3 0.997652
-658.1 0.997757
-657.9 0.997889
-657.7 0.997915
-657.5 0.997968
-657.3 0.997968
-657.1 0.9981
-656.9 0.998127
-656.7 0.998153
-656.5 0.998153
-656.3 0.998232
-656.1 0.998258
-655.9 0.998338
-655.7 0.99839
-655.5 0.998443
-655.3 0.99847
-655.1 0.998496
-654.9 0.998522
-654.7 0.998601
-654.5 0.998628
-654.3 0.998654
-654.1 0.998707
-653.9 0.99876
-653.7 0.998865
-653.5 0.998945
-653.3 0.999024
-653.1 0.999103
-652.9 0.999129
-652.7 0.999129
-652.5 0.999208
-652.3 0.999208
-652.1 0.99934
-651.9 0.999419
-651.7 0.999472
-651.5 0.999525
-651.3 0.999578
-651.1 0.999604
-650.9 0.999631
-650.7 0.999683
-650.5 0.999763
-650.3 0.999789
-650.1 0.999947
-649.9 1
