450
-642.9 2.34077e-05
-642.7 2.34077e-05
-642.5 2.34077e-05
-642.3 2.34077e-05
-642.1 2.34077e-05
-641.9 2.34077e-05
-641.7 2.34077e-05
-641.5 2.34077e-05
-641.3 2.34077e-05
-641.1 2.34077e-05
-640.9 2.34077e-05
-640.7 2.34077e-05
-640.5 2.34077e-05
-640.3 2.34077e-05
-640.1 2.34077e-05
-639.9 2.34077e-05
-639.7 2.34077e-05
-639.5 2.34077e-05
-639.3 2.34077e-05
-639.1 2.34077e-05
-638.9 2.34077e-05
-638.7 2.34077e-05
-638.5 2.34077e-05
-638.3 2.34077e-05
-638.1 2.34077e-05
-637.9 2.34077e-05
-637.7 2.34077e-05
-637.5 4.68154e-05
-637.3 4.68154e-05
-637.1 4.68154e-05
-636.9 4.68154e-05
-636.7 4.68154e-05
-636.5 7.02231e-05
-636.3 7.02231e-05
-636.1 7.02231e-05
-635.9 7.02231e-05
-635.7 7.02231e-05
-635.5 7.02231e-05
-635.3 7.02231e-05
-635.1 9.36308e-05
-634.9 0.000163854
-634.7 0.000163854
-634.5 0.000163854
-634.3 0.000163854
-634.1 0.000163854
-633.9 0.000187262
-633.7 0.000351115
-633.5 0.000444746
-633.3 0.000702231
-633.1 0.000795862
-632.9 0.000936308
-632.7 0.00107675
-632.5 0.00133424
-632.3 0.00161513
-632.1 0.00187262
-631.9 0.0024344
-631.7 0.00325367
-631.5 0.00447087
-631.3 0.00589874
-631.1 0.00788839
-630.9 0.0106271
-630.7 0.0135296
-630.5 0.0177196
-630.3 0.0216521
-630.1 0.0272934
-629.9 0.0336603
-629.7 0.0404485
-629.5 0.0488284
-629.3 0.0576297
-629.1 0.0663374
-628.9 0.0778072
-628.7 0.0882236
-628.5 0.098008
-628.3 0.107792
-628.1 0.11767
-627.9 0.127712
-627.7 0.137333
-627.5 0.147
-627.3 0.15627
-627.1 0.166101
-626.9 0.175113
-626.7 0.183048
-626.5 0.191288
-626.3 0.198942
-626.1 0.205988
-625.9 0.213712
-625.7 0.220688
-625.5 0.228131
-625.3 0.23506
-625.1 0.242574
-624.9 0.248917
-624.7 0.255355
-624.5 0.261675
-624.3 0.268603
-624.1 0.274619
-623.9 0.280518
-623.7 0.286768
-623.5 0.292432
-623.3 0.29812
-623.1 0.303832
-622.9 0.309099
-622.7 0.315676
-622.5 0.321622
-622.3 0.327005
-622.1 0.332483
-621.9 0.338311
-621.7 0.344116
-621.5 0.350366
-621.3 0.355235
-621.1 0.361087
-620.9 0.366822
-620.7 0.372604
-620.5 0.377753
-620.3 0.382997
-620.1 0.388146
-619.9 0.394045
-619.7 0.39985
-619.5 0.405117
-619.3 0.410103
-619.1 0.415299
-618.9 0.420355
-618.7 0.425458
-618.5 0.431474
-618.3 0.436483
-618.1 0.440907
-617.9 0.446127
-617.7 0.4513
-617.5 0.45638
-617.3 0.461389
-617.1 0.466445
-616.9 0.47122
-616.7 0.476908
-616.5 0.482245
-616.3 0.486248
-616.1 0.491234
-615.9 0.496454
-615.7 0.501627
-615.5 0.5068
-615.3 0.511809
-615.1 0.517521
-614.9 0.522366
-614.7 0.527492
-614.5 0.533134
-614.3 0.538751
-614.1 0.544603
-613.9 0.549613
-613.7 0.55502
-613.5 0.559772
-613.3 0.564851
-613.1 0.569533
-612.9 0.574752
-612.7 0.580417
-612.5 0.585497
-612.3 0.590623
-612.1 0.595538
-611.9 0.600524
-611.7 0.605697
-611.5 0.6108
-611.3 0.616418
-611.1 0.621264
-610.9 0.626483
-610.7 0.631422
-610.5 0.636362
-610.3 0.641933
-610.1 0.647035
-609.9 0.652138
-609.7 0.656867
-609.5 0.661572
-609.3 0.666581
-609.1 0.671309
-608.9 0.676061
-608.7 0.680696
-608.5 0.685986
-608.3 0.690808
-608.1 0.696075
-607.9 0.701177
-607.7 0.706514
-607.5 0.711243
-607.3 0.716416
-607.1 0.721004
-606.9 0.726036
-606.7 0.730554
-606.5 0.735844
-606.3 0.74083
-606.1 0.745839
-605.9 0.751246
-605.7 0.755717
-605.5 0.760422
-605.3 0.765151
-605.1 0.77023
-604.9 0.775567
-604.7 0.780927
-604.5 0.785211
-604.3 0.789776
-604.1 0.794434
-603.9 0.798647
-603.7 0.803375
-603.5 0.808197
-603.3 0.813207
-603.1 0.818146
-602.9 0.822874
-602.7 0.827415
-602.5 0.831816
-602.3 0.835678
-602.1 0.840266
-601.9 0.844503
-601.7 0.848342
-601.5 0.85307
-601.3 0.8574
-601.1 0.861637
-600.9 0.866085
-600.7 0.869549
-600.5 0.87299
-600.3 0.876618
-600.1 0.880457
-599.9 0.884062
-599.7 0.887503
-599.5 0.890569
-599.3 0.893916
-599.1 0.89731
-598.9 0.900611
-598.7 0.903748
-598.5 0.906931
-598.3 0.910068
-598.1 0.912572
-597.9 0.914679
-597.7 0.917979
-597.5 0.920648
-597.3 0.923199
-597.1 0.925634
-596.9 0.928092
-596.7 0.930924
-596.5 0.933241
-596.3 0.935465
-596.1 0.937806
-595.9 0.940427
-595.7 0.942534
-595.5 0.944337
-595.3 0.946186
-595.1 0.948175
-594.9 0.950212
-594.7 0.952155
-594.5 0.954027
-594.3 0.955596
-594.1 0.956906
-593.9 0.958498
-593.7 0.959762
-593.5 0.961518
-593.3 0.963063
-593.1 0.964865
-592.9 0.966106
-592.7 0.967393
-592.5 0.96847
-592.3 0.969734
-592.1 0.971068
-591.9 0.972519
-591.7 0.973479
-591.5 0.974649
-591.3 0.976077
-591.1 0.977224
-590.9 0.978254
-590.7 0.979448
-590.5 0.980431
-590.3 0.98125
-590.1 0.982023
-589.9 0.983076
-589.7 0.983896
-589.5 0.984621
-589.3 0.985206
-589.1 0.985792
-588.9 0.986634
-588.7 0.98729
-588.5 0.987898
-588.3 0.988343
-588.1 0.988764
-587.9 0.989186
-587.7 0.989701
-587.5 0.990122
-587.3 0.99052
-587.1 0.990918
-586.9 0.991409
-586.7 0.991854
-586.5 0.992252
-586.3 0.992697
-586.1 0.992931
-585.9 0.993235
-585.7 0.993539
-585.5 0.993797
-585.3 0.994054
-585.1 0.994335
-584.9 0.994733
-584.7 0.995178
-584.5 0.995248
-584.3 0.995506
-584.1 0.995716
-583.9 0.995997
-583.7 0.996185
-583.5 0.996442
-583.3 0.996723
-583.1 0.997051
-582.9 0.997308
-582.7 0.997542
-582.5 0.997729
-582.3 0.997846
-582.1 0.998104
-581.9 0.998221
-581.7 0.998385
-581.5 0.998455
-581.3 0.998572
-581.1 0.998596
-580.9 0.998759
-580.7 0.998876
-580.5 0.99897
-580.3 0.999111
-580.1 0.999181
-579.9 0.999251
-579.7 0.999368
-579.5 0.999462
-579.3 0.999508
-579.1 0.999602
-578.9 0.999625
-578.7 0.999672
-578.5 0.999696
-578.3 0.999719
-578.1 0.999719
-577.9 0.999719
-577.7 0.999743
-577.5 0.999766
-577.3 0.999766
-577.1 0.999789
-576.9 0.999789
-576.7 0.999789
-576.5 0.999813
-576.3 0.999813
-576.1 0.999836
-575.9 0.999836
-575.7 0.999836
-575.5 0.999836
-575.3 0.99986
-575.1 0.99986
-574.9 0.99986
-574.7 0.999883
-574.5 0.999906
-574.3 0.999906
-574.1 0.999906
-573.9 0.999906
-573.7 0.999906
-573.5 0.999906
-573.3 0.999906
-573.1 0.999906
-572.9 0.999906
-572.7 0.999906
-572.5 0.99993
-572.3 0.99993
-572.1 0.99993
-571.9 0.999953
-571.7 0.999953
-571.5 0.999953
-571.3 0.999953
-571.1 0.999953
-570.9 0.999953
-570.7 0.999953
-570.5 0.999953
-570.3 0.999953
-570.1 0.999953
-569.9 0.999977
-569.7 0.999977
-569.5 0.999977
-569.3 0.999977
-569.1 0.999977
-568.9 0.999977
-568.7 0.999977
-568.5 0.999977
-568.3 0.999977
-568.1 0.999977
-567.9 0.999977
-567.7 0.999977
-567.5 0.999977
-567.3 0.999977
-567.1 0.999977
-566.9 0.999977
-566.7 0.999977
-566.5 0.999977
-566.3 0.999977
-566.1 0.999977
-565.9 0.999977
-565.7 0.999977
-565.5 0.999977
-565.3 0.999977
-565.1 0.999977
-564.9 0.999977
-564.7 0.999977
-564.5 0.999977
-564.3 0.999977
-564.1 0.999977
-563.9 0.999977
-563.7 0.999977
-563.5 0.999977
-563.3 0.999977
-563.1 0.999977
-562.9 0.999977
-562.7 0.999977
-562.5 0.999977
-562.3 0.999977
-562.1 0.999977
-561.9 0.999977
-561.7 0.999977
-561.5 0.999977
-561.3 0.999977
-561.1 0.999977
-560.9 0.999977
-560.7 0.999977
-560.5 0.999977
-560.3 0.999977
-560.1 0.999977
-559.9 0.999977
-559.7 0.999977
-559.5 0.999977
-559.3 0.999977
-559.1 0.999977
-558.9 0.999977
-558.7 0.999977
-558.5 0.999977
-558.3 0.999977
-558.1 0.999977
-557.9 0.999977
-557.7 0.999977
-557.5 0.999977
-557.3 0.999977
-557.1 0.999977
-556.9 0.999977
-556.7 0.999977
-556.5 0.999977
-556.3 0.999977
-556.1 0.999977
-555.9 0.999977
-555.7 0.999977
-555.5 0.999977
-555.3 0.999977
-555.1 0.999977
-554.9 0.999977
-554.7 0.999977
-554.5 0.999977
-554.3 0.999977
-554.1 0.999977
-553.9 0.999977
-553.7 0.999977
-553.5 0.999977
-553.3 0.999977
-553.1 1
