0 7333.09 8.7534 -3170.98 42.133
1 7271.9 8.47035 -3184.93 40.853
2 7140.52 10.2492 -3299.01 53.1488
3 7275.18 12.2306 -3037.69 61.4393
4 7259.58 9.29094 -3062.73 47.5216
5 7152.94 7.63476 -3288.95 36.2113
6 7390.78 9.48036 -3017.44 47.0778
7 7322.78 10.4625 -3140.48 54.0738
8 7252.62 9.13289 -3195 44.499
9 7357.07 8.32982 -3094.07 39.6775
10 7402.13 11.1889 -3086.21 55.5261
11 7369.21 6.73447 -2919.8 38.894
12 7531.89 16.9834 -3098.36 91.6315
13 7532.35 8.88493 -3228.7 44.3105
14 7445.92 8.95309 -3195.99 43.7962
15 7605.82 9.11058 -3023 44.2262
16 7633.5 10.982 -3180.64 55.7775
17 7614.69 10.7935 -3245.3 54.2703
18 7286.48 11.4072 -4455.39 58.9739
19 7658.42 13.8581 -3228.22 67.5816
20 7505.45 8.79456 -3176.93 42.2715
21 7522.21 9.93981 -3131.01 49.013
22 7427.33 6.71736 -3257.81 38.7174
23 7514.48 10.03 -3081.86 50.459
24 7481.18 9.63368 -3244.33 44.1667
25 7600.37 9.54469 -3362.55 55.2036
26 7555.6 6.22499 -3303.18 35.8967
27 7435.88 11.5771 -3262.42 57.227
28 7528.67 9.84391 -3248.59 56.8302
29 7379.55 10.975 -3288.98 49.8056
30 7353.4 7.36313 -3328.6 42.4949
31 7331.74 13.287 -3598.64 60.7942
32 7493.64 7.53444 -2888.72 37.5115
33 7412.48 6.88483 -2884.23 32.1337
34 7418.17 7.40099 -2855.35 35.9789
35 7416.1 7.36877 -2901.15 36.4469
36 7504.78 8.52852 -2838.69 40.1
37 7613.65 8.42769 -2894.95 43.0379
38 7467.72 7.50233 -3044.13 37.4531
39 7547.91 8.52281 -2849.81 42.2977
40 7502.2 8.45259 -3081.51 42.5008
41 7623.36 8.58831 -2936.29 43.741
42 7523.3 7.27886 -2954.96 35.2506
43 7605.53 9.20848 -2898.43 46.6923
44 7695.34 8.88061 -3111.47 45.1029
45 7809.44 7.6654 -2754.19 37.6091
46 7808.56 8.03217 -2950.99 38.9878
47 7802.21 9.72809 -3363.32 49.8567
48 7757.78 9.73162 -3060.17 49.7586
49 7911.06 8.00249 -2901.76 38.3972
50 7788.23 11.6635 -2972.04 59.5634
51 7787.38 9.40834 -3002.92 46.3741
52 7769.14 8.9092 -2887.27 45.6087
53 7683.09 9.88444 -3183.09 50.549
54 7656.41 8.92561 -2947.64 43.7652
55 7578 8.68903 -3012.88 43.2351
56 7647.83 7.93428 -3213.37 38.018
57 7670.76 9.00107 -2980.42 45.5266
58 7589 8.88189 -2971.25 43.9773
59 7560.95 8.09088 -2965.87 39.7976
60 7579.7 7.51856 -3169.53 34.7876
61 7535.22 8.45774 -2870.97 40.2619
62 7598.17 7.0888 -2936.8 32.8605
63 7577.41 9.21823 -2861.93 43.7887
64 7792.39 7.06934 -2976.81 40.8454
65 7769.6 8.25128 -2898.76 39.7473
66 7800.5 8.47642 -2978.06 41.1749
67 7725.34 8.21138 -3063.42 40.4139
68 7733.68 8.80168 -3034.35 42.2852
69 7618.4 7.59924 -3002.91 37.2478
70 7734.77 8.32856 -3094.61 40.7326
71 7661.93 9.09118 -3039.64 45.1202
72 7781.64 8.8472 -3032.35 43.7755
73 7663.88 8.77817 -2852.76 44.1353
74 7647.62 8.02565 -2884.47 38.0838
75 7621.75 7.15673 -3130.46 34.9749
76 7694.89 8.11918 -3137.46 40.7001
77 7674.17 8.89794 -2987.33 45.6293
78 7699.7 8.19043 -2884.93 39.4421
79 7862.92 8.20252 -2862.18 40.4888
80 7693.99 7.47549 -2813.8 35.9646
81 7583.74 8.66076 -3192.25 44.7531
82 7555.27 7.87713 -2825.24 38.142
83 7599.7 9.09496 -2990.51 46.0541
84 7597.81 7.76044 -2888.72 38.3994
85 7641.26 8.27037 -2795.25 41.1986
86 7524.45 8.88224 -2811.18 43.9436
87 7531.22 7.61514 -2977.5 37.7765
88 7494.93 8.47589 -2931.51 41.9182
89 7496.59 8.52909 -3052.71 43.6824
90 7460.13 7.45388 -3082.15 36.6778
91 7355.99 6.95612 -3266.85 33.5029
92 7181.57 8.24409 -3967.14 42.0533
93 7436.61 7.553 -2745.83 38.3833
94 7424.09 9.05085 -2808.63 45.3693
95 7456.36 8.25077 -2713.06 40.0363
96 8626.54 11.3 -3496.79 56.5396
97 8503.9 12.8792 -3499.22 60.2125
98 8559.68 10.5478 -3518.19 51.8488
99 8517.94 10.1528 -3765.69 47.78
100 8667.16 10.4944 -3664.74 59.5852
101 8466.22 8.16696 -4004.46 45.7487
102 8502.12 10.2745 -3729.54 51.8125
103 8541.63 8.43591 -3726.6 48.7231
104 8442.57 12.0043 -3523.19 61.4191
105 8452.74 12.2474 -3656.31 59.522
106 8548.68 11.6304 -3375.68 57.8198
107 8472.23 8.6432 -3724.21 49.9694
108 8537.34 11.8713 -3260.56 57.911
109 8544.14 10.1553 -3220.33 49.8771
110 8498.83 10.802 -3415.23 51.6703
111 8557.09 11.0801 -3536.52 55.0224
112 8295.71 8.79826 -3297.64 50.869
113 8262.4 9.80554 -3248.36 50.0549
114 8278.34 9.54729 -3423.17 46.1267
115 8275.94 11.3679 -3574.46 52.2028
116 8381.69 9.70854 -3128.66 45.984
117 8341.78 10.3185 -3272.71 50.9643
118 8258.63 9.43491 -3255.9 44.2948
119 8156.24 11.8807 -3259.65 61.1639
120 8136.09 9.2154 -3319.07 45.546
121 8153.58 10.5536 -3254.73 51.9396
122 8080.74 10.8395 -3281.78 53.6519
123 8109.74 9.47081 -3184.35 46.6767
124 8211.19 9.83992 -3007.91 49.8107
125 8192.94 9.64041 -3269.68 47.5077
126 8151.18 10.1213 -2827.35 50.0592
127 8268.5 10.0423 -3274.67 50.6975
128 7961.01 8.85345 -3359.66 42.6125
129 7909.9 9.69163 -3474.39 47.6861
130 7826 9.0252 -3541.42 43.5993
131 8038.18 13.1454 -3327.44 68.2007
132 8048.9 10.4978 -3502.48 52.1964
133 8077.93 9.88225 -3522.66 44.371
134 8071.27 9.60997 -3631.68 47.3569
135 8145.2 11.0996 -3829.48 57.0992
136 8143.77 11.3449 -3565.19 54.5606
137 8180.82 11.9388 -3696.5 61.3402
138 8193.9 12.6633 -3595.59 63.3862
139 8248.56 12.7225 -3702.79 63.5976
140 8098.1 12.0572 -4097.33 57.9317
141 8216.45 12.2794 -3638.49 62.9063
142 8318.96 11.8883 -3727.49 59.3576
143 8304.65 11.0542 -3844.91 53.9089
144 8298.9 13.836 -3822.34 70.4509
145 8351.23 9.60722 -4120.78 55.6086
146 8204.14 15.2832 -3798.69 80.5038
147 8266.74 11.8734 -4043.36 59.6806
148 8186.33 10.9367 -4042.3 51.5544
149 8168.8 12.1829 -3892.95 59.7018
150 8141.54 11.5192 -3781.99 56.2892
151 8255.64 13.5173 -3977.02 69.7222
152 8218.46 10.1484 -3870.1 48.315
153 8182.34 10.9116 -3763.84 55.048
154 8170.55 17.4989 -4089.97 92.2995
155 8092.6 11.7782 -3686.7 58.4748
156 8174.6 12.2811 -3880.32 60.6606
157 8060.11 11.3252 -3890.85 55.2361
158 8036.25 12.6526 -4456.52 62.4918
159 8154.58 14.2423 -4119.43 69.9809
160 8476.87 10.1911 -3330.89 51.0514
161 8382.79 10.1185 -3360.82 47.0711
162 8450.71 10.4619 -3500.89 53.2178
163 8390.67 9.4643 -3743.48 46.4298
164 8466.49 9.52743 -3266.64 48.7993
165 8345.91 9.89596 -3480.73 48.6151
166 8494.09 11.8464 -3472.18 60.9675
167 8523.26 10.9379 -3473.53 54.7913
168 8601.16 9.36658 -3198.98 46.9701
169 8562.29 12.4614 -3620.13 64.5378
170 8556.31 10.3252 -3687.1 52.5958
171 8488.62 11.2407 -3908.53 57.4418
172 8529.31 10.3786 -3493.09 52.6136
173 8585.93 11.4795 -3813.69 59.5916
174 8728.5 12.1809 -3795.88 63.0668
175 8743.75 10.8627 -3430.14 55.3772
176 8752.31 10.8528 -3573.77 54.2077
177 8628.74 11.1895 -3649.62 55.7781
178 8553.54 10.9488 -3490.47 54.5826
179 8563.9 10.1882 -3318.31 51.2357
180 8656.97 13.4311 -3415.5 71.2202
181 8467.61 5.66672 -3301.01 30.0755
182 8487.35 9.56212 -3650.48 47.5057
183 8576.92 10.4627 -3563.47 51.1393
184 8510.2 12.1018 -3903.04 61.3408
185 8567.9 10.5442 -3427.82 54.0655
186 8458.27 10.2353 -3702.84 49.7934
187 8394.49 8.58518 -3737.25 40.6994
188 8565.81 9.94231 -3530.82 48.4844
189 8484.9 9.19721 -3698.21 51.4683
190 8468.57 13.1357 -3705.55 67.9459
191 8413.52 10.2621 -3625.27 51.5475
192 8200.9 14.7879 -3586.99 78.5645
193 8176.19 11.2532 -3436.76 58.2011
194 8095.91 9.00597 -3436.21 43.8387
195 8273.03 12.2666 -3375.85 61.2613
196 8298 12.8057 -3575.15 67.948
197 8289.15 8.80843 -3515.56 43.0597
198 8274.37 10.0433 -3528.62 48.7846
199 8255.75 13.0076 -3785.13 68.313
200 8267.51 10.5829 -3593.57 52.6038
201 8341.77 10.0856 -3562.16 52.4999
202 8363.77 10.7106 -3454.91 54.9037
203 8351.63 9.04002 -3572.97 45.1218
204 8377.84 8.96144 -3624.36 44.6707
205 8369.21 9.39738 -3548.97 46.8894
206 8479.14 11.0344 -3523.1 56.6713
207 8369.67 11.6563 -3571.32 61.7474
208 8525.95 12.8142 -3642.11 68.0738
209 8408.3 9.2466 -3344.55 45.454
210 8387.41 8.97563 -3294.58 42.2098
211 8358.42 10.7684 -3609.64 53.8938
212 8286.08 9.6926 -3463.98 48.9449
213 8287.01 9.14285 -3381.2 44.8088
214 8259.35 9.65252 -3297.71 48.7316
215 8288.72 11.4478 -3618.42 59.5224
216 8298.46 10.0768 -3595.98 51.7447
217 8297.55 11.6855 -3332.1 59.7842
218 8291.85 9.32029 -3498.41 45.8383
219 8251.11 12.4626 -3511.71 66.2973
220 8298.43 9.7474 -3548.48 48.2081
221 8244.13 11.1813 -3728.92 59.0205
222 8264.21 10.3787 -3484.18 53.4047
223 8377.35 12.483 -3513.94 63.7934
224 8729.02 17.9415 -4227.59 90.7749
225 8725.66 13.6567 -4018.77 66.3333
226 8133.5 9.44182 -3003.44 51.5795
227 8645.54 16.7961 -3765.88 88.3428
228 8476.78 12.7034 -4156.45 62.6468
229 8697.32 12.9153 -4129.69 74.8418
230 8582.25 11.3799 -4214.26 56.9256
231 8671.17 12.5095 -4063.01 60.4624
232 8688.39 10.0967 -4130.8 51.6876
233 8794.65 11.6354 -3913.64 58.6498
234 8612.53 13.8661 -4023.27 70.2181
235 8845.49 13.6989 -3907.96 67.3915
236 8840.8 11.7964 -4102.78 58.6076
237 8789.05 12.9143 -4215.39 66.2082
238 8824.58 10.7672 -3947.89 53.8805
239 8884.28 11.8731 -4003.93 53.2004
240 8724.13 11.5008 -4524.43 57.1103
241 8945.26 12.6201 -3895.59 65.1093
242 8835.02 10.8957 -3798.93 53.3377
243 8851.75 10.0943 -4123.88 58.4444
244 8914.97 14.8024 -3924.14 78.3088
245 8826.11 10.5879 -3777.7 61.2828
246 8692.07 10.556 -4107.14 53.1606
247 8803.18 9.072 -4044.06 52.5098
248 8747.04 12.1089 -3792.63 61.9842
249 8781.87 10.9153 -3835.6 51.9985
250 8757.27 11.5636 -3895.11 59.501
251 8746.13 9.89944 -3974.64 49.3832
252 8769.8 10.103 -3939.68 49.6405
253 8922.8 10.4692 -4239.36 60.6502
254 8865.01 11.2003 -3753.83 55.7936
255 8888.64 13.7902 -3639.71 72.9238
256 7402.2 14.877 -3412.81 76.3823
257 7341.08 10.8312 -3234.27 51.4974
258 7334.72 7.01042 -2920.49 40.3394
259 7424.57 11.6056 -3174.06 60.1549
260 7433.11 10.3307 -3168.63 49.7136
261 7461.68 10.8688 -3248.02 54.0306
262 7421.96 8.0683 -3226.6 46.6126
263 7460.59 9.54284 -3172.78 52.2116
264 7550.78 7.15617 -3374.62 41.3304
265 7368.24 10.8088 -3484.4 51.9054
266 7572.65 11.385 -3300.51 57.7765
267 7643.68 10.3253 -3178.55 52.3027
268 7453.87 11.7114 -3251.25 60.0017
269 7385.97 11.3343 -3453.13 56.2074
270 7581.57 10.8795 -3055.21 51.9939
271 7714.31 11.5963 -3248.49 57.668
272 7673.79 9.59757 -3321.47 45.8977
273 7558.63 8.5095 -3118.86 49.2128
274 7333.05 8.01639 -3590.76 38.9432
275 7523.64 10.7957 -2949.2 55.868
276 7657.06 7.43657 -3082.98 32.4055
277 7599.1 6.18186 -3254.75 35.6516
278 7529.58 9.83626 -3166.08 48.2426
279 7563 8.99014 -3340.42 44.476
280 11678.4 61.8844 -28122.2 339.55
281 7447.53 6.75697 -3174.67 39.0438
282 7479.71 7.79113 -3061.81 45.0243
284 7640.99 9.54649 -3010.41 48.1229
285 7472.26 8.72721 -3401.72 43.3356
286 7624.05 8.20345 -3002.79 41.0018
287 7364.08 8.96277 -3457.32 45.18
288 7365.52 8.97221 -2875.65 44.7703
289 7386.86 8.78252 -3057.03 43.7543
290 7370.56 8.99975 -3214.8 45.6424
291 7463.29 10.9737 -3057.6 56.4324
292 7530.7 8.0345 -3149.07 37.8868
293 7573.16 8.60324 -3175.05 43.1975
294 7522.95 8.16337 -3104.25 40.0618
295 7704.18 8.85407 -3087.29 44.3048
296 7675.75 8.4226 -3126.84 42.1599
297 7651.17 10.1103 -3268.78 51.6322
298 7696.17 8.78191 -3032 44.2212
299 7765.82 9.57115 -3146.69 47.8466
300 7715.73 7.7361 -2915.28 37.9535
301 7645.66 8.34438 -3081.2 40.9402
302 7686.07 7.77959 -2946.91 38.7908
303 7857.12 7.84597 -2893.23 37.8324
304 7930.1 8.02734 -2817.24 39.3492
305 7743.51 10.2832 -2833.74 53.2722
306 7810.98 11.6227 -2820.48 61.8618
307 7671.3 8.8208 -3268.07 43.2164
308 7697.23 8.57577 -3036.07 43.9531
309 7655.93 8.59412 -3104.65 42.6224
310 7791.64 10.1289 -2952.38 53.5986
311 7624.49 9.36521 -3256.57 46.3296
312 7825.98 10.2059 -3087.12 51.1479
313 7731.12 8.32242 -2985.77 41.08
314 7808.83 8.42115 -2983.51 43.3223
315 7681.99 9.53065 -2974.8 47.4753
316 7736.92 8.29819 -2982.22 41.5061
317 7736.44 7.9237 -2951.76 39.1014
318 7724.73 7.76854 -2906.99 38.9135
319 7571.9 7.87462 -3354.34 38.2761
320 7681.65 8.20955 -2731.56 41.0491
321 7610.8 8.80302 -2907.07 43.7623
322 7587.7 7.25747 -2855 33.1825
323 7486.11 8.89178 -3225.87 44.4057
324 7673.23 9.859 -2770.38 50.5738
325 7529.04 6.50786 -2867.76 30.0201
326 7535.64 7.71548 -3044.55 38.7619
327 7508.54 8.45214 -3372.72 42.6027
328 7678.89 8.24005 -2974.26 39.8902
329 7718.64 9.70551 -2929.95 49.4024
330 7670.35 9.56362 -3094.86 49.3743
331 7798.61 8.45123 -3156.89 41.6813
332 7756.82 8.70109 -3077.25 44.2476
333 7754.04 9.27128 -2828.26 47.9476
334 7767.48 9.2644 -3177.54 47.9022
335 7862.36 11.154 -2975.23 58.9556
336 7857.43 9.41105 -3111.33 47.0476
337 7697.77 8.1805 -3080.61 39.2229
338 7760.75 9.29392 -3180.76 45.9703
339 7616.54 8.75675 -3054.73 42.242
340 7792.51 7.4157 -2976.34 42.852
341 7671.42 8.79048 -3371.48 43.4145
342 7638.3 9.88816 -3634.15 47.8118
343 7787.63 9.99622 -3209.01 48.6705
344 7669.26 9.95862 -3243.05 49.3056
345 7732.24 10.7395 -3411.34 56.0776
346 7827.71 10.242 -3043.86 49.9909
347 7830.19 9.57543 -3197.33 55.3828
348 7676.55 9.94898 -3154.24 48.2025
349 7643.17 10.124 -3308.96 58.5976
350 7670.74 9.98232 -3199.83 49.0992
351 7709.4 10.2479 -2967.95 49.0904
352 7922.81 10.1856 -3088.39 49.0678
353 7752.89 11.6457 -3215.11 58.885
354 7818.77 9.4897 -3282.27 48.1454
355 7834.71 9.50453 -3396.85 49.5173
356 7877.05 10.5028 -3036.99 53.005
357 7828.24 9.04485 -3127.81 45.5725
358 7847.4 10.7093 -3199.55 52.1743
359 7892.88 10.954 -3282.06 56.6768
360 7914.69 8.69942 -3368.78 44.6452
361 7893.94 10.2173 -3017.88 49.8864
362 7882 11.3218 -3211.41 57.8327
363 7888.43 9.64259 -3351.79 47.5685
364 7866.44 9.48386 -3252.42 42.8808
365 7891.15 9.43456 -3414.46 45.4392
366 7915.52 8.79174 -3256.4 42.0148
367 7969.48 10.0856 -3248.91 49.5799
368 7994.43 10.8503 -3256.07 53.9622
369 7858.35 9.6955 -3157.75 46.0467
370 7883.73 9.89821 -3288.92 46.3258
371 7942.82 7.21435 -3551.59 41.689
372 7965.02 7.6664 -3779.99 44.3294
373 7907.82 10.9041 -3280.36 53.3712
374 7950.55 13.5967 -3681.19 69.3375
375 7836.2 11.7913 -3641.65 57.5829
376 7927.18 11.5409 -3812.99 57.0433
377 8036.61 9.84078 -3650.84 47.94
378 7896.07 15.1586 -4035.44 81.0214
379 7986.13 8.06966 -3801.52 46.6772
380 7926.49 11.8587 -3521.5 56.9613
381 7828.07 13.6308 -3530.88 70.357
382 7862.88 13.9067 -3599.76 71.9759
383 7898.4 12.6867 -3589.22 61.261
384 8097.08 19.1996 -1947.68 99.2838
385 7917.68 14.4157 -2029.78 73.5644
386 7978.69 13.7272 -2202.11 67.6219
387 7938.22 20.4608 -2044.17 111.73
388 7983.5 16.6182 -1984.16 86.3141
389 7968.32 15.9068 -1721.86 81.5061
390 7979.28 16.4794 -2046.63 82.2223
391 7853.51 14.397 -1851.68 67.242
392 8023.17 12.0216 -1805.91 57.58
393 8043.66 21.2288 -2005.11 112.073
394 7878.39 16.0514 -2103.79 80.6451
395 7921.43 13.9288 -1873.6 68.5089
396 8142.32 14.9305 -2017.52 76.9452
397 7999.29 11.466 -2191.27 57.5667
398 8019.9 12.92 -1607.7 62.3327
399 8028.71 10.0374 -1788.69 46.0691
400 8143.36 11.227 -1816.11 54.9915
401 8002.61 10.9216 -1723.43 53.3275
402 7992.37 11.3835 -1726.57 55.2991
403 7940.36 12.2454 -1848.52 61.2723
404 7998.96 10.3631 -1825.49 51.5593
405 8004.38 11.265 -1822.85 58.0367
406 7944.08 9.76652 -1781.1 47.3495
407 7902.56 9.31266 -1744.32 44.7006
408 7960.99 12.6115 -1618.26 61.6901
409 7844.48 11.3284 -1909.01 54.1003
410 7950.61 15.8312 -2209.15 84.4537
411 7900.49 11.0204 -1607.04 55.3807
412 7826.53 10.535 -1703.89 51.38
413 7776.55 9.93849 -1693.56 48.9728
414 10562.6 7.16452 -27477.1 23.1182
416 11881.6 5.03105 -32175.6 16.2348
417 8305.83 11.5624 -1814.31 58.0026
418 8164.21 11.6372 -1823.71 54.443
419 8192.65 10.7841 -2031.61 52.779
420 8197.49 13.3341 -1771.48 70.8934
421 8198.42 16.0839 -1824.09 85.706
422 8171.57 9.3236 -1612.44 44.6283
423 8151.01 10.2055 -1961.71 50.4721
424 8205.5 9.64471 -1832.23 46.1963
425 8257.91 10.6591 -1645.6 49.4443
426 8237.21 8.56838 -1773.14 41.496
427 8196.23 10.4311 -2130 52.0675
428 8279.69 10.8827 -1878.56 56.3219
430 7411.61 7.58637 -1364.44 35.7431
431 8301.33 10.3886 -1742.67 49.5898
432 8243 10.3265 -2052.02 52.0165
433 8162.13 9.82967 -1803.84 48.5912
434 8255.38 11.245 -1834.79 58.1435
435 8119.95 11.0701 -1765.97 54.4862
436 8154.58 9.25549 -1722.56 44.0734
437 8151.4 10.3713 -2075.23 52.9196
438 8207.49 10.6452 -1580.02 49.5493
439 8115.49 11.1739 -1750.15 54.9748
440 8190.8 9.84985 -1856.61 49.13
441 8112.27 7.52842 -1584.81 33.514
442 7973.1 12.2692 -1964.01 59.657
443 8067.89 10.9642 -1589.53 50.5497
444 8143.86 8.86111 -1432.97 42.1871
445 8106.51 8.67089 -1734.37 42.2715
446 8122.53 11.069 -1668.09 53.4392
447 11609.7 4.67295 -31121.2 15.4195
449 7442.95 1.49401 -17141.9 5.49006
450 7888.75 6.07788 -1455.91 20.1297
451 7916.13 9.25204 -1663.18 44.956
452 7824.09 10.5668 -1723.43 51.9531
453 7780.33 9.73292 -2016.66 46.8804
454 7881.63 8.09383 -1784.82 37.7043
455 7859.31 9.33491 -1554.08 45.0235
456 7966.39 9.95067 -1696.42 47.6825
457 7886.82 9.08103 -1782.57 43.7709
458 7942.89 8.52034 -1781.18 40.5894
459 7923.92 8.74885 -1472.15 42.7094
460 7897.57 9.57432 -1734.38 46.9241
461 7885.98 10.1635 -1776.8 48.5585
462 5267.11 7.31936 -1264.83 34.6268
463 7810.84 8.44637 -1564.43 40.5259
464 7937.62 9.91665 -1610.71 47.5598
465 7959.77 9.27696 -1529.07 44.9075
466 7843.98 11.5835 -1793.3 54.3987
467 7936.94 11.5217 -1767.79 58.4756
468 7847.46 8.11302 -1473.55 37.3478
469 7785.84 11.0213 -2067.87 54.7057
470 7777.67 14.0848 -1563.26 74.7002
471 7711.2 10.7798 -1959.68 50.9672
472 7793.55 6.261 -1783.44 36.1632
473 7768.97 10.6036 -1557.3 49.0808
474 7817.36 13.4024 -1753.37 64.245
475 7687.43 12.4491 -1708.83 65.7287
476 7681.44 10.0601 -1931.81 48.7152
477 7723.35 11.0531 -1416.9 55.3562
478 7741.66 8.04503 -1692.18 37.9127
479 7602.42 10.3216 -2004.4 50.1162
480 8279.28 11.8804 -1799.56 60.5756
481 8319.65 10.3572 -1609.35 51.2918
482 8213.02 14.2848 -1767.48 73.3425
483 8268.5 11.8047 -2000.58 61.1196
484 8317.08 12.9865 -1818.53 67.4399
485 8250.81 9.82767 -1810.15 47.4806
486 8372.35 13.7287 -1690.96 70.5798
487 8276.19 14.0381 -1860.45 71.259
488 8230.59 12.5582 -1873.2 61.3419
489 8339.19 15.6184 -1764.22 77.3318
490 8368.8 12.3735 -1916.01 62.4594
491 8371.01 13.5421 -1604.01 67.9589
492 8240.39 13.8147 -1762.36 64.2358
493 8310.84 12.7377 -1663.06 62.3647
494 8207.57 13.7077 -1664.47 63.1706
495 8360.51 12.506 -1767.85 57.4749
496 8480.83 14.5427 -1955.84 76.2469
497 8376.94 12.3136 -1684.48 58.8508
498 8322.37 10.5154 -1853.52 60.9173
499 8287.8 11.202 -1521.29 51.9196
500 8375.61 15.6546 -1851.66 80.7383
501 8184.96 8.79072 -1502.82 36.9855
502 8318.01 10.1763 -2029.62 58.9165
503 8248.18 16.1481 -1752.34 85.7825
504 8249.25 13.6477 -2107.27 69.7698
505 8244.7 13.8389 -1730.61 68.0738
506 8223.17 14.6231 -1907.3 73.9853
507 8233.52 15.2782 -1635.4 75.9462
508 8070.25 15.2297 -1714.28 76.6029
509 8042.2 17.2929 -1878.08 91.9243
510 7975.06 16.695 -1741.55 83.1995
511 7952.28 18.6689 -1839.59 99.5761
