-99.9 0
-99.7 0
-99.5 0
-99.3 0
-99.1 0
-98.9 0
-98.7 0
-98.5 0
-98.3 0
-98.1 0
-97.9 0
-97.7 0
-97.5 0
-97.3 0
-97.1 0
-96.9 0
-96.7 0
-96.5 1
-96.3 0
-96.1 0
-95.9 0
-95.7 0
-95.5 0
-95.3 0
-95.1 0
-94.9 0
-94.7 0
-94.5 0
-94.3 0
-94.1 0
-93.9 0
-93.7 0
-93.5 0
-93.3 0
-93.1 0
-92.9 0
-92.7 0
-92.5 0
-92.3 0
-92.1 0
-91.9 0
-91.7 0
-91.5 0
-91.3 0
-91.1 0
-90.9 0
-90.7 0
-90.5 0
-90.3 0
-90.1 0
-89.9 0
-89.7 0
-89.5 0
-89.3 0
-89.1 0
-88.9 0
-88.7 0
-88.5 0
-88.3 0
-88.1 0
-87.9 0
-87.7 0
-87.5 0
-87.3 0
-87.1 0
-86.9 0
-86.7 0
-86.5 0
-86.3 0
-86.1 0
-85.9 0
-85.7 0
-85.5 0
-85.3 0
-85.1 0
-84.9 0
-84.7 0
-84.5 0
-84.3 0
-84.1 0
-83.9 0
-83.7 0
-83.5 0
-83.3 0
-83.1 0
-82.9 0
-82.7 0
-82.5 0
-82.3 0
-82.1 0
-81.9 0
-81.7 0
-81.5 0
-81.3 0
-81.1 0
-80.9 0
-80.7 0
-80.5 0
-80.3 0
-80.1 0
-79.9 0
-79.7 0
-79.5 0
-79.3 0
-79.1 0
-78.9 0
-78.7 0
-78.5 0
-78.3 0
-78.1 0
-77.9 0
-77.7 0
-77.5 0
-77.3 0
-77.1 0
-76.9 0
-76.7 0
-76.5 0
-76.3 0
-76.1 0
-75.9 0
-75.7 0
-75.5 0
-75.3 0
-75.1 0
-74.9 0
-74.7 0
-74.5 0
-74.3 0
-74.1 0
-73.9 0
-73.7 0
-73.5 0
-73.3 0
-73.1 0
-72.9 0
-72.7 0
-72.5 0
-72.3 0
-72.1 0
-71.9 0
-71.7 0
-71.5 0
-71.3 0
-71.1 0
-70.9 0
-70.7 0
-70.5 0
-70.3 0
-70.1 0
-69.9 0
-69.7 0
-69.5 0
-69.3 0
-69.1 0
-68.9 0
-68.7 0
-68.5 0
-68.3 0
-68.1 0
-67.9 0
-67.7 0
-67.5 0
-67.3 0
-67.1 0
-66.9 0
-66.7 0
-66.5 0
-66.3 0
-66.1 0
-65.9 0
-65.7 0
-65.5 0
-65.3 0
-65.1 0
-64.9 0
-64.7 0
-64.5 0
-64.3 0
-64.1 0
-63.9 0
-63.7 0
-63.5 1
-63.3 0
-63.1 0
-62.9 0
-62.7 0
-62.5 0
-62.3 0
-62.1 0
-61.9 1
-61.7 0
-61.5 0
-61.3 0
-61.1 0
-60.9 0
-60.7 0
-60.5 0
-60.3 0
-60.1 0
-59.9 0
-59.7 0
-59.5 0
-59.3 0
-59.1 0
-58.9 0
-58.7 0
-58.5 1
-58.3 0
-58.1 0
-57.9 0
-57.7 0
-57.5 0
-57.3 0
-57.1 0
-56.9 0
-56.7 0
-56.5 0
-56.3 0
-56.1 0
-55.9 0
-55.7 0
-55.5 0
-55.3 0
-55.1 0
-54.9 0
-54.7 0
-54.5 0
-54.3 0
-54.1 0
-53.9 0
-53.7 0
-53.5 0
-53.3 0
-53.1 0
-52.9 0
-52.7 0
-52.5 0
-52.3 0
-52.1 0
-51.9 0
-51.7 0
-51.5 0
-51.3 0
-51.1 0
-50.9 0
-50.7 0
-50.5 0
-50.3 0
-50.1 0
-49.9 0
-49.7 0
-49.5 0
-49.3 0
-49.1 0
-48.9 0
-48.7 0
-48.5 0
-48.3 0
-48.1 0
-47.9 0
-47.7 0
-47.5 0
-47.3 0
-47.1 0
-46.9 0
-46.7 0
-46.5 0
-46.3 0
-46.1 0
-45.9 0
-45.7 0
-45.5 0
-45.3 0
-45.1 0
-44.9 0
-44.7 0
-44.5 0
-44.3 0
-44.1 0
-43.9 0
-43.7 0
-43.5 0
-43.3 0
-43.1 0
-42.9 0
-42.7 0
-42.5 0
-42.3 0
-42.1 0
-41.9 0
-41.7 0
-41.5 0
-41.3 0
-41.1 0
-40.9 0
-40.7 0
-40.5 0
-40.3 0
-40.1 0
-39.9 1
-39.7 0
-39.5 0
-39.3 0
-39.1 0
-38.9 0
-38.7 0
-38.5 0
-38.3 0
-38.1 0
-37.9 0
-37.7 0
-37.5 0
-37.3 0
-37.1 0
-36.9 0
-36.7 0
-36.5 0
-36.3 0
-36.1 0
-35.9 0
-35.7 0
-35.5 0
-35.3 0
-35.1 0
-34.9 1
-34.7 0
-34.5 0
-34.3 0
-34.1 0
-33.9 0
-33.7 0
-33.5 0
-33.3 0
-33.1 0
-32.9 0
-32.7 0
-32.5 0
-32.3 0
-32.1 0
-31.9 0
-31.7 0
-31.5 0
-31.3 0
-31.1 0
-30.9 0
-30.7 0
-30.5 0
-30.3 0
-30.1 0
-29.9 0
-29.7 1
-29.5 1
-29.3 0
-29.1 1
-28.9 0
-28.7 0
-28.5 1
-28.3 0
-28.1 1
-27.9 0
-27.7 0
-27.5 2
-27.3 0
-27.1 2
-26.9 2
-26.7 1
-26.5 1
-26.3 2
-26.1 1
-25.9 1
-25.7 1
-25.5 1
-25.3 0
-25.1 0
-24.9 2
-24.7 3
-24.5 1
-24.3 1
-24.1 2
-23.9 1
-23.7 2
-23.5 1
-23.3 4
-23.1 2
-22.9 2
-22.7 5
-22.5 1
-22.3 4
-22.1 3
-21.9 4
-21.7 2
-21.5 3
-21.3 4
-21.1 2
-20.9 3
-20.7 6
-20.5 4
-20.3 6
-20.1 3
-19.9 5
-19.7 7
-19.5 10
-19.3 4
-19.1 14
-18.9 4
-18.7 11
-18.5 8
-18.3 8
-18.1 2
-17.9 8
-17.7 5
-17.5 10
-17.3 8
-17.1 6
-16.9 6
-16.7 7
-16.5 10
-16.3 13
-16.1 15
-15.9 13
-15.7 10
-15.5 17
-15.3 11
-15.1 14
-14.9 12
-14.7 13
-14.5 16
-14.3 15
-14.1 10
-13.9 12
-13.7 15
-13.5 22
-13.3 19
-13.1 12
-12.9 16
-12.7 12
-12.5 21
-12.3 10
-12.1 25
-11.9 20
-11.7 13
-11.5 15
-11.3 14
-11.1 24
-10.9 18
-10.7 20
-10.5 22
-10.3 10
-10.1 27
-9.9 23
-9.7 28
-9.5 27
-9.3 19
-9.1 21
-8.9 19
-8.7 19
-8.5 27
-8.3 17
-8.1 20
-7.9 17
-7.7 18
-7.5 28
-7.3 19
-7.1 29
-6.9 21
-6.7 21
-6.5 20
-6.3 20
-6.1 29
-5.9 23
-5.7 20
-5.5 21
-5.3 23
-5.1 30
-4.9 21
-4.7 25
-4.5 16
-4.3 29
-4.1 28
-3.9 28
-3.7 24
-3.5 21
-3.3 24
-3.1 19
-2.9 19
-2.7 24
-2.5 17
-2.3 20
-2.1 14
-1.9 18
-1.7 21
-1.5 19
-1.3 31
-1.1 18
-0.9 22
-0.7 19
-0.5 22
-0.3 23
-0.1 21
0.1 21
0.3 16
0.5 26
0.7 22
0.9 17
1.1 13
1.3 13
1.5 10
1.7 20
1.9 22
2.1 22
2.3 17
2.5 18
2.7 27
2.9 25
3.1 19
3.3 11
3.5 7
3.7 23
3.9 20
4.1 16
4.3 19
4.5 28
4.7 15
4.9 23
5.1 14
5.3 11
5.5 15
5.7 21
5.9 20
6.1 15
6.3 12
6.5 15
6.7 15
6.9 20
7.1 13
7.3 20
7.5 21
7.7 15
7.9 23
8.1 15
8.3 14
8.5 14
8.7 8
8.9 12
9.1 26
9.3 14
9.5 21
9.7 14
9.9 14
10.1 10
10.3 14
10.5 10
10.7 17
10.9 19
11.1 21
11.3 13
11.5 18
11.7 12
11.9 17
12.1 16
12.3 16
12.5 18
12.7 13
12.9 15
13.1 9
13.3 17
13.5 19
13.7 18
13.9 17
14.1 23
14.3 11
14.5 15
14.7 18
14.9 11
15.1 12
15.3 13
15.5 16
15.7 9
15.9 11
16.1 19
16.3 9
16.5 16
16.7 17
16.9 18
17.1 16
17.3 16
17.5 17
17.7 11
17.9 17
18.1 14
18.3 9
18.5 12
18.7 19
18.9 7
19.1 14
19.3 18
19.5 17
19.7 12
19.9 18
20.1 11
20.3 8
20.5 13
20.7 8
20.9 17
21.1 18
21.3 15
21.5 18
21.7 10
21.9 13
22.1 18
22.3 12
22.5 19
22.7 11
22.9 8
23.1 14
23.3 13
23.5 18
23.7 16
23.9 12
24.1 19
24.3 12
24.5 17
24.7 19
24.9 19
25.1 20
25.3 6
25.5 10
25.7 10
25.9 13
26.1 10
26.3 15
26.5 16
26.7 15
26.9 10
27.1 10
27.3 16
27.5 19
27.7 15
27.9 13
28.1 14
28.3 15
28.5 16
28.7 15
28.9 17
29.1 9
29.3 9
29.5 11
29.7 21
29.9 12
30.1 5
30.3 20
30.5 10
30.7 11
30.9 17
31.1 16
31.3 8
31.5 14
31.7 11
31.9 14
32.1 14
32.3 12
32.5 11
32.7 17
32.9 9
33.1 7
33.3 18
33.5 17
33.7 8
33.9 15
34.1 10
34.3 16
34.5 7
34.7 13
34.9 8
35.1 12
35.3 13
35.5 10
35.7 17
35.9 5
36.1 11
36.3 8
36.5 16
36.7 16
36.9 9
37.1 12
37.3 12
37.5 12
37.7 16
37.9 12
38.1 9
38.3 12
38.5 10
38.7 15
38.9 9
39.1 6
39.3 10
39.5 11
39.7 5
39.9 17
40.1 13
40.3 8
40.5 12
40.7 6
40.9 13
41.1 9
41.3 17
41.5 16
41.7 15
41.9 9
42.1 18
42.3 6
42.5 11
42.7 19
42.9 11
43.1 12
43.3 12
43.5 13
43.7 5
43.9 11
44.1 5
44.3 8
44.5 12
44.7 11
44.9 11
45.1 10
45.3 7
45.5 9
45.7 5
45.9 14
46.1 7
46.3 12
46.5 7
46.7 11
46.9 10
47.1 12
47.3 12
47.5 6
47.7 8
47.9 13
48.1 7
48.3 8
48.5 16
48.7 12
48.9 9
49.1 8
49.3 10
49.5 11
49.7 5
49.9 11
50.1 7
50.3 11
50.5 14
50.7 9
50.9 13
51.1 10
51.3 8
51.5 6
51.7 9
51.9 7
52.1 7
52.3 8
52.5 5
52.7 8
52.9 7
53.1 7
53.3 14
53.5 8
53.7 10
53.9 7
54.1 12
54.3 9
54.5 13
54.7 9
54.9 7
55.1 4
55.3 11
55.5 6
55.7 7
55.9 12
56.1 10
56.3 5
56.5 14
56.7 8
56.9 6
57.1 6
57.3 7
57.5 12
57.7 10
57.9 9
58.1 8
58.3 9
58.5 10
58.7 7
58.9 9
59.1 9
59.3 3
59.5 13
59.7 5
59.9 0
60.1 8
60.3 4
60.5 13
60.7 5
60.9 5
61.1 8
61.3 6
61.5 9
61.7 3
61.9 6
62.1 10
62.3 11
62.5 3
62.7 7
62.9 8
63.1 5
63.3 5
63.5 3
63.7 8
63.9 10
64.1 4
64.3 6
64.5 7
64.7 13
64.9 4
65.1 5
65.3 10
65.5 6
65.7 2
65.9 6
66.1 7
66.3 9
66.5 7
66.7 6
66.9 7
67.1 3
67.3 4
67.5 5
67.7 9
67.9 3
68.1 6
68.3 8
68.5 5
68.7 7
68.9 5
69.1 3
69.3 4
69.5 11
69.7 5
69.9 6
70.1 2
70.3 1
70.5 2
70.7 10
70.9 4
71.1 4
71.3 7
71.5 2
71.7 5
71.9 1
72.1 6
72.3 3
72.5 8
72.7 5
72.9 9
73.1 6
73.3 6
73.5 1
73.7 6
73.9 3
74.1 5
74.3 2
74.5 5
74.7 2
74.9 6
75.1 3
75.3 4
75.5 3
75.7 2
75.9 4
76.1 5
76.3 6
76.5 5
76.7 2
76.9 3
77.1 5
77.3 3
77.5 5
77.7 5
77.9 3
78.1 4
78.3 2
78.5 4
78.7 3
78.9 7
79.1 3
79.3 1
79.5 6
79.7 4
79.9 5
80.1 3
80.3 5
80.5 2
80.7 3
80.9 3
81.1 3
81.3 8
81.5 5
81.7 2
81.9 2
82.1 1
82.3 1
82.5 4
82.7 3
82.9 4
83.1 3
83.3 1
83.5 2
83.7 3
83.9 1
84.1 1
84.3 8
84.5 3
84.7 2
84.9 3
85.1 4
85.3 1
85.5 1
85.7 2
85.9 2
86.1 4
86.3 4
86.5 3
86.7 4
86.9 4
87.1 1
87.3 3
87.5 1
87.7 1
87.9 0
88.1 4
88.3 2
88.5 1
88.7 4
88.9 4
89.1 3
89.3 1
89.5 3
89.7 1
89.9 0
90.1 4
90.3 2
90.5 2
90.7 6
90.9 4
91.1 2
91.3 0
91.5 1
91.7 1
91.9 0
92.1 0
92.3 1
92.5 1
92.7 2
92.9 1
93.1 1
93.3 2
93.5 3
93.7 2
93.9 2
94.1 1
94.3 2
94.5 2
94.7 2
94.9 0
95.1 2
95.3 4
95.5 1
95.7 1
95.9 2
96.1 0
96.3 2
96.5 3
96.7 4
96.9 1
97.1 1
97.3 5
97.5 2
97.7 8
97.9 1
98.1 1
98.3 2
98.5 1
98.7 2
98.9 1
99.1 2
99.3 4
99.5 0
99.7 1
99.9 0
