282
-812.5 5.58503e-05
-812.3 5.58503e-05
-812.1 0.000111701
-811.9 0.000111701
-811.7 0.000111701
-811.5 0.000111701
-811.3 0.000111701
-811.1 0.000111701
-810.9 0.000111701
-810.7 0.000111701
-810.5 0.000167551
-810.3 0.000223401
-810.1 0.000223401
-809.9 0.000223401
-809.7 0.000223401
-809.5 0.000335102
-809.3 0.000335102
-809.1 0.000614354
-808.9 0.000837755
-808.7 0.00100531
-808.5 0.00128456
-808.3 0.00189891
-808.1 0.00223401
-807.9 0.00284837
-807.7 0.00385367
-807.5 0.00497068
-807.3 0.00636694
-807.1 0.00753979
-806.9 0.009327
-806.7 0.011561
-806.5 0.0136833
-806.3 0.0168109
-806.1 0.0195476
-805.9 0.024239
-805.7 0.0287629
-805.5 0.0336219
-805.3 0.038816
-805.1 0.0450154
-804.9 0.0523876
-804.7 0.0614354
-804.5 0.0696454
-804.3 0.0791399
-804.1 0.0889137
-803.9 0.0996928
-803.7 0.111198
-803.5 0.12248
-803.3 0.133426
-803.1 0.144652
-802.9 0.157107
-802.7 0.168947
-802.5 0.181123
-802.3 0.192684
-802.1 0.206088
-801.9 0.219213
-801.7 0.231667
-801.5 0.244289
-801.3 0.25613
-801.1 0.26797
-800.9 0.279587
-800.7 0.291315
-800.5 0.302876
-800.3 0.314549
-800.1 0.325272
-799.9 0.33499
-799.7 0.34549
-799.5 0.355096
-799.3 0.364814
-799.1 0.375147
-798.9 0.384865
-798.7 0.393968
-798.5 0.402625
-798.3 0.412287
-798.1 0.421056
-797.9 0.428986
-797.7 0.436303
-797.5 0.444345
-797.3 0.451382
-797.1 0.457526
-796.9 0.464786
-796.7 0.472103
-796.5 0.478749
-796.3 0.48506
-796.1 0.491092
-795.9 0.497347
-795.7 0.503435
-795.5 0.509913
-795.3 0.515889
-795.1 0.522312
-794.9 0.526892
-794.7 0.533985
-794.5 0.538788
-794.3 0.545267
-794.1 0.550963
-793.9 0.556046
-793.7 0.56124
-793.5 0.566937
-793.3 0.572131
-793.1 0.578498
-792.9 0.583748
-792.7 0.588886
-792.5 0.593745
-792.3 0.598436
-792.1 0.604077
-791.9 0.609718
-791.7 0.615973
-791.5 0.621223
-791.3 0.626641
-791.1 0.632337
-790.9 0.636805
-790.7 0.642167
-790.5 0.646914
-790.3 0.651941
-790.1 0.657023
-789.9 0.661715
-789.7 0.667411
-789.5 0.67322
-789.3 0.677911
-789.1 0.683049
-788.9 0.68802
-788.7 0.692656
-788.5 0.697515
-788.3 0.702039
-788.1 0.706953
-787.9 0.711421
-787.7 0.715778
-787.5 0.720134
-787.3 0.725161
-787.1 0.73041
-786.9 0.734655
-786.7 0.739849
-786.5 0.744932
-786.3 0.749065
-786.1 0.753421
-785.9 0.758559
-785.7 0.762133
-785.5 0.766043
-785.3 0.77107
-785.1 0.775817
-784.9 0.780787
-784.7 0.785088
-784.5 0.789779
-784.3 0.794918
-784.1 0.799832
-783.9 0.803686
-783.7 0.807875
-783.5 0.811896
-783.3 0.815917
-783.1 0.820274
-782.9 0.824351
-782.7 0.828651
-782.5 0.832672
-782.3 0.835912
-782.1 0.83943
-781.9 0.843396
-781.7 0.846244
-781.5 0.849818
-781.3 0.854231
-781.1 0.857526
-780.9 0.86138
-780.7 0.864731
-780.5 0.867858
-780.3 0.871935
-780.1 0.875286
-779.9 0.878917
-779.7 0.882714
-779.5 0.885507
-779.3 0.888746
-779.1 0.892097
-778.9 0.895504
-778.7 0.897961
-778.5 0.900586
-778.3 0.903491
-778.1 0.906227
-777.9 0.908852
-777.7 0.911533
-777.5 0.914661
-777.3 0.917453
-777.1 0.919966
-776.9 0.922927
-776.7 0.925552
-776.5 0.928288
-776.3 0.93041
-776.1 0.933147
-775.9 0.93499
-775.7 0.936777
-775.5 0.939347
-775.3 0.941525
-775.1 0.943926
-774.9 0.945993
-774.7 0.948059
-774.5 0.949902
-774.3 0.951522
-774.1 0.953253
-773.9 0.954538
-773.7 0.955878
-773.5 0.957051
-773.3 0.958615
-773.1 0.960179
-772.9 0.96124
-772.7 0.962971
-772.5 0.963921
-772.3 0.965596
-772.1 0.966434
-771.9 0.967551
-771.7 0.968724
-771.5 0.969729
-771.3 0.970567
-771.1 0.971572
-770.9 0.972633
-770.7 0.97375
-770.5 0.974867
-770.3 0.976208
-770.1 0.977325
-769.9 0.978163
-769.7 0.979112
-769.5 0.980397
-769.3 0.981178
-769.1 0.981849
-768.9 0.982854
-768.7 0.983468
-768.5 0.983859
-768.3 0.98492
-768.1 0.985479
-767.9 0.985982
-767.7 0.986819
-767.5 0.987266
-767.3 0.987713
-767.1 0.988216
-766.9 0.988718
-766.7 0.988997
-766.5 0.989444
-766.3 0.989891
-766.1 0.990561
-765.9 0.990896
-765.7 0.991064
-765.5 0.991455
-765.3 0.992181
-765.1 0.992404
-764.9 0.992572
-764.7 0.992795
-764.5 0.993242
-764.3 0.993466
-764.1 0.993968
-763.9 0.994136
-763.7 0.994918
-763.5 0.995085
-763.3 0.995588
-763.1 0.995867
-762.9 0.995979
-762.7 0.996146
-762.5 0.996537
-762.3 0.996649
-762.1 0.996872
-761.9 0.997096
-761.7 0.997207
-761.5 0.997543
-761.3 0.997654
-761.1 0.997878
-760.9 0.997934
-760.7 0.997989
-760.5 0.998213
-760.3 0.998324
-760.1 0.99838
-759.9 0.998436
-759.7 0.998548
-759.5 0.99866
-759.3 0.998715
-759.1 0.998771
-758.9 0.998883
-758.7 0.998995
-758.5 0.999162
-758.3 0.999162
-758.1 0.999218
-757.9 0.999386
-757.7 0.999553
-757.5 0.999665
-757.3 0.999721
-757.1 0.999721
-756.9 0.999777
-756.7 0.999832
-756.5 0.999944
-756.3 1
