304
-814.9 5.57351e-05
-814.7 5.57351e-05
-814.5 5.57351e-05
-814.3 5.57351e-05
-814.1 5.57351e-05
-813.9 0.00011147
-813.7 0.000167205
-813.5 0.000167205
-813.3 0.000167205
-813.1 0.000167205
-812.9 0.000167205
-812.7 0.000167205
-812.5 0.000222941
-812.3 0.000222941
-812.1 0.000334411
-811.9 0.000334411
-811.7 0.000390146
-811.5 0.000390146
-811.3 0.000390146
-811.1 0.000445881
-810.9 0.000445881
-810.7 0.000445881
-810.5 0.000445881
-810.3 0.000557351
-810.1 0.000613087
-809.9 0.000668822
-809.7 0.00100323
-809.5 0.00105897
-809.3 0.00105897
-809.1 0.00139338
-808.9 0.00144911
-808.7 0.00178352
-808.5 0.00211794
-808.3 0.00273102
-808.1 0.00328837
-807.9 0.00378999
-807.7 0.00490469
-807.5 0.00646528
-807.3 0.00791439
-807.1 0.00969792
-806.9 0.0118716
-806.7 0.0143239
-806.5 0.0174451
-806.3 0.0216252
-806.1 0.026307
-805.9 0.0318248
-805.7 0.0373983
-805.5 0.0427489
-805.3 0.0483224
-805.1 0.0561253
-804.9 0.0651544
-804.7 0.0748523
-804.5 0.0848289
-804.3 0.0959202
-804.1 0.107959
-803.9 0.119831
-803.7 0.132817
-803.5 0.147698
-803.3 0.161855
-803.1 0.174618
-802.9 0.186824
-802.7 0.199922
-802.5 0.21458
-802.3 0.226675
-802.1 0.240441
-801.9 0.253818
-801.7 0.26647
-801.5 0.278509
-801.3 0.28921
-801.1 0.301137
-800.9 0.311281
-800.7 0.322372
-800.5 0.332683
-800.3 0.342715
-800.1 0.35102
-799.9 0.360606
-799.7 0.36958
-799.5 0.37833
-799.3 0.386133
-799.1 0.394103
-798.9 0.402241
-798.7 0.410378
-798.5 0.417401
-798.3 0.4242
-798.1 0.430888
-797.9 0.436852
-797.7 0.442593
-797.5 0.449114
-797.3 0.454966
-797.1 0.460317
-796.9 0.466113
-796.7 0.472077
-796.5 0.478542
-796.3 0.484171
-796.1 0.490023
-795.9 0.494872
-795.7 0.500892
-795.5 0.507078
-795.3 0.512986
-795.1 0.517835
-794.9 0.524245
-794.7 0.530097
-794.5 0.535782
-794.3 0.540408
-794.1 0.545034
-793.9 0.550942
-793.7 0.555902
-793.5 0.561197
-793.3 0.567551
-793.1 0.572344
-792.9 0.578029
-792.7 0.58299
-792.5 0.58834
-792.3 0.593691
-792.1 0.598818
-791.9 0.603444
-791.7 0.608851
-791.5 0.61448
-791.3 0.620221
-791.1 0.625014
-790.9 0.629696
-790.7 0.635046
-790.5 0.639617
-790.3 0.644577
-790.1 0.649928
-789.9 0.655278
-789.7 0.660907
-789.5 0.664976
-789.3 0.669045
-789.1 0.674005
-788.9 0.67813
-788.7 0.68192
-788.5 0.6861
-788.3 0.690336
-788.1 0.694794
-787.9 0.700702
-787.7 0.706332
-787.5 0.711682
-787.3 0.716252
-787.1 0.721882
-786.9 0.726563
-786.7 0.732304
-786.5 0.736651
-786.3 0.741891
-786.1 0.746238
-785.9 0.750251
-785.7 0.75549
-785.5 0.75967
-785.3 0.764408
-785.1 0.768922
-784.9 0.773046
-784.7 0.776948
-784.5 0.781407
-784.3 0.785754
-784.1 0.789767
-783.9 0.793891
-783.7 0.798462
-783.5 0.802809
-783.3 0.806655
-783.1 0.810891
-782.9 0.815127
-782.7 0.818638
-782.5 0.822818
-782.3 0.826719
-782.1 0.830231
-781.9 0.835693
-781.7 0.839873
-781.5 0.843886
-781.3 0.848066
-781.1 0.851912
-780.9 0.856482
-780.7 0.859659
-780.5 0.863282
-780.3 0.86735
-780.1 0.870973
-779.9 0.874707
-779.7 0.878776
-779.5 0.882064
-779.3 0.88513
-779.1 0.889087
-778.9 0.892598
-778.7 0.896388
-778.5 0.899454
-778.3 0.902631
-778.1 0.905696
-777.9 0.90865
-777.7 0.911437
-777.5 0.914391
-777.3 0.917401
-777.1 0.920299
-776.9 0.92303
-776.7 0.925538
-776.5 0.928157
-776.3 0.930944
-776.1 0.933508
-775.9 0.935347
-775.7 0.938357
-775.5 0.941144
-775.3 0.942871
-775.1 0.945045
-774.9 0.947665
-774.7 0.949448
-774.5 0.951065
-774.3 0.952848
-774.1 0.954687
-773.9 0.956304
-773.7 0.957641
-773.5 0.959035
-773.3 0.960874
-773.1 0.962379
-772.9 0.963605
-772.7 0.964943
-772.5 0.966447
-772.3 0.968119
-772.1 0.969401
-771.9 0.970293
-771.7 0.971965
-771.5 0.973191
-771.3 0.974195
-771.1 0.975086
-770.9 0.976034
-770.7 0.977204
-770.5 0.97804
-770.3 0.979044
-770.1 0.979824
-769.9 0.980883
-769.7 0.981607
-769.5 0.982555
-769.3 0.983224
-769.1 0.983893
-768.9 0.984617
-768.7 0.985286
-768.5 0.985899
-768.3 0.986568
-768.1 0.986847
-767.9 0.987515
-767.7 0.987905
-767.5 0.988184
-767.3 0.98863
-767.1 0.989132
-766.9 0.989578
-766.7 0.990079
-766.5 0.990636
-766.3 0.99125
-766.1 0.99164
-765.9 0.992086
-765.7 0.992587
-765.5 0.993368
-765.3 0.993758
-765.1 0.993925
-764.9 0.994204
-764.7 0.994594
-764.5 0.994817
-764.3 0.995095
-764.1 0.995318
-763.9 0.995597
-763.7 0.995931
-763.5 0.996154
-763.3 0.996321
-763.1 0.996433
-762.9 0.996656
-762.7 0.996879
-762.5 0.997102
-762.3 0.997213
-762.1 0.997325
-761.9 0.997548
-761.7 0.997659
-761.5 0.997882
-761.3 0.997994
-761.1 0.998161
-760.9 0.998272
-760.7 0.998272
-760.5 0.998439
-760.3 0.998551
-760.1 0.998551
-759.9 0.998551
-759.7 0.998607
-759.5 0.998718
-759.3 0.998885
-759.1 0.998941
-758.9 0.999053
-758.7 0.999164
-758.5 0.999275
-758.3 0.999275
-758.1 0.999275
-757.9 0.999387
-757.7 0.999498
-757.5 0.99961
-757.3 0.999721
-757.1 0.999721
-756.9 0.999777
-756.7 0.999777
-756.5 0.999833
-756.3 0.999833
-756.1 0.999833
-755.9 0.999833
-755.7 0.999833
-755.5 0.999833
-755.3 0.999889
-755.1 0.999944
-754.9 0.999944
-754.7 0.999944
-754.5 0.999944
-754.3 1
