1894
-498.5 2.1428e-05
-498.3 2.1428e-05
-498.1 2.1428e-05
-497.9 2.1428e-05
-497.7 4.28559e-05
-497.5 4.28559e-05
-497.3 4.28559e-05
-497.1 4.28559e-05
-496.9 4.28559e-05
-496.7 4.28559e-05
-496.5 4.28559e-05
-496.3 8.57118e-05
-496.1 8.57118e-05
-495.9 8.57118e-05
-495.7 8.57118e-05
-495.5 8.57118e-05
-495.3 8.57118e-05
-495.1 8.57118e-05
-494.9 8.57118e-05
-494.7 8.57118e-05
-494.5 0.00010714
-494.3 0.00010714
-494.1 0.000128568
-493.9 0.000128568
-493.7 0.000149996
-493.5 0.000149996
-493.3 0.000149996
-493.1 0.000149996
-492.9 0.000149996
-492.7 0.000149996
-492.5 0.000149996
-492.3 0.000149996
-492.1 0.000149996
-491.9 0.000149996
-491.7 0.000149996
-491.5 0.000149996
-491.3 0.000149996
-491.1 0.000149996
-490.9 0.000149996
-490.7 0.000149996
-490.5 0.000149996
-490.3 0.000149996
-490.1 0.000149996
-489.9 0.000149996
-489.7 0.000149996
-489.5 0.000171424
-489.3 0.000171424
-489.1 0.000171424
-488.9 0.000171424
-488.7 0.000171424
-488.5 0.000171424
-488.3 0.000171424
-488.1 0.000171424
-487.9 0.000171424
-487.7 0.000171424
-487.5 0.000171424
-487.3 0.000171424
-487.1 0.000171424
-486.9 0.000171424
-486.7 0.000171424
-486.5 0.000171424
-486.3 0.000192852
-486.1 0.000192852
-485.9 0.000192852
-485.7 0.000235708
-485.5 0.000235708
-485.3 0.000257136
-485.1 0.000257136
-484.9 0.000257136
-484.7 0.000257136
-484.5 0.000257136
-484.3 0.000257136
-484.1 0.000257136
-483.9 0.000257136
-483.7 0.000278563
-483.5 0.000299991
-483.3 0.000299991
-483.1 0.000299991
-482.9 0.000299991
-482.7 0.000321419
-482.5 0.000321419
-482.3 0.000321419
-482.1 0.000321419
-481.9 0.000321419
-481.7 0.000321419
-481.5 0.000321419
-481.3 0.000321419
-481.1 0.000321419
-480.9 0.000321419
-480.7 0.000321419
-480.5 0.000321419
-480.3 0.000321419
-480.1 0.000342847
-479.9 0.000342847
-479.7 0.000342847
-479.5 0.000342847
-479.3 0.000364275
-479.1 0.000364275
-478.9 0.000364275
-478.7 0.000364275
-478.5 0.000364275
-478.3 0.000364275
-478.1 0.000385703
-477.9 0.000385703
-477.7 0.000385703
-477.5 0.000385703
-477.3 0.000385703
-477.1 0.000385703
-476.9 0.000407131
-476.7 0.000407131
-476.5 0.000407131
-476.3 0.000407131
-476.1 0.000407131
-475.9 0.000428559
-475.7 0.000428559
-475.5 0.000428559
-475.3 0.000428559
-475.1 0.000428559
-474.9 0.000428559
-474.7 0.000428559
-474.5 0.000428559
-474.3 0.000428559
-474.1 0.000428559
-473.9 0.000428559
-473.7 0.000428559
-473.5 0.000428559
-473.3 0.000428559
-473.1 0.000428559
-472.9 0.000428559
-472.7 0.000428559
-472.5 0.000428559
-472.3 0.000428559
-472.1 0.000428559
-471.9 0.000428559
-471.7 0.000428559
-471.5 0.000428559
-471.3 0.000428559
-471.1 0.000449987
-470.9 0.000449987
-470.7 0.000449987
-470.5 0.000449987
-470.3 0.000449987
-470.1 0.000449987
-469.9 0.000449987
-469.7 0.000449987
-469.5 0.000449987
-469.3 0.000449987
-469.1 0.000471415
-468.9 0.000471415
-468.7 0.000471415
-468.5 0.000471415
-468.3 0.000471415
-468.1 0.000471415
-467.9 0.000471415
-467.7 0.000471415
-467.5 0.000471415
-467.3 0.000471415
-467.1 0.000492843
-466.9 0.000492843
-466.7 0.000492843
-466.5 0.000492843
-466.3 0.000492843
-466.1 0.000492843
-465.9 0.000492843
-465.7 0.000492843
-465.5 0.000492843
-465.3 0.000492843
-465.1 0.000492843
-464.9 0.000492843
-464.7 0.000492843
-464.5 0.000514271
-464.3 0.000514271
-464.1 0.000535699
-463.9 0.000535699
-463.7 0.000557127
-463.5 0.000557127
-463.3 0.000557127
-463.1 0.000578555
-462.9 0.000578555
-462.7 0.000578555
-462.5 0.000578555
-462.3 0.000578555
-462.1 0.000578555
-461.9 0.000578555
-461.7 0.000599983
-461.5 0.000599983
-461.3 0.000599983
-461.1 0.000599983
-460.9 0.000599983
-460.7 0.000599983
-460.5 0.000599983
-460.3 0.000599983
-460.1 0.000599983
-459.9 0.000599983
-459.7 0.000599983
-459.5 0.000599983
-459.3 0.000621411
-459.1 0.000621411
-458.9 0.000642839
-458.7 0.000642839
-458.5 0.000642839
-458.3 0.000664267
-458.1 0.000664267
-457.9 0.000664267
-457.7 0.000664267
-457.5 0.000664267
-457.3 0.000664267
-457.1 0.000664267
-456.9 0.000664267
-456.7 0.000685695
-456.5 0.000685695
-456.3 0.000685695
-456.1 0.000685695
-455.9 0.000707123
-455.7 0.000707123
-455.5 0.000707123
-455.3 0.000707123
-455.1 0.000728551
-454.9 0.000728551
-454.7 0.000728551
-454.5 0.000728551
-454.3 0.000728551
-454.1 0.000728551
-453.9 0.000728551
-453.7 0.000749979
-453.5 0.000771407
-453.3 0.000792834
-453.1 0.000814262
-452.9 0.00083569
-452.7 0.00083569
-452.5 0.00083569
-452.3 0.000857118
-452.1 0.000857118
-451.9 0.000857118
-451.7 0.000857118
-451.5 0.000857118
-451.3 0.000857118
-451.1 0.000857118
-450.9 0.000857118
-450.7 0.000857118
-450.5 0.000857118
-450.3 0.000878546
-450.1 0.000878546
-449.9 0.000878546
-449.7 0.000878546
-449.5 0.000878546
-449.3 0.000878546
-449.1 0.000878546
-448.9 0.000878546
-448.7 0.000899974
-448.5 0.000899974
-448.3 0.000899974
-448.1 0.000899974
-447.9 0.000921402
-447.7 0.000921402
-447.5 0.000921402
-447.3 0.000921402
-447.1 0.000921402
-446.9 0.000921402
-446.7 0.00094283
-446.5 0.000964258
-446.3 0.000964258
-446.1 0.000964258
-445.9 0.000964258
-445.7 0.000964258
-445.5 0.000985686
-445.3 0.000985686
-445.1 0.000985686
-444.9 0.000985686
-444.7 0.000985686
-444.5 0.000985686
-444.3 0.000985686
-444.1 0.000985686
-443.9 0.00100711
-443.7 0.00102854
-443.5 0.00102854
-443.3 0.00102854
-443.1 0.00102854
-442.9 0.00102854
-442.7 0.00104997
-442.5 0.00104997
-442.3 0.00104997
-442.1 0.0010714
-441.9 0.00109283
-441.7 0.00109283
-441.5 0.00109283
-441.3 0.00109283
-441.1 0.00109283
-440.9 0.00111425
-440.7 0.00111425
-440.5 0.00115711
-440.3 0.00117854
-440.1 0.00122139
-439.9 0.00122139
-439.7 0.00124282
-439.5 0.00126425
-439.3 0.00126425
-439.1 0.00126425
-438.9 0.00128568
-438.7 0.00130711
-438.5 0.00132853
-438.3 0.00137139
-438.1 0.00137139
-437.9 0.00139282
-437.7 0.00139282
-437.5 0.00139282
-437.3 0.00143567
-437.1 0.0014571
-436.9 0.0014571
-436.7 0.0014571
-436.5 0.00147853
-436.3 0.00147853
-436.1 0.00147853
-435.9 0.00147853
-435.7 0.00149996
-435.5 0.00154281
-435.3 0.00154281
-435.1 0.00156424
-434.9 0.00158567
-434.7 0.0016071
-434.5 0.0016071
-434.3 0.0016071
-434.1 0.0016071
-433.9 0.0016071
-433.7 0.0016071
-433.5 0.00162852
-433.3 0.00167138
-433.1 0.00169281
-432.9 0.00169281
-432.7 0.00171424
-432.5 0.00173566
-432.3 0.00177852
-432.1 0.00179995
-431.9 0.00179995
-431.7 0.00179995
-431.5 0.00179995
-431.3 0.00179995
-431.1 0.00179995
-430.9 0.0018428
-430.7 0.00188566
-430.5 0.00190709
-430.3 0.00192852
-430.1 0.00194994
-429.9 0.00194994
-429.7 0.0019928
-429.5 0.0019928
-429.3 0.0019928
-429.1 0.00201423
-428.9 0.00203566
-428.7 0.00205708
-428.5 0.00205708
-428.3 0.00205708
-428.1 0.00205708
-427.9 0.00207851
-427.7 0.00207851
-427.5 0.00209994
-427.3 0.00212137
-427.1 0.0021428
-426.9 0.00216422
-426.7 0.00216422
-426.5 0.00216422
-426.3 0.00216422
-426.1 0.00222851
-425.9 0.00222851
-425.7 0.00224994
-425.5 0.00224994
-425.3 0.00229279
-425.1 0.00233565
-424.9 0.00233565
-424.7 0.00239993
-424.5 0.00244279
-424.3 0.00244279
-424.1 0.00244279
-423.9 0.00248564
-423.7 0.00250707
-423.5 0.00250707
-423.3 0.00250707
-423.1 0.00254993
-422.9 0.00257136
-422.7 0.00259278
-422.5 0.00263564
-422.3 0.00265707
-422.1 0.00276421
-421.9 0.00278563
-421.7 0.00284992
-421.5 0.00287135
-421.3 0.00295706
-421.1 0.00302134
-420.9 0.00304277
-420.7 0.00304277
-420.5 0.00304277
-420.3 0.0030642
-420.1 0.0030642
-419.9 0.00310705
-419.7 0.00314991
-419.5 0.00314991
-419.3 0.00319277
-419.1 0.00319277
-418.9 0.00323562
-418.7 0.00325705
-418.5 0.00327848
-418.3 0.00332133
-418.1 0.00332133
-417.9 0.00336419
-417.7 0.00340705
-417.5 0.0034499
-417.3 0.00347133
-417.1 0.00353561
-416.9 0.00357847
-416.7 0.00366418
-416.5 0.00374989
-416.3 0.00379275
-416.1 0.00387846
-415.9 0.00387846
-415.7 0.00389989
-415.5 0.00396417
-415.3 0.00400703
-415.1 0.00402846
-414.9 0.00409274
-414.7 0.00409274
-414.5 0.0041356
-414.3 0.00415702
-414.1 0.00422131
-413.9 0.00426416
-413.7 0.00426416
-413.5 0.00432845
-413.3 0.00441416
-413.1 0.00443559
-412.9 0.00454273
-412.7 0.00456416
-412.5 0.00464987
-412.3 0.00475701
-412.1 0.00479986
-411.9 0.00484272
-411.7 0.004907
-411.5 0.00494986
-411.3 0.00501414
-411.1 0.00507843
-410.9 0.00514271
-410.7 0.00514271
-410.5 0.00518557
-410.3 0.00518557
-410.1 0.00527128
-409.9 0.00533556
-409.7 0.00539985
-409.5 0.0054427
-409.3 0.00552841
-409.1 0.0055927
-408.9 0.00563555
-408.7 0.00569984
-408.5 0.00578555
-408.3 0.00584983
-408.1 0.00589269
-407.9 0.00591412
-407.7 0.00604268
-407.5 0.00604268
-407.3 0.00604268
-407.1 0.0061284
-406.9 0.00619268
-406.7 0.00634268
-406.5 0.00640696
-406.3 0.00649267
-406.1 0.00655696
-405.9 0.00664267
-405.7 0.0066641
-405.5 0.00672838
-405.3 0.00677124
-405.1 0.00683552
-404.9 0.00687837
-404.7 0.0068998
-404.5 0.00702837
-404.3 0.00709265
-404.1 0.00715694
-403.9 0.00719979
-403.7 0.00724265
-403.5 0.00732836
-403.3 0.00752121
-403.1 0.00760693
-402.9 0.00771407
-402.7 0.00784263
-402.5 0.00790692
-402.3 0.00799263
-402.1 0.00805691
-401.9 0.00818548
-401.7 0.00829262
-401.5 0.00837833
-401.3 0.00854976
-401.1 0.0086569
-400.9 0.00878546
-400.7 0.00895689
-400.5 0.00910688
-400.3 0.00919259
-400.1 0.00923545
-399.9 0.00936402
-399.7 0.00944973
-399.5 0.00951401
-399.3 0.0095783
-399.1 0.00968544
-398.9 0.00987829
-398.7 0.0100711
-398.5 0.0101783
-398.3 0.0103497
-398.1 0.0104568
-397.9 0.0106711
-397.7 0.0108425
-397.5 0.0110783
-397.3 0.0113997
-397.1 0.0116782
-396.9 0.0121068
-396.7 0.0127282
-396.5 0.013371
-396.3 0.0143782
-396.1 0.0154281
-395.9 0.0171638
-395.7 0.0193709
-395.5 0.0216637
-395.3 0.0241493
-395.1 0.0272778
-394.9 0.030642
-394.7 0.033749
-394.5 0.0378632
-394.3 0.0419559
-394.1 0.0459415
-393.9 0.0499271
-393.7 0.0535913
-393.5 0.0577269
-393.3 0.0613054
-393.1 0.0646267
-392.9 0.0687837
-392.7 0.0723622
-392.5 0.0755336
-392.3 0.0785978
-392.1 0.0815548
-391.9 0.0844047
-391.7 0.0878546
-391.5 0.0911117
-391.3 0.094283
-391.1 0.0972187
-390.9 0.100219
-390.7 0.102833
-390.5 0.105468
-390.3 0.108704
-390.1 0.111297
-389.9 0.114361
-389.7 0.11719
-389.5 0.119611
-389.3 0.122054
-389.1 0.124925
-388.9 0.128075
-388.7 0.131053
-388.5 0.133625
-388.3 0.136346
-388.1 0.139196
-387.9 0.142153
-387.7 0.144939
-387.5 0.147767
-387.3 0.150296
-387.1 0.152631
-386.9 0.155588
-386.7 0.15801
-386.5 0.160603
-386.3 0.163217
-386.1 0.165895
-385.9 0.168317
-385.7 0.170952
-385.5 0.173374
-385.3 0.175859
-385.1 0.178302
-384.9 0.181066
-384.7 0.184195
-384.5 0.187238
-384.3 0.18968
-384.1 0.192552
-383.9 0.195337
-383.7 0.197716
-383.5 0.20033
-383.3 0.20303
-383.1 0.205473
-382.9 0.20783
-382.7 0.211173
-382.5 0.213808
-382.3 0.216508
-382.1 0.218672
-381.9 0.221394
-381.7 0.224072
-381.5 0.226644
-381.3 0.229236
-381.1 0.231829
-380.9 0.234486
-380.7 0.237272
-380.5 0.2398
-380.3 0.2425
-380.1 0.245329
-379.9 0.247943
-379.7 0.250536
-379.5 0.253386
-379.3 0.256193
-379.1 0.258293
-378.9 0.261014
-378.7 0.263907
-378.5 0.266435
-378.3 0.269092
-378.1 0.271814
-377.9 0.274256
-377.7 0.277321
-377.5 0.279763
-377.3 0.282313
-377.1 0.284863
-376.9 0.287606
-376.7 0.29022
-376.5 0.293006
-376.3 0.295192
-376.1 0.29787
-375.9 0.300699
-375.7 0.303334
-375.5 0.306098
-375.3 0.30852
-375.1 0.311263
-374.9 0.313598
-374.7 0.316255
-374.5 0.318527
-374.3 0.320777
-374.1 0.323391
-373.9 0.325362
-373.7 0.327698
-373.5 0.330355
-373.3 0.333076
-373.1 0.335412
-372.9 0.337619
-372.7 0.340083
-372.5 0.342697
-372.3 0.345762
-372.1 0.34829
-371.9 0.351419
-371.7 0.353754
-371.5 0.355918
-371.3 0.35849
-371.1 0.361168
-370.9 0.363547
-370.7 0.365947
-370.5 0.368347
-370.3 0.370918
-370.1 0.373296
-369.9 0.375439
-369.7 0.377882
-369.5 0.380432
-369.3 0.383068
-369.1 0.385768
-368.9 0.387696
-368.7 0.390225
-368.5 0.392989
-368.3 0.395689
-368.1 0.397831
-367.9 0.399739
-367.7 0.401989
-367.5 0.404646
-367.3 0.407153
-367.1 0.409788
-366.9 0.412574
-366.7 0.41536
-366.5 0.417931
-366.3 0.420245
-366.1 0.422795
-365.9 0.425088
-365.7 0.427381
-365.5 0.429416
-365.3 0.431773
-365.1 0.434345
-364.9 0.436573
-364.7 0.438952
-364.5 0.44133
-364.3 0.444094
-364.1 0.446087
-363.9 0.448166
-363.7 0.450373
-363.5 0.452794
-363.3 0.455323
-363.1 0.457251
-362.9 0.459994
-362.7 0.462394
-362.5 0.464665
-362.3 0.466872
-362.1 0.468887
-361.9 0.471179
-361.7 0.473344
-361.5 0.475786
-361.3 0.478143
-361.1 0.481186
-360.9 0.48365
-360.7 0.485815
-360.5 0.48845
-360.3 0.491022
-360.1 0.493314
-359.9 0.495222
-359.7 0.497343
-359.5 0.49985
-359.3 0.502143
-359.1 0.504243
-358.9 0.506557
-358.7 0.508657
-358.5 0.510778
-358.3 0.51305
-358.1 0.515171
-357.9 0.517485
-357.7 0.519628
-357.5 0.521942
-357.3 0.523849
-357.1 0.525928
-356.9 0.528478
-356.7 0.530578
-356.5 0.533128
-356.3 0.535592
-356.1 0.537927
-355.9 0.54007
-355.7 0.541806
-355.5 0.54397
-355.3 0.546392
-355.1 0.548491
-354.9 0.550227
-354.7 0.552563
-354.5 0.554513
-354.3 0.556763
-354.1 0.558991
-353.9 0.560877
-353.7 0.563105
-353.5 0.565184
-353.3 0.567498
-353.1 0.569748
-352.9 0.571869
-352.7 0.574312
-352.5 0.576776
-352.3 0.578941
-352.1 0.581019
-351.9 0.582905
-351.7 0.585476
-351.5 0.587533
-351.3 0.589419
-351.1 0.591412
-350.9 0.59319
-350.7 0.595333
-350.5 0.597604
-350.3 0.599361
-350.1 0.60129
-349.9 0.603411
-349.7 0.605683
-349.5 0.607761
-349.3 0.609475
-349.1 0.612175
-348.9 0.614104
-348.7 0.61644
-348.5 0.618539
-348.3 0.620061
-348.1 0.622161
-347.9 0.624432
-347.7 0.626661
-347.5 0.628525
-347.3 0.630539
-347.1 0.632575
-346.9 0.63446
-346.7 0.636732
-346.5 0.638725
-346.3 0.640567
-346.1 0.642453
-345.9 0.644682
-345.7 0.64691
-345.5 0.648753
-345.3 0.650831
-345.1 0.652481
-344.9 0.654281
-344.7 0.656488
-344.5 0.658288
-344.3 0.660195
-344.1 0.662188
-343.9 0.664331
-343.7 0.666388
-343.5 0.668167
-343.3 0.670674
-343.1 0.672067
-342.9 0.673524
-342.7 0.675259
-342.5 0.676866
-342.3 0.678538
-342.1 0.680166
-341.9 0.681945
-341.7 0.683895
-341.5 0.685845
-341.3 0.687409
-341.1 0.689145
-340.9 0.690923
-340.7 0.692916
-340.5 0.69448
-340.3 0.696109
-340.1 0.69778
-339.9 0.699537
-339.7 0.701809
-339.5 0.703201
-339.3 0.704658
-339.1 0.706801
-338.9 0.708515
-338.7 0.710187
-338.5 0.712051
-338.3 0.714065
-338.1 0.715501
-337.9 0.717537
-337.7 0.718844
-337.5 0.720472
-337.3 0.722187
-337.1 0.723494
-336.9 0.725165
-336.7 0.726965
-336.5 0.728593
-336.3 0.730286
-336.1 0.731808
-335.9 0.7335
-335.7 0.735279
-335.5 0.737036
-335.3 0.739029
-335.1 0.740872
-334.9 0.742564
-334.7 0.744193
-334.5 0.745929
-334.3 0.747729
-334.1 0.749121
-333.9 0.750921
-333.7 0.752786
-333.5 0.754243
-333.3 0.756
-333.1 0.758057
-332.9 0.759857
-332.7 0.7614
-332.5 0.763264
-332.3 0.76515
-332.1 0.767078
-331.9 0.768921
-331.7 0.770549
-331.5 0.772007
-331.3 0.773721
-331.1 0.775371
-330.9 0.777385
-330.7 0.779163
-330.5 0.780771
-330.3 0.782206
-330.1 0.783856
-329.9 0.78557
-329.7 0.787285
-329.5 0.78857
-329.3 0.790692
-329.1 0.792449
-328.9 0.794013
-328.7 0.795449
-328.5 0.796756
-328.3 0.798491
-328.1 0.800077
-327.9 0.801663
-327.7 0.803356
-327.5 0.80447
-327.3 0.806141
-327.1 0.807234
-326.9 0.808713
-326.7 0.810127
-326.5 0.811263
-326.3 0.812655
-326.1 0.813812
-325.9 0.815077
-325.7 0.816448
-325.5 0.817798
-325.3 0.819127
-325.1 0.820348
-324.9 0.821784
-324.7 0.823519
-324.5 0.824784
-324.3 0.825855
-324.1 0.827655
-323.9 0.829069
-323.7 0.830591
-323.5 0.831941
-323.3 0.833612
-323.1 0.83509
-322.9 0.836312
-322.7 0.837876
-322.5 0.839462
-322.3 0.840747
-322.1 0.842247
-321.9 0.844047
-321.7 0.845462
-321.5 0.846854
-321.3 0.848333
-321.1 0.849426
-320.9 0.851054
-320.7 0.852554
-320.5 0.853947
-320.3 0.855468
-320.1 0.856926
-319.9 0.858125
-319.7 0.859411
-319.5 0.860997
-319.3 0.862497
-319.1 0.864104
-318.9 0.865304
-318.7 0.866718
-318.5 0.867939
-318.3 0.869482
-318.1 0.870897
-317.9 0.872504
-317.7 0.873896
-317.5 0.875396
-317.3 0.876575
-317.1 0.877925
-316.9 0.879168
-316.7 0.880689
-316.5 0.881911
-316.3 0.883196
-316.1 0.884439
-315.9 0.885853
-315.7 0.887182
-315.5 0.888617
-315.3 0.889882
-315.1 0.891532
-314.9 0.893032
-314.7 0.894253
-314.5 0.895646
-314.3 0.89676
-314.1 0.898131
-313.9 0.89946
-313.7 0.901153
-313.5 0.902396
-313.3 0.903938
-313.1 0.905203
-312.9 0.906638
-312.7 0.908288
-312.5 0.909681
-312.3 0.910945
-312.1 0.912188
-311.9 0.913602
-311.7 0.914824
-311.5 0.916345
-311.3 0.917545
-311.1 0.918895
-310.9 0.920245
-310.7 0.921188
-310.5 0.922302
-310.3 0.923438
-310.1 0.924788
-309.9 0.926245
-309.7 0.927316
-309.5 0.928666
-309.3 0.930059
-309.1 0.931238
-308.9 0.932545
-308.7 0.933788
-308.5 0.934945
-308.3 0.936338
-308.1 0.937452
-307.9 0.938373
-307.7 0.939423
-307.5 0.940366
-307.3 0.941587
-307.1 0.942552
-306.9 0.943559
-306.7 0.945016
-306.5 0.945959
-306.3 0.946966
-306.1 0.948101
-305.9 0.948959
-305.7 0.950223
-305.5 0.951444
-305.3 0.952344
-305.1 0.953287
-304.9 0.954358
-304.7 0.955237
-304.5 0.956008
-304.3 0.957144
-304.1 0.958108
-303.9 0.959094
-303.7 0.960015
-303.5 0.960937
-303.3 0.961858
-303.1 0.96278
-302.9 0.963508
-302.7 0.964237
-302.5 0.965137
-302.3 0.965887
-302.1 0.966872
-301.9 0.967815
-301.7 0.968608
-301.5 0.969208
-301.3 0.969787
-301.1 0.970451
-300.9 0.971051
-300.7 0.971844
-300.5 0.972358
-300.3 0.973086
-300.1 0.973729
-299.9 0.974565
-299.7 0.975186
-299.5 0.975679
-299.3 0.976151
-299.1 0.976644
-298.9 0.977265
-298.7 0.977929
-298.5 0.978272
-298.3 0.978743
-298.1 0.979343
-297.9 0.979965
-297.7 0.980415
-297.5 0.980843
-297.3 0.981315
-297.1 0.981829
-296.9 0.982236
-296.7 0.982686
-296.5 0.982965
-296.3 0.983372
-296.1 0.983629
-295.9 0.983972
-295.7 0.984229
-295.5 0.984379
-295.3 0.984765
-295.1 0.985086
-294.9 0.985279
-294.7 0.9856
-294.5 0.985922
-294.3 0.986308
-294.1 0.986543
-293.9 0.986822
-293.7 0.987186
-293.5 0.987422
-293.3 0.987636
-293.1 0.987722
-292.9 0.987957
-292.7 0.98815
-292.5 0.988386
-292.3 0.9886
-292.1 0.988793
-291.9 0.988922
-291.7 0.989029
-291.5 0.989265
-291.3 0.989436
-291.1 0.989543
-290.9 0.98965
-290.7 0.9898
-290.5 0.990057
-290.3 0.99025
-290.1 0.990465
-289.9 0.990593
-289.7 0.990765
-289.5 0.990893
-289.3 0.990957
-289.1 0.991065
-288.9 0.991236
-288.7 0.991429
-288.5 0.991515
-288.3 0.9916
-288.1 0.991707
-287.9 0.9919
-287.7 0.991943
-287.5 0.992029
-287.3 0.992093
-287.1 0.992179
-286.9 0.99235
-286.7 0.992629
-286.5 0.992672
-286.3 0.992779
-286.1 0.992864
-285.9 0.993079
-285.7 0.993186
-285.5 0.99325
-285.3 0.993293
-285.1 0.993357
-284.9 0.993443
-284.7 0.993593
-284.5 0.993679
-284.3 0.993743
-284.1 0.993764
-283.9 0.993786
-283.7 0.993829
-283.5 0.993914
-283.3 0.994
-283.1 0.994022
-282.9 0.994064
-282.7 0.994129
-282.5 0.994214
-282.3 0.994236
-282.1 0.994279
-281.9 0.994343
-281.7 0.994514
-281.5 0.994579
-281.3 0.994643
-281.1 0.994664
-280.9 0.994707
-280.7 0.994707
-280.5 0.994772
-280.3 0.994793
-280.1 0.994857
-279.9 0.9949
-279.7 0.9949
-279.5 0.994922
-279.3 0.99505
-279.1 0.995136
-278.9 0.995157
-278.7 0.9952
-278.5 0.995243
-278.3 0.995307
-278.1 0.99535
-277.9 0.995393
-277.7 0.995436
-277.5 0.9955
-277.3 0.995564
-277.1 0.995586
-276.9 0.995586
-276.7 0.995607
-276.5 0.995607
-276.3 0.995693
-276.1 0.995693
-275.9 0.995757
-275.7 0.995843
-275.5 0.995886
-275.3 0.99595
-275.1 0.995972
-274.9 0.995972
-274.7 0.995972
-274.5 0.995993
-274.3 0.996036
-274.1 0.996057
-273.9 0.996079
-273.7 0.996122
-273.5 0.996122
-273.3 0.996143
-273.1 0.996143
-272.9 0.996143
-272.7 0.996143
-272.5 0.996186
-272.3 0.996229
-272.1 0.99625
-271.9 0.996272
-271.7 0.996314
-271.5 0.996336
-271.3 0.996379
-271.1 0.996379
-270.9 0.9964
-270.7 0.9964
-270.5 0.996443
-270.3 0.996443
-270.1 0.996507
-269.9 0.996529
-269.7 0.996572
-269.5 0.996593
-269.3 0.996593
-269.1 0.996593
-268.9 0.996614
-268.7 0.996614
-268.5 0.996636
-268.3 0.996657
-268.1 0.996679
-267.9 0.9967
-267.7 0.996722
-267.5 0.996764
-267.3 0.996764
-267.1 0.996764
-266.9 0.996807
-266.7 0.996807
-266.5 0.996807
-266.3 0.996807
-266.1 0.996807
-265.9 0.996807
-265.7 0.996829
-265.5 0.99685
-265.3 0.99685
-265.1 0.99685
-264.9 0.99685
-264.7 0.99685
-264.5 0.996872
-264.3 0.996893
-264.1 0.996893
-263.9 0.996893
-263.7 0.996957
-263.5 0.996957
-263.3 0.996979
-263.1 0.997
-262.9 0.997
-262.7 0.997043
-262.5 0.997043
-262.3 0.997064
-262.1 0.997086
-261.9 0.997107
-261.7 0.997129
-261.5 0.99715
-261.3 0.997172
-261.1 0.997172
-260.9 0.997172
-260.7 0.997193
-260.5 0.997236
-260.3 0.997257
-260.1 0.997279
-259.9 0.997322
-259.7 0.997343
-259.5 0.997343
-259.3 0.997364
-259.1 0.997364
-258.9 0.997364
-258.7 0.997364
-258.5 0.997386
-258.3 0.997407
-258.1 0.997407
-257.9 0.997429
-257.7 0.99745
-257.5 0.997472
-257.3 0.997472
-257.1 0.997493
-256.9 0.997514
-256.7 0.997536
-256.5 0.997536
-256.3 0.997536
-256.1 0.997557
-255.9 0.997579
-255.7 0.997579
-255.5 0.997579
-255.3 0.997621
-255.1 0.997643
-254.9 0.997664
-254.7 0.997664
-254.5 0.997664
-254.3 0.997686
-254.1 0.997707
-253.9 0.997729
-253.7 0.997729
-253.5 0.99775
-253.3 0.99775
-253.1 0.99775
-252.9 0.997771
-252.7 0.997814
-252.5 0.997836
-252.3 0.997836
-252.1 0.997836
-251.9 0.997836
-251.7 0.997836
-251.5 0.997836
-251.3 0.997836
-251.1 0.997857
-250.9 0.997857
-250.7 0.997879
-250.5 0.9979
-250.3 0.997921
-250.1 0.997964
-249.9 0.997964
-249.7 0.997964
-249.5 0.997964
-249.3 0.997964
-249.1 0.997964
-248.9 0.997964
-248.7 0.997964
-248.5 0.997964
-248.3 0.997964
-248.1 0.997986
-247.9 0.998007
-247.7 0.998007
-247.5 0.998029
-247.3 0.998029
-247.1 0.998029
-246.9 0.99805
-246.7 0.99805
-246.5 0.99805
-246.3 0.99805
-246.1 0.998071
-245.9 0.998093
-245.7 0.998093
-245.5 0.998136
-245.3 0.998136
-245.1 0.998136
-244.9 0.998136
-244.7 0.998157
-244.5 0.998157
-244.3 0.998157
-244.1 0.998157
-243.9 0.998157
-243.7 0.998157
-243.5 0.998179
-243.3 0.998179
-243.1 0.998179
-242.9 0.998179
-242.7 0.998179
-242.5 0.998179
-242.3 0.9982
-242.1 0.998221
-241.9 0.998221
-241.7 0.998243
-241.5 0.998307
-241.3 0.998329
-241.1 0.99835
-240.9 0.99835
-240.7 0.998371
-240.5 0.998371
-240.3 0.998393
-240.1 0.998436
-239.9 0.998479
-239.7 0.9985
-239.5 0.998521
-239.3 0.998543
-239.1 0.998607
-238.9 0.998629
-238.7 0.998629
-238.5 0.998629
-238.3 0.998629
-238.1 0.99865
-237.9 0.99865
-237.7 0.99865
-237.5 0.99865
-237.3 0.998671
-237.1 0.998693
-236.9 0.998693
-236.7 0.998693
-236.5 0.998693
-236.3 0.998693
-236.1 0.998693
-235.9 0.998714
-235.7 0.998736
-235.5 0.998736
-235.3 0.998736
-235.1 0.998736
-234.9 0.998736
-234.7 0.998779
-234.5 0.998779
-234.3 0.9988
-234.1 0.9988
-233.9 0.998821
-233.7 0.998821
-233.5 0.998821
-233.3 0.998821
-233.1 0.998821
-232.9 0.998821
-232.7 0.998821
-232.5 0.998821
-232.3 0.998843
-232.1 0.998843
-231.9 0.998886
-231.7 0.998907
-231.5 0.998907
-231.3 0.998907
-231.1 0.998929
-230.9 0.99895
-230.7 0.99895
-230.5 0.99895
-230.3 0.998971
-230.1 0.998993
-229.9 0.999036
-229.7 0.999057
-229.5 0.999057
-229.3 0.999079
-229.1 0.999079
-228.9 0.9991
-228.7 0.999121
-228.5 0.999121
-228.3 0.999121
-228.1 0.999121
-227.9 0.999164
-227.7 0.999164
-227.5 0.999164
-227.3 0.999186
-227.1 0.999186
-226.9 0.999186
-226.7 0.999186
-226.5 0.999207
-226.3 0.999207
-226.1 0.999207
-225.9 0.999207
-225.7 0.999207
-225.5 0.999229
-225.3 0.999229
-225.1 0.999229
-224.9 0.999229
-224.7 0.999229
-224.5 0.999271
-224.3 0.999271
-224.1 0.999271
-223.9 0.999271
-223.7 0.999271
-223.5 0.999271
-223.3 0.999271
-223.1 0.999271
-222.9 0.999271
-222.7 0.999293
-222.5 0.999293
-222.3 0.999293
-222.1 0.999293
-221.9 0.999293
-221.7 0.999293
-221.5 0.999314
-221.3 0.999336
-221.1 0.999357
-220.9 0.999357
-220.7 0.999379
-220.5 0.999379
-220.3 0.999379
-220.1 0.999379
-219.9 0.9994
-219.7 0.9994
-219.5 0.999421
-219.3 0.999421
-219.1 0.999421
-218.9 0.999421
-218.7 0.999421
-218.5 0.999421
-218.3 0.999421
-218.1 0.999421
-217.9 0.999421
-217.7 0.999421
-217.5 0.999443
-217.3 0.999464
-217.1 0.999464
-216.9 0.999486
-216.7 0.999486
-216.5 0.999486
-216.3 0.999486
-216.1 0.999486
-215.9 0.999529
-215.7 0.99955
-215.5 0.99955
-215.3 0.999571
-215.1 0.999571
-214.9 0.999571
-214.7 0.999571
-214.5 0.999571
-214.3 0.999571
-214.1 0.999571
-213.9 0.999571
-213.7 0.999571
-213.5 0.999571
-213.3 0.999571
-213.1 0.999571
-212.9 0.999571
-212.7 0.999571
-212.5 0.999614
-212.3 0.999614
-212.1 0.999614
-211.9 0.999614
-211.7 0.999614
-211.5 0.999614
-211.3 0.999679
-211.1 0.999679
-210.9 0.9997
-210.7 0.9997
-210.5 0.999721
-210.3 0.999721
-210.1 0.999721
-209.9 0.999721
-209.7 0.999721
-209.5 0.999721
-209.3 0.999721
-209.1 0.999721
-208.9 0.999721
-208.7 0.999743
-208.5 0.999743
-208.3 0.999743
-208.1 0.999743
-207.9 0.999743
-207.7 0.999743
-207.5 0.999743
-207.3 0.999743
-207.1 0.999743
-206.9 0.999743
-206.7 0.999743
-206.5 0.999743
-206.3 0.999743
-206.1 0.999743
-205.9 0.999743
-205.7 0.999743
-205.5 0.999743
-205.3 0.999743
-205.1 0.999743
-204.9 0.999743
-204.7 0.999743
-204.5 0.999743
-204.3 0.999743
-204.1 0.999743
-203.9 0.999743
-203.7 0.999764
-203.5 0.999764
-203.3 0.999764
-203.1 0.999764
-202.9 0.999764
-202.7 0.999764
-202.5 0.999786
-202.3 0.999786
-202.1 0.999786
-201.9 0.999786
-201.7 0.999786
-201.5 0.999786
-201.3 0.999786
-201.1 0.999786
-200.9 0.999786
-200.7 0.999786
-200.5 0.999786
-200.3 0.999786
-200.1 0.999786
-199.9 0.999786
-199.7 0.999786
-199.5 0.999786
-199.3 0.999786
-199.1 0.999786
-198.9 0.999786
-198.7 0.999786
-198.5 0.999786
-198.3 0.999786
-198.1 0.999786
-197.9 0.999786
-197.7 0.999786
-197.5 0.999786
-197.3 0.999786
-197.1 0.999786
-196.9 0.999786
-196.7 0.999786
-196.5 0.999786
-196.3 0.999786
-196.1 0.999786
-195.9 0.999786
-195.7 0.999786
-195.5 0.999786
-195.3 0.999786
-195.1 0.999786
-194.9 0.999786
-194.7 0.999786
-194.5 0.999786
-194.3 0.999786
-194.1 0.999786
-193.9 0.999786
-193.7 0.999786
-193.5 0.999786
-193.3 0.999786
-193.1 0.999786
-192.9 0.999786
-192.7 0.999786
-192.5 0.999786
-192.3 0.999786
-192.1 0.999786
-191.9 0.999786
-191.7 0.999829
-191.5 0.999829
-191.3 0.999829
-191.1 0.999829
-190.9 0.999829
-190.7 0.999829
-190.5 0.999829
-190.3 0.999829
-190.1 0.999829
-189.9 0.999829
-189.7 0.999829
-189.5 0.999829
-189.3 0.999829
-189.1 0.999829
-188.9 0.999829
-188.7 0.999829
-188.5 0.999829
-188.3 0.999829
-188.1 0.999829
-187.9 0.999829
-187.7 0.999829
-187.5 0.999829
-187.3 0.999829
-187.1 0.999829
-186.9 0.999829
-186.7 0.999829
-186.5 0.999829
-186.3 0.999829
-186.1 0.999829
-185.9 0.999829
-185.7 0.999829
-185.5 0.999829
-185.3 0.999829
-185.1 0.999829
-184.9 0.999829
-184.7 0.999829
-184.5 0.999829
-184.3 0.999829
-184.1 0.999829
-183.9 0.999829
-183.7 0.999829
-183.5 0.999829
-183.3 0.999829
-183.1 0.999829
-182.9 0.999829
-182.7 0.999829
-182.5 0.999829
-182.3 0.999829
-182.1 0.999829
-181.9 0.999829
-181.7 0.999829
-181.5 0.999829
-181.3 0.999829
-181.1 0.999829
-180.9 0.999829
-180.7 0.999829
-180.5 0.999829
-180.3 0.999829
-180.1 0.999829
-179.9 0.999829
-179.7 0.999829
-179.5 0.999829
-179.3 0.999829
-179.1 0.999829
-178.9 0.999829
-178.7 0.999829
-178.5 0.999829
-178.3 0.999829
-178.1 0.999829
-177.9 0.999829
-177.7 0.999829
-177.5 0.999829
-177.3 0.999829
-177.1 0.999829
-176.9 0.999829
-176.7 0.999829
-176.5 0.999829
-176.3 0.999829
-176.1 0.999829
-175.9 0.999829
-175.7 0.999829
-175.5 0.999829
-175.3 0.999829
-175.1 0.999829
-174.9 0.999829
-174.7 0.999829
-174.5 0.999829
-174.3 0.999829
-174.1 0.999829
-173.9 0.999829
-173.7 0.999829
-173.5 0.999829
-173.3 0.999829
-173.1 0.999829
-172.9 0.999829
-172.7 0.99985
-172.5 0.999871
-172.3 0.999871
-172.1 0.999871
-171.9 0.999871
-171.7 0.999871
-171.5 0.999871
-171.3 0.999871
-171.1 0.999871
-170.9 0.999871
-170.7 0.999871
-170.5 0.999871
-170.3 0.999871
-170.1 0.999871
-169.9 0.999871
-169.7 0.999871
-169.5 0.999871
-169.3 0.999871
-169.1 0.999871
-168.9 0.999871
-168.7 0.999871
-168.5 0.999871
-168.3 0.999871
-168.1 0.999871
-167.9 0.999871
-167.7 0.999871
-167.5 0.999871
-167.3 0.999871
-167.1 0.999871
-166.9 0.999871
-166.7 0.999871
-166.5 0.999893
-166.3 0.999893
-166.1 0.999893
-165.9 0.999893
-165.7 0.999893
-165.5 0.999893
-165.3 0.999893
-165.1 0.999893
-164.9 0.999893
-164.7 0.999893
-164.5 0.999893
-164.3 0.999893
-164.1 0.999893
-163.9 0.999893
-163.7 0.999893
-163.5 0.999893
-163.3 0.999893
-163.1 0.999893
-162.9 0.999893
-162.7 0.999893
-162.5 0.999893
-162.3 0.999893
-162.1 0.999893
-161.9 0.999893
-161.7 0.999893
-161.5 0.999893
-161.3 0.999893
-161.1 0.999893
-160.9 0.999893
-160.7 0.999893
-160.5 0.999893
-160.3 0.999893
-160.1 0.999893
-159.9 0.999893
-159.7 0.999893
-159.5 0.999893
-159.3 0.999893
-159.1 0.999893
-158.9 0.999893
-158.7 0.999893
-158.5 0.999893
-158.3 0.999893
-158.1 0.999893
-157.9 0.999893
-157.7 0.999893
-157.5 0.999893
-157.3 0.999893
-157.1 0.999893
-156.9 0.999893
-156.7 0.999893
-156.5 0.999893
-156.3 0.999914
-156.1 0.999914
-155.9 0.999914
-155.7 0.999914
-155.5 0.999914
-155.3 0.999914
-155.1 0.999914
-154.9 0.999914
-154.7 0.999914
-154.5 0.999914
-154.3 0.999914
-154.1 0.999914
-153.9 0.999914
-153.7 0.999914
-153.5 0.999914
-153.3 0.999914
-153.1 0.999914
-152.9 0.999914
-152.7 0.999914
-152.5 0.999936
-152.3 0.999936
-152.1 0.999936
-151.9 0.999936
-151.7 0.999936
-151.5 0.999936
-151.3 0.999936
-151.1 0.999936
-150.9 0.999936
-150.7 0.999936
-150.5 0.999936
-150.3 0.999936
-150.1 0.999936
-149.9 0.999936
-149.7 0.999936
-149.5 0.999957
-149.3 0.999957
-149.1 0.999957
-148.9 0.999957
-148.7 0.999957
-148.5 0.999957
-148.3 0.999957
-148.1 0.999957
-147.9 0.999957
-147.7 0.999957
-147.5 0.999957
-147.3 0.999957
-147.1 0.999957
-146.9 0.999957
-146.7 0.999957
-146.5 0.999957
-146.3 0.999957
-146.1 0.999957
-145.9 0.999957
-145.7 0.999957
-145.5 0.999957
-145.3 0.999957
-145.1 0.999957
-144.9 0.999957
-144.7 0.999957
-144.5 0.999957
-144.3 0.999957
-144.1 0.999957
-143.9 0.999957
-143.7 0.999957
-143.5 0.999957
-143.3 0.999957
-143.1 0.999957
-142.9 0.999957
-142.7 0.999957
-142.5 0.999957
-142.3 0.999957
-142.1 0.999957
-141.9 0.999957
-141.7 0.999957
-141.5 0.999957
-141.3 0.999957
-141.1 0.999957
-140.9 0.999957
-140.7 0.999957
-140.5 0.999957
-140.3 0.999957
-140.1 0.999957
-139.9 0.999957
-139.7 0.999957
-139.5 0.999957
-139.3 0.999957
-139.1 0.999957
-138.9 0.999957
-138.7 0.999957
-138.5 0.999957
-138.3 0.999957
-138.1 0.999957
-137.9 0.999957
-137.7 0.999957
-137.5 0.999957
-137.3 0.999957
-137.1 0.999957
-136.9 0.999957
-136.7 0.999957
-136.5 0.999957
-136.3 0.999957
-136.1 0.999957
-135.9 0.999957
-135.7 0.999957
-135.5 0.999957
-135.3 0.999957
-135.1 0.999957
-134.9 0.999957
-134.7 0.999957
-134.5 0.999957
-134.3 0.999957
-134.1 0.999957
-133.9 0.999957
-133.7 0.999957
-133.5 0.999957
-133.3 0.999957
-133.1 0.999957
-132.9 0.999957
-132.7 0.999957
-132.5 0.999957
-132.3 0.999957
-132.1 0.999957
-131.9 0.999957
-131.7 0.999957
-131.5 0.999957
-131.3 0.999957
-131.1 0.999957
-130.9 0.999957
-130.7 0.999957
-130.5 0.999957
-130.3 0.999957
-130.1 0.999957
-129.9 0.999957
-129.7 0.999957
-129.5 0.999957
-129.3 0.999957
-129.1 0.999957
-128.9 0.999957
-128.7 0.999957
-128.5 0.999957
-128.3 0.999957
-128.1 0.999957
-127.9 0.999957
-127.7 0.999957
-127.5 0.999957
-127.3 0.999957
-127.1 0.999957
-126.9 0.999957
-126.7 0.999979
-126.5 0.999979
-126.3 0.999979
-126.1 0.999979
-125.9 0.999979
-125.7 0.999979
-125.5 0.999979
-125.3 0.999979
-125.1 0.999979
-124.9 0.999979
-124.7 0.999979
-124.5 0.999979
-124.3 0.999979
-124.1 0.999979
-123.9 0.999979
-123.7 0.999979
-123.5 0.999979
-123.3 0.999979
-123.1 0.999979
-122.9 0.999979
-122.7 0.999979
-122.5 0.999979
-122.3 0.999979
-122.1 0.999979
-121.9 0.999979
-121.7 0.999979
-121.5 0.999979
-121.3 0.999979
-121.1 0.999979
-120.9 0.999979
-120.7 0.999979
-120.5 0.999979
-120.3 0.999979
-120.1 0.999979
-119.9 1
