-1399.9 0
-1399.7 0
-1399.5 0
-1399.3 0
-1399.1 0
-1398.9 0
-1398.7 0
-1398.5 0
-1398.3 0
-1398.1 0
-1397.9 0
-1397.7 0
-1397.5 0
-1397.3 0
-1397.1 0
-1396.9 0
-1396.7 0
-1396.5 0
-1396.3 0
-1396.1 0
-1395.9 0
-1395.7 0
-1395.5 0
-1395.3 0
-1395.1 0
-1394.9 0
-1394.7 0
-1394.5 0
-1394.3 0
-1394.1 0
-1393.9 0
-1393.7 0
-1393.5 0
-1393.3 0
-1393.1 0
-1392.9 0
-1392.7 0
-1392.5 0
-1392.3 0
-1392.1 0
-1391.9 0
-1391.7 0
-1391.5 0
-1391.3 0
-1391.1 0
-1390.9 0
-1390.7 0
-1390.5 0
-1390.3 0
-1390.1 0
-1389.9 0
-1389.7 0
-1389.5 0
-1389.3 0
-1389.1 0
-1388.9 0
-1388.7 0
-1388.5 0
-1388.3 0
-1388.1 0
-1387.9 0
-1387.7 0
-1387.5 0
-1387.3 0
-1387.1 0
-1386.9 0
-1386.7 0
-1386.5 0
-1386.3 0
-1386.1 0
-1385.9 0
-1385.7 0
-1385.5 0
-1385.3 0
-1385.1 0
-1384.9 0
-1384.7 0
-1384.5 0
-1384.3 0
-1384.1 0
-1383.9 0
-1383.7 0
-1383.5 0
-1383.3 0
-1383.1 0
-1382.9 0
-1382.7 0
-1382.5 0
-1382.3 0
-1382.1 0
-1381.9 0
-1381.7 0
-1381.5 0
-1381.3 0
-1381.1 0
-1380.9 0
-1380.7 0
-1380.5 0
-1380.3 0
-1380.1 0
-1379.9 0
-1379.7 0
-1379.5 0
-1379.3 0
-1379.1 0
-1378.9 0
-1378.7 0
-1378.5 0
-1378.3 0
-1378.1 0
-1377.9 0
-1377.7 0
-1377.5 0
-1377.3 0
-1377.1 0
-1376.9 0
-1376.7 0
-1376.5 0
-1376.3 0
-1376.1 0
-1375.9 0
-1375.7 0
-1375.5 0
-1375.3 0
-1375.1 0
-1374.9 0
-1374.7 0
-1374.5 0
-1374.3 0
-1374.1 0
-1373.9 0
-1373.7 0
-1373.5 0
-1373.3 0
-1373.1 0
-1372.9 0
-1372.7 0
-1372.5 0
-1372.3 0
-1372.1 0
-1371.9 0
-1371.7 0
-1371.5 0
-1371.3 0
-1371.1 0
-1370.9 0
-1370.7 0
-1370.5 0
-1370.3 0
-1370.1 0
-1369.9 0
-1369.7 0
-1369.5 0
-1369.3 0
-1369.1 0
-1368.9 0
-1368.7 0
-1368.5 0
-1368.3 0
-1368.1 0
-1367.9 0
-1367.7 0
-1367.5 0
-1367.3 0
-1367.1 0
-1366.9 0
-1366.7 0
-1366.5 0
-1366.3 0
-1366.1 0
-1365.9 0
-1365.7 0
-1365.5 0
-1365.3 0
-1365.1 0
-1364.9 0
-1364.7 0
-1364.5 0
-1364.3 0
-1364.1 0
-1363.9 0
-1363.7 0
-1363.5 0
-1363.3 0
-1363.1 0
-1362.9 0
-1362.7 0
-1362.5 0
-1362.3 0
-1362.1 0
-1361.9 0
-1361.7 0
-1361.5 0
-1361.3 0
-1361.1 0
-1360.9 0
-1360.7 0
-1360.5 0
-1360.3 0
-1360.1 0
-1359.9 0
-1359.7 0
-1359.5 0
-1359.3 0
-1359.1 0
-1358.9 0
-1358.7 0
-1358.5 0
-1358.3 0
-1358.1 0
-1357.9 0
-1357.7 0
-1357.5 0
-1357.3 0
-1357.1 0
-1356.9 0
-1356.7 0
-1356.5 0
-1356.3 0
-1356.1 0
-1355.9 0
-1355.7 0
-1355.5 0
-1355.3 0
-1355.1 0
-1354.9 0
-1354.7 0
-1354.5 0
-1354.3 0
-1354.1 0
-1353.9 0
-1353.7 0
-1353.5 0
-1353.3 0
-1353.1 0
-1352.9 0
-1352.7 0
-1352.5 0
-1352.3 0
-1352.1 0
-1351.9 0
-1351.7 0
-1351.5 0
-1351.3 0
-1351.1 0
-1350.9 0
-1350.7 0
-1350.5 0
-1350.3 0
-1350.1 0
-1349.9 0
-1349.7 0
-1349.5 0
-1349.3 0
-1349.1 0
-1348.9 0
-1348.7 0
-1348.5 0
-1348.3 0
-1348.1 0
-1347.9 0
-1347.7 0
-1347.5 0
-1347.3 0
-1347.1 0
-1346.9 0
-1346.7 0
-1346.5 0
-1346.3 0
-1346.1 0
-1345.9 0
-1345.7 0
-1345.5 0
-1345.3 0
-1345.1 0
-1344.9 0
-1344.7 0
-1344.5 0
-1344.3 0
-1344.1 0
-1343.9 0
-1343.7 0
-1343.5 0
-1343.3 0
-1343.1 0
-1342.9 0
-1342.7 0
-1342.5 0
-1342.3 0
-1342.1 0
-1341.9 0
-1341.7 0
-1341.5 0
-1341.3 0
-1341.1 0
-1340.9 0
-1340.7 0
-1340.5 0
-1340.3 0
-1340.1 0
-1339.9 0
-1339.7 0
-1339.5 0
-1339.3 0
-1339.1 0
-1338.9 0
-1338.7 0
-1338.5 0
-1338.3 0
-1338.1 0
-1337.9 0
-1337.7 0
-1337.5 0
-1337.3 0
-1337.1 0
-1336.9 0
-1336.7 0
-1336.5 0
-1336.3 0
-1336.1 0
-1335.9 0
-1335.7 0
-1335.5 0
-1335.3 0
-1335.1 0
-1334.9 0
-1334.7 0
-1334.5 0
-1334.3 0
-1334.1 0
-1333.9 0
-1333.7 0
-1333.5 0
-1333.3 0
-1333.1 0
-1332.9 0
-1332.7 0
-1332.5 0
-1332.3 0
-1332.1 0
-1331.9 0
-1331.7 0
-1331.5 0
-1331.3 0
-1331.1 0
-1330.9 0
-1330.7 0
-1330.5 0
-1330.3 0
-1330.1 0
-1329.9 0
-1329.7 0
-1329.5 0
-1329.3 0
-1329.1 0
-1328.9 0
-1328.7 0
-1328.5 0
-1328.3 0
-1328.1 0
-1327.9 0
-1327.7 0
-1327.5 0
-1327.3 0
-1327.1 0
-1326.9 0
-1326.7 0
-1326.5 0
-1326.3 0
-1326.1 0
-1325.9 0
-1325.7 0
-1325.5 0
-1325.3 0
-1325.1 0
-1324.9 0
-1324.7 0
-1324.5 0
-1324.3 0
-1324.1 0
-1323.9 0
-1323.7 0
-1323.5 0
-1323.3 0
-1323.1 0
-1322.9 0
-1322.7 0
-1322.5 0
-1322.3 0
-1322.1 0
-1321.9 0
-1321.7 0
-1321.5 0
-1321.3 0
-1321.1 0
-1320.9 0
-1320.7 0
-1320.5 0
-1320.3 0
-1320.1 0
-1319.9 0
-1319.7 0
-1319.5 0
-1319.3 0
-1319.1 0
-1318.9 0
-1318.7 0
-1318.5 0
-1318.3 0
-1318.1 0
-1317.9 0
-1317.7 0
-1317.5 0
-1317.3 0
-1317.1 0
-1316.9 0
-1316.7 0
-1316.5 0
-1316.3 0
-1316.1 0
-1315.9 0
-1315.7 0
-1315.5 0
-1315.3 0
-1315.1 0
-1314.9 0
-1314.7 0
-1314.5 0
-1314.3 0
-1314.1 0
-1313.9 0
-1313.7 0
-1313.5 0
-1313.3 0
-1313.1 0
-1312.9 0
-1312.7 0
-1312.5 0
-1312.3 0
-1312.1 0
-1311.9 0
-1311.7 0
-1311.5 0
-1311.3 0
-1311.1 0
-1310.9 0
-1310.7 0
-1310.5 0
-1310.3 0
-1310.1 0
-1309.9 0
-1309.7 0
-1309.5 0
-1309.3 0
-1309.1 0
-1308.9 0
-1308.7 0
-1308.5 0
-1308.3 0
-1308.1 0
-1307.9 0
-1307.7 0
-1307.5 0
-1307.3 0
-1307.1 0
-1306.9 0
-1306.7 0
-1306.5 0
-1306.3 0
-1306.1 0
-1305.9 0
-1305.7 0
-1305.5 0
-1305.3 0
-1305.1 0
-1304.9 0
-1304.7 0
-1304.5 0
-1304.3 0
-1304.1 0
-1303.9 0
-1303.7 0
-1303.5 0
-1303.3 0
-1303.1 0
-1302.9 0
-1302.7 0
-1302.5 0
-1302.3 0
-1302.1 0
-1301.9 0
-1301.7 0
-1301.5 0
-1301.3 0
-1301.1 0
-1300.9 0
-1300.7 0
-1300.5 0
-1300.3 0
-1300.1 0
-1299.9 0
-1299.7 0
-1299.5 0
-1299.3 0
-1299.1 0
-1298.9 0
-1298.7 0
-1298.5 0
-1298.3 0
-1298.1 0
-1297.9 0
-1297.7 0
-1297.5 0
-1297.3 0
-1297.1 0
-1296.9 0
-1296.7 0
-1296.5 0
-1296.3 0
-1296.1 0
-1295.9 0
-1295.7 0
-1295.5 0
-1295.3 0
-1295.1 0
-1294.9 0
-1294.7 0
-1294.5 0
-1294.3 0
-1294.1 0
-1293.9 0
-1293.7 0
-1293.5 0
-1293.3 0
-1293.1 0
-1292.9 0
-1292.7 0
-1292.5 0
-1292.3 0
-1292.1 0
-1291.9 0
-1291.7 0
-1291.5 0
-1291.3 0
-1291.1 0
-1290.9 0
-1290.7 0
-1290.5 0
-1290.3 0
-1290.1 0
-1289.9 0
-1289.7 0
-1289.5 0
-1289.3 0
-1289.1 0
-1288.9 0
-1288.7 0
-1288.5 0
-1288.3 0
-1288.1 0
-1287.9 0
-1287.7 0
-1287.5 0
-1287.3 0
-1287.1 0
-1286.9 0
-1286.7 0
-1286.5 0
-1286.3 0
-1286.1 0
-1285.9 0
-1285.7 0
-1285.5 0
-1285.3 0
-1285.1 0
-1284.9 0
-1284.7 0
-1284.5 0
-1284.3 0
-1284.1 0
-1283.9 1
-1283.7 1
-1283.5 0
-1283.3 0
-1283.1 0
-1282.9 1
-1282.7 1
-1282.5 2
-1282.3 1
-1282.1 1
-1281.9 0
-1281.7 0
-1281.5 1
-1281.3 3
-1281.1 2
-1280.9 2
-1280.7 1
-1280.5 0
-1280.3 0
-1280.1 3
-1279.9 2
-1279.7 2
-1279.5 2
-1279.3 0
-1279.1 2
-1278.9 2
-1278.7 0
-1278.5 2
-1278.3 1
-1278.1 0
-1277.9 0
-1277.7 1
-1277.5 0
-1277.3 0
-1277.1 0
-1276.9 1
-1276.7 1
-1276.5 2
-1276.3 0
-1276.1 3
-1275.9 0
-1275.7 2
-1275.5 1
-1275.3 0
-1275.1 3
-1274.9 1
-1274.7 0
-1274.5 1
-1274.3 0
-1274.1 2
-1273.9 1
-1273.7 1
-1273.5 1
-1273.3 1
-1273.1 0
-1272.9 0
-1272.7 1
-1272.5 1
-1272.3 2
-1272.1 4
-1271.9 0
-1271.7 0
-1271.5 0
-1271.3 0
-1271.1 0
-1270.9 2
-1270.7 1
-1270.5 2
-1270.3 1
-1270.1 0
-1269.9 2
-1269.7 0
-1269.5 0
-1269.3 2
-1269.1 1
-1268.9 1
-1268.7 0
-1268.5 0
-1268.3 1
-1268.1 0
-1267.9 1
-1267.7 0
-1267.5 2
-1267.3 0
-1267.1 0
-1266.9 1
-1266.7 0
-1266.5 2
-1266.3 0
-1266.1 0
-1265.9 1
-1265.7 0
-1265.5 0
-1265.3 0
-1265.1 0
-1264.9 2
-1264.7 0
-1264.5 0
-1264.3 1
-1264.1 0
-1263.9 1
-1263.7 0
-1263.5 0
-1263.3 0
-1263.1 1
-1262.9 0
-1262.7 0
-1262.5 0
-1262.3 1
-1262.1 0
-1261.9 0
-1261.7 0
-1261.5 1
-1261.3 0
-1261.1 0
-1260.9 0
-1260.7 0
-1260.5 0
-1260.3 0
-1260.1 0
-1259.9 0
-1259.7 0
-1259.5 0
-1259.3 0
-1259.1 0
-1258.9 0
-1258.7 0
-1258.5 0
-1258.3 0
-1258.1 0
-1257.9 0
-1257.7 0
-1257.5 0
-1257.3 0
-1257.1 0
-1256.9 0
-1256.7 0
-1256.5 0
-1256.3 0
-1256.1 0
-1255.9 0
-1255.7 0
-1255.5 0
-1255.3 0
-1255.1 0
-1254.9 0
-1254.7 0
-1254.5 1
-1254.3 0
-1254.1 0
-1253.9 0
-1253.7 0
-1253.5 0
-1253.3 0
-1253.1 0
-1252.9 0
-1252.7 0
-1252.5 0
-1252.3 0
-1252.1 0
-1251.9 0
-1251.7 0
-1251.5 0
-1251.3 0
-1251.1 0
-1250.9 0
-1250.7 0
-1250.5 0
-1250.3 0
-1250.1 0
-1249.9 0
-1249.7 0
-1249.5 0
-1249.3 0
-1249.1 0
-1248.9 0
-1248.7 0
-1248.5 0
-1248.3 0
-1248.1 0
-1247.9 0
-1247.7 0
-1247.5 0
-1247.3 0
-1247.1 0
-1246.9 0
-1246.7 0
-1246.5 0
-1246.3 0
-1246.1 0
-1245.9 0
-1245.7 0
-1245.5 0
-1245.3 0
-1245.1 0
-1244.9 0
-1244.7 0
-1244.5 0
-1244.3 0
-1244.1 0
-1243.9 0
-1243.7 0
-1243.5 0
-1243.3 0
-1243.1 0
-1242.9 0
-1242.7 0
-1242.5 0
-1242.3 0
-1242.1 0
-1241.9 0
-1241.7 0
-1241.5 0
-1241.3 0
-1241.1 0
-1240.9 0
-1240.7 0
-1240.5 0
-1240.3 0
-1240.1 0
-1239.9 0
-1239.7 0
-1239.5 0
-1239.3 0
-1239.1 0
-1238.9 0
-1238.7 0
-1238.5 0
-1238.3 0
-1238.1 0
-1237.9 0
-1237.7 0
-1237.5 0
-1237.3 0
-1237.1 0
-1236.9 0
-1236.7 0
-1236.5 0
-1236.3 0
-1236.1 0
-1235.9 0
-1235.7 0
-1235.5 0
-1235.3 0
-1235.1 0
-1234.9 0
-1234.7 0
-1234.5 0
-1234.3 0
-1234.1 0
-1233.9 0
-1233.7 0
-1233.5 0
-1233.3 0
-1233.1 0
-1232.9 0
-1232.7 4
-1232.5 3
-1232.3 1
-1232.1 6
-1231.9 6
-1231.7 13
-1231.5 21
-1231.3 32
-1231.1 67
-1230.9 84
-1230.7 146
-1230.5 219
-1230.3 337
-1230.1 579
-1229.9 882
-1229.7 1294
-1229.5 1729
-1229.3 2576
-1229.1 3519
-1228.9 4392
-1228.7 5579
-1228.5 6711
-1228.3 8106
-1228.1 9119
-1227.9 10340
-1227.7 11247
-1227.5 11883
-1227.3 12334
-1227.1 12433
-1226.9 12265
-1226.7 12098
-1226.5 12026
-1226.3 11657
-1226.1 11082
-1225.9 10772
-1225.7 10216
-1225.5 9883
-1225.3 9491
-1225.1 9148
-1224.9 8741
-1224.7 8719
-1224.5 8333
-1224.3 8088
-1224.1 8069
-1223.9 7840
-1223.7 7760
-1223.5 7515
-1223.3 7373
-1223.1 7351
-1222.9 7178
-1222.7 7126
-1222.5 7226
-1222.3 7045
-1222.1 7026
-1221.9 6797
-1221.7 6963
-1221.5 6738
-1221.3 6901
-1221.1 6944
-1220.9 6705
-1220.7 6685
-1220.5 6534
-1220.3 6685
-1220.1 6682
-1219.9 6652
-1219.7 6596
-1219.5 6625
-1219.3 6298
-1219.1 6412
-1218.9 6586
-1218.7 6522
-1218.5 6562
-1218.3 6482
-1218.1 6328
-1217.9 6469
-1217.7 6297
-1217.5 6413
-1217.3 6510
-1217.1 6356
-1216.9 6310
-1216.7 6362
-1216.5 6273
-1216.3 6238
-1216.1 6324
-1215.9 6253
-1215.7 6235
-1215.5 6140
-1215.3 6233
-1215.1 6238
-1214.9 6210
-1214.7 6264
-1214.5 6262
-1214.3 6269
-1214.1 6224
-1213.9 6214
-1213.7 6112
-1213.5 6126
-1213.3 6084
-1213.1 5949
-1212.9 5970
-1212.7 6009
-1212.5 5844
-1212.3 6029
-1212.1 5936
-1211.9 5961
-1211.7 5717
-1211.5 5811
-1211.3 5804
-1211.1 5558
-1210.9 5598
-1210.7 5393
-1210.5 5452
-1210.3 5211
-1210.1 5116
-1209.9 4932
-1209.7 4888
-1209.5 4791
-1209.3 4706
-1209.1 4615
-1208.9 4406
-1208.7 4034
-1208.5 3934
-1208.3 3794
-1208.1 3727
-1207.9 3552
-1207.7 3440
-1207.5 3229
-1207.3 3096
-1207.1 2850
-1206.9 2655
-1206.7 2588
-1206.5 2377
-1206.3 2226
-1206.1 1972
-1205.9 1847
-1205.7 1727
-1205.5 1590
-1205.3 1475
-1205.1 1325
-1204.9 1173
-1204.7 1056
-1204.5 973
-1204.3 909
-1204.1 756
-1203.9 684
-1203.7 622
-1203.5 568
-1203.3 500
-1203.1 480
-1202.9 366
-1202.7 311
-1202.5 293
-1202.3 247
-1202.1 217
-1201.9 187
-1201.7 170
-1201.5 147
-1201.3 140
-1201.1 102
-1200.9 83
-1200.7 78
-1200.5 72
-1200.3 63
-1200.1 52
-1199.9 42
-1199.7 40
-1199.5 40
-1199.3 47
-1199.1 30
-1198.9 22
-1198.7 25
-1198.5 28
-1198.3 25
-1198.1 24
-1197.9 23
-1197.7 15
-1197.5 17
-1197.3 14
-1197.1 26
-1196.9 24
-1196.7 18
-1196.5 12
-1196.3 14
-1196.1 11
-1195.9 20
-1195.7 17
-1195.5 21
-1195.3 12
-1195.1 16
-1194.9 14
-1194.7 9
-1194.5 14
-1194.3 7
-1194.1 10
-1193.9 8
-1193.7 2
-1193.5 11
-1193.3 8
-1193.1 4
-1192.9 4
-1192.7 2
-1192.5 8
-1192.3 10
-1192.1 8
-1191.9 3
-1191.7 3
-1191.5 7
-1191.3 5
-1191.1 6
-1190.9 6
-1190.7 5
-1190.5 3
-1190.3 2
-1190.1 2
-1189.9 4
-1189.7 4
-1189.5 1
-1189.3 1
-1189.1 3
-1188.9 4
-1188.7 2
-1188.5 3
-1188.3 1
-1188.1 4
-1187.9 0
-1187.7 0
-1187.5 2
-1187.3 0
-1187.1 2
-1186.9 1
-1186.7 0
-1186.5 0
-1186.3 1
-1186.1 0
-1185.9 0
-1185.7 0
-1185.5 1
-1185.3 0
-1185.1 0
-1184.9 0
-1184.7 1
-1184.5 0
-1184.3 0
-1184.1 0
-1183.9 0
-1183.7 1
-1183.5 1
-1183.3 1
-1183.1 0
-1182.9 1
-1182.7 0
-1182.5 0
-1182.3 1
-1182.1 2
-1181.9 0
-1181.7 0
-1181.5 1
-1181.3 0
-1181.1 0
-1180.9 1
-1180.7 0
-1180.5 1
-1180.3 1
-1180.1 1
-1179.9 1
-1179.7 1
-1179.5 2
-1179.3 1
-1179.1 0
-1178.9 1
-1178.7 0
-1178.5 1
-1178.3 1
-1178.1 2
-1177.9 2
-1177.7 3
-1177.5 1
-1177.3 0
-1177.1 1
-1176.9 1
-1176.7 3
-1176.5 4
-1176.3 1
-1176.1 5
-1175.9 4
-1175.7 0
-1175.5 1
-1175.3 2
-1175.1 1
-1174.9 3
-1174.7 5
-1174.5 2
-1174.3 1
-1174.1 5
-1173.9 3
-1173.7 1
-1173.5 2
-1173.3 6
-1173.1 3
-1172.9 4
-1172.7 5
-1172.5 5
-1172.3 2
-1172.1 6
-1171.9 3
-1171.7 5
-1171.5 4
-1171.3 7
-1171.1 4
-1170.9 4
-1170.7 2
-1170.5 6
-1170.3 5
-1170.1 5
-1169.9 0
-1169.7 1
-1169.5 2
-1169.3 2
-1169.1 2
-1168.9 1
-1168.7 0
-1168.5 8
-1168.3 7
-1168.1 3
-1167.9 1
-1167.7 4
-1167.5 1
-1167.3 2
-1167.1 2
-1166.9 3
-1166.7 5
-1166.5 1
-1166.3 2
-1166.1 2
-1165.9 2
-1165.7 5
-1165.5 2
-1165.3 4
-1165.1 5
-1164.9 5
-1164.7 2
-1164.5 0
-1164.3 1
-1164.1 3
-1163.9 3
-1163.7 3
-1163.5 3
-1163.3 1
-1163.1 5
-1162.9 2
-1162.7 8
-1162.5 1
-1162.3 4
-1162.1 6
-1161.9 3
-1161.7 2
-1161.5 0
-1161.3 1
-1161.1 4
-1160.9 1
-1160.7 0
-1160.5 0
-1160.3 2
-1160.1 0
-1159.9 1
-1159.7 1
-1159.5 0
-1159.3 1
-1159.1 1
-1158.9 3
-1158.7 4
-1158.5 1
-1158.3 1
-1158.1 2
-1157.9 1
-1157.7 0
-1157.5 2
-1157.3 0
-1157.1 5
-1156.9 0
-1156.7 0
-1156.5 4
-1156.3 0
-1156.1 0
-1155.9 0
-1155.7 1
-1155.5 3
-1155.3 0
-1155.1 2
-1154.9 0
-1154.7 1
-1154.5 0
-1154.3 0
-1154.1 1
-1153.9 0
-1153.7 0
-1153.5 0
-1153.3 0
-1153.1 0
-1152.9 0
-1152.7 0
-1152.5 1
-1152.3 1
-1152.1 0
-1151.9 0
-1151.7 1
-1151.5 0
-1151.3 0
-1151.1 0
-1150.9 0
-1150.7 0
-1150.5 0
-1150.3 1
-1150.1 0
-1149.9 0
-1149.7 0
-1149.5 0
-1149.3 0
-1149.1 0
-1148.9 0
-1148.7 0
-1148.5 0
-1148.3 0
-1148.1 0
-1147.9 0
-1147.7 0
-1147.5 0
-1147.3 0
-1147.1 0
-1146.9 0
-1146.7 0
-1146.5 0
-1146.3 0
-1146.1 0
-1145.9 0
-1145.7 0
-1145.5 0
-1145.3 0
-1145.1 0
-1144.9 0
-1144.7 0
-1144.5 0
-1144.3 0
-1144.1 0
-1143.9 0
-1143.7 0
-1143.5 0
-1143.3 0
-1143.1 0
-1142.9 0
-1142.7 0
-1142.5 0
-1142.3 0
-1142.1 0
-1141.9 0
-1141.7 0
-1141.5 0
-1141.3 0
-1141.1 0
-1140.9 0
-1140.7 0
-1140.5 0
-1140.3 0
-1140.1 0
-1139.9 0
-1139.7 0
-1139.5 0
-1139.3 0
-1139.1 0
-1138.9 0
-1138.7 0
-1138.5 0
-1138.3 0
-1138.1 0
-1137.9 0
-1137.7 0
-1137.5 0
-1137.3 0
-1137.1 0
-1136.9 0
-1136.7 0
-1136.5 0
-1136.3 0
-1136.1 0
-1135.9 0
-1135.7 0
-1135.5 0
-1135.3 0
-1135.1 0
-1134.9 0
-1134.7 0
-1134.5 0
-1134.3 0
-1134.1 0
-1133.9 0
-1133.7 0
-1133.5 0
-1133.3 0
-1133.1 0
-1132.9 0
-1132.7 0
-1132.5 0
-1132.3 0
-1132.1 0
-1131.9 0
-1131.7 0
-1131.5 0
-1131.3 0
-1131.1 0
-1130.9 0
-1130.7 0
-1130.5 0
-1130.3 0
-1130.1 0
-1129.9 0
-1129.7 0
-1129.5 0
-1129.3 0
-1129.1 0
-1128.9 0
-1128.7 0
-1128.5 1
-1128.3 0
-1128.1 0
-1127.9 0
-1127.7 0
-1127.5 0
-1127.3 0
-1127.1 0
-1126.9 0
-1126.7 1
-1126.5 0
-1126.3 0
-1126.1 1
-1125.9 0
-1125.7 0
-1125.5 0
-1125.3 0
-1125.1 0
-1124.9 0
-1124.7 0
-1124.5 0
-1124.3 1
-1124.1 1
-1123.9 0
-1123.7 1
-1123.5 1
-1123.3 0
-1123.1 0
-1122.9 0
-1122.7 0
-1122.5 0
-1122.3 0
-1122.1 0
-1121.9 1
-1121.7 1
-1121.5 1
-1121.3 1
-1121.1 2
-1120.9 3
-1120.7 0
-1120.5 3
-1120.3 1
-1120.1 4
-1119.9 2
-1119.7 5
-1119.5 2
-1119.3 3
-1119.1 4
-1118.9 1
-1118.7 4
-1118.5 2
-1118.3 1
-1118.1 5
-1117.9 3
-1117.7 2
-1117.5 4
-1117.3 1
-1117.1 1
-1116.9 4
-1116.7 6
-1116.5 3
-1116.3 4
-1116.1 4
-1115.9 1
-1115.7 4
-1115.5 3
-1115.3 2
-1115.1 4
-1114.9 5
-1114.7 2
-1114.5 1
-1114.3 1
-1114.1 0
-1113.9 2
-1113.7 1
-1113.5 2
-1113.3 5
-1113.1 3
-1112.9 1
-1112.7 4
-1112.5 3
-1112.3 0
-1112.1 4
-1111.9 3
-1111.7 2
-1111.5 2
-1111.3 3
-1111.1 5
-1110.9 3
-1110.7 0
-1110.5 2
-1110.3 4
-1110.1 2
-1109.9 4
-1109.7 2
-1109.5 2
-1109.3 1
-1109.1 2
-1108.9 2
-1108.7 1
-1108.5 4
-1108.3 1
-1108.1 3
-1107.9 3
-1107.7 2
-1107.5 3
-1107.3 3
-1107.1 3
-1106.9 3
-1106.7 1
-1106.5 0
-1106.3 1
-1106.1 3
-1105.9 8
-1105.7 1
-1105.5 1
-1105.3 0
-1105.1 1
-1104.9 1
-1104.7 0
-1104.5 1
-1104.3 1
-1104.1 1
-1103.9 1
-1103.7 5
-1103.5 4
-1103.3 0
-1103.1 0
-1102.9 2
-1102.7 2
-1102.5 2
-1102.3 2
-1102.1 2
-1101.9 0
-1101.7 0
-1101.5 0
-1101.3 6
-1101.1 0
-1100.9 0
-1100.7 4
-1100.5 1
-1100.3 1
-1100.1 0
-1099.9 0
-1099.7 1
-1099.5 2
-1099.3 0
-1099.1 0
-1098.9 2
-1098.7 0
-1098.5 1
-1098.3 0
-1098.1 0
-1097.9 0
-1097.7 1
-1097.5 0
-1097.3 0
-1097.1 0
-1096.9 0
-1096.7 0
-1096.5 0
-1096.3 1
-1096.1 0
-1095.9 0
-1095.7 0
-1095.5 0
-1095.3 0
-1095.1 0
-1094.9 0
-1094.7 0
-1094.5 1
-1094.3 0
-1094.1 2
-1093.9 1
-1093.7 0
-1093.5 0
-1093.3 0
-1093.1 0
-1092.9 0
-1092.7 0
-1092.5 0
-1092.3 0
-1092.1 0
-1091.9 0
-1091.7 0
-1091.5 0
-1091.3 1
-1091.1 0
-1090.9 1
-1090.7 0
-1090.5 0
-1090.3 0
-1090.1 0
-1089.9 0
-1089.7 0
-1089.5 0
-1089.3 0
-1089.1 0
-1088.9 0
-1088.7 0
-1088.5 0
-1088.3 0
-1088.1 0
-1087.9 0
-1087.7 0
-1087.5 0
-1087.3 0
-1087.1 0
-1086.9 0
-1086.7 0
-1086.5 0
-1086.3 0
-1086.1 0
-1085.9 0
-1085.7 0
-1085.5 0
-1085.3 0
-1085.1 0
-1084.9 0
-1084.7 0
-1084.5 0
-1084.3 0
-1084.1 0
-1083.9 0
-1083.7 0
-1083.5 0
-1083.3 0
-1083.1 0
-1082.9 1
-1082.7 0
-1082.5 0
-1082.3 0
-1082.1 0
-1081.9 0
-1081.7 0
-1081.5 0
-1081.3 0
-1081.1 0
-1080.9 0
-1080.7 0
-1080.5 0
-1080.3 0
-1080.1 0
-1079.9 0
-1079.7 0
-1079.5 0
-1079.3 0
-1079.1 0
-1078.9 0
-1078.7 0
-1078.5 0
-1078.3 0
-1078.1 0
-1077.9 0
-1077.7 0
-1077.5 0
-1077.3 0
-1077.1 0
-1076.9 0
-1076.7 0
-1076.5 0
-1076.3 0
-1076.1 0
-1075.9 0
-1075.7 0
-1075.5 0
-1075.3 0
-1075.1 0
-1074.9 0
-1074.7 0
-1074.5 0
-1074.3 0
-1074.1 0
-1073.9 1
-1073.7 0
-1073.5 0
-1073.3 0
-1073.1 0
-1072.9 0
-1072.7 0
-1072.5 0
-1072.3 0
-1072.1 0
-1071.9 0
-1071.7 0
-1071.5 0
-1071.3 0
-1071.1 0
-1070.9 0
-1070.7 0
-1070.5 0
-1070.3 0
-1070.1 0
-1069.9 1
-1069.7 0
-1069.5 0
-1069.3 1
-1069.1 0
-1068.9 0
-1068.7 0
-1068.5 0
-1068.3 1
-1068.1 0
-1067.9 1
-1067.7 0
-1067.5 0
-1067.3 3
-1067.1 2
-1066.9 1
-1066.7 0
-1066.5 2
-1066.3 2
-1066.1 0
-1065.9 3
-1065.7 4
-1065.5 1
-1065.3 4
-1065.1 6
-1064.9 1
-1064.7 1
-1064.5 4
-1064.3 5
-1064.1 3
-1063.9 3
-1063.7 4
-1063.5 2
-1063.3 2
-1063.1 2
-1062.9 2
-1062.7 1
-1062.5 4
-1062.3 1
-1062.1 0
-1061.9 2
-1061.7 3
-1061.5 3
-1061.3 2
-1061.1 4
-1060.9 4
-1060.7 1
-1060.5 3
-1060.3 2
-1060.1 0
-1059.9 2
-1059.7 3
-1059.5 7
-1059.3 2
-1059.1 4
-1058.9 3
-1058.7 4
-1058.5 2
-1058.3 4
-1058.1 0
-1057.9 3
-1057.7 2
-1057.5 2
-1057.3 1
-1057.1 4
-1056.9 1
-1056.7 0
-1056.5 2
-1056.3 1
-1056.1 0
-1055.9 0
-1055.7 1
-1055.5 0
-1055.3 4
-1055.1 1
-1054.9 2
-1054.7 0
-1054.5 3
-1054.3 2
-1054.1 1
-1053.9 0
-1053.7 3
-1053.5 2
-1053.3 2
-1053.1 1
-1052.9 1
-1052.7 3
-1052.5 3
-1052.3 1
-1052.1 1
-1051.9 2
-1051.7 0
-1051.5 2
-1051.3 2
-1051.1 1
-1050.9 1
-1050.7 0
-1050.5 1
-1050.3 1
-1050.1 0
-1049.9 2
-1049.7 1
-1049.5 5
-1049.3 1
-1049.1 2
-1048.9 3
-1048.7 4
-1048.5 0
-1048.3 0
-1048.1 3
-1047.9 0
-1047.7 4
-1047.5 2
-1047.3 0
-1047.1 1
-1046.9 0
-1046.7 0
-1046.5 1
-1046.3 0
-1046.1 0
-1045.9 1
-1045.7 2
-1045.5 0
-1045.3 0
-1045.1 0
-1044.9 1
-1044.7 0
-1044.5 2
-1044.3 0
-1044.1 0
-1043.9 0
-1043.7 0
-1043.5 0
-1043.3 2
-1043.1 0
-1042.9 1
-1042.7 1
-1042.5 0
-1042.3 0
-1042.1 0
-1041.9 0
-1041.7 0
-1041.5 0
-1041.3 0
-1041.1 0
-1040.9 0
-1040.7 0
-1040.5 0
-1040.3 0
-1040.1 0
-1039.9 0
-1039.7 0
-1039.5 0
-1039.3 0
-1039.1 0
-1038.9 0
-1038.7 0
-1038.5 0
-1038.3 0
-1038.1 0
-1037.9 0
-1037.7 0
-1037.5 0
-1037.3 0
-1037.1 0
-1036.9 0
-1036.7 0
-1036.5 0
-1036.3 0
-1036.1 0
-1035.9 0
-1035.7 0
-1035.5 0
-1035.3 0
-1035.1 0
-1034.9 0
-1034.7 0
-1034.5 0
-1034.3 0
-1034.1 0
-1033.9 0
-1033.7 0
-1033.5 0
-1033.3 0
-1033.1 0
-1032.9 0
-1032.7 0
-1032.5 0
-1032.3 0
-1032.1 0
-1031.9 0
-1031.7 0
-1031.5 0
-1031.3 0
-1031.1 0
-1030.9 0
-1030.7 0
-1030.5 0
-1030.3 0
-1030.1 0
-1029.9 0
-1029.7 0
-1029.5 0
-1029.3 0
-1029.1 0
-1028.9 1
-1028.7 0
-1028.5 0
-1028.3 0
-1028.1 0
-1027.9 0
-1027.7 0
-1027.5 0
-1027.3 0
-1027.1 0
-1026.9 0
-1026.7 0
-1026.5 0
-1026.3 0
-1026.1 0
-1025.9 0
-1025.7 0
-1025.5 0
-1025.3 0
-1025.1 0
-1024.9 0
-1024.7 0
-1024.5 0
-1024.3 0
-1024.1 0
-1023.9 0
-1023.7 0
-1023.5 0
-1023.3 0
-1023.1 0
-1022.9 0
-1022.7 0
-1022.5 0
-1022.3 0
-1022.1 0
-1021.9 0
-1021.7 0
-1021.5 0
-1021.3 0
-1021.1 0
-1020.9 0
-1020.7 0
-1020.5 0
-1020.3 0
-1020.1 0
-1019.9 0
-1019.7 0
-1019.5 0
-1019.3 0
-1019.1 0
-1018.9 0
-1018.7 0
-1018.5 0
-1018.3 0
-1018.1 0
-1017.9 0
-1017.7 0
-1017.5 0
-1017.3 0
-1017.1 0
-1016.9 0
-1016.7 0
-1016.5 0
-1016.3 0
-1016.1 0
-1015.9 0
-1015.7 0
-1015.5 0
-1015.3 0
-1015.1 0
-1014.9 1
-1014.7 1
-1014.5 0
-1014.3 0
-1014.1 2
-1013.9 2
-1013.7 2
-1013.5 1
-1013.3 1
-1013.1 2
-1012.9 0
-1012.7 0
-1012.5 1
-1012.3 1
-1012.1 2
-1011.9 2
-1011.7 0
-1011.5 0
-1011.3 2
-1011.1 6
-1010.9 1
-1010.7 2
-1010.5 1
-1010.3 3
-1010.1 5
-1009.9 2
-1009.7 7
-1009.5 4
-1009.3 3
-1009.1 3
-1008.9 2
-1008.7 8
-1008.5 4
-1008.3 3
-1008.1 7
-1007.9 4
-1007.7 4
-1007.5 3
-1007.3 2
-1007.1 3
-1006.9 8
-1006.7 3
-1006.5 3
-1006.3 2
-1006.1 2
-1005.9 6
-1005.7 2
-1005.5 4
-1005.3 3
-1005.1 4
-1004.9 3
-1004.7 1
-1004.5 2
-1004.3 4
-1004.1 4
-1003.9 4
-1003.7 4
-1003.5 2
-1003.3 7
-1003.1 2
-1002.9 0
-1002.7 2
-1002.5 2
-1002.3 1
-1002.1 2
-1001.9 5
-1001.7 2
-1001.5 5
-1001.3 3
-1001.1 2
-1000.9 2
-1000.7 6
-1000.5 2
-1000.3 0
-1000.1 2
