-19.9 0
-19.7 0
-19.5 0
-19.3 0
-19.1 0
-18.9 0
-18.7 0
-18.5 0
-18.3 0
-18.1 0
-17.9 0
-17.7 0
-17.5 0
-17.3 0
-17.1 0
-16.9 0
-16.7 0
-16.5 0
-16.3 0
-16.1 0
-15.9 0
-15.7 0
-15.5 0
-15.3 0
-15.1 0
-14.9 0
-14.7 0
-14.5 0
-14.3 0
-14.1 0
-13.9 0
-13.7 0
-13.5 0
-13.3 0
-13.1 0
-12.9 0
-12.7 0
-12.5 0
-12.3 0
-12.1 0
-11.9 0
-11.7 0
-11.5 0
-11.3 0
-11.1 0
-10.9 0
-10.7 0
-10.5 0
-10.3 0
-10.1 0
-9.9 0
-9.7 1
-9.5 1
-9.3 3
-9.1 1
-8.9 9
-8.7 14
-8.5 17
-8.3 27
-8.1 34
-7.9 56
-7.7 62
-7.5 58
-7.3 67
-7.1 71
-6.9 59
-6.7 53
-6.5 44
-6.3 46
-6.1 30
-5.9 41
-5.7 32
-5.5 31
-5.3 32
-5.1 31
-4.9 34
-4.7 31
-4.5 27
-4.3 38
-4.1 34
-3.9 34
-3.7 22
-3.5 27
-3.3 30
-3.1 30
-2.9 36
-2.7 37
-2.5 30
-2.3 27
-2.1 18
-1.9 19
-1.7 29
-1.5 32
-1.3 27
-1.1 28
-0.9 24
-0.7 23
-0.5 28
-0.3 21
-0.1 32
0.1 24
0.3 28
0.5 24
0.7 26
0.9 32
1.1 19
1.3 34
1.5 28
1.7 21
1.9 34
2.1 22
2.3 21
2.5 28
2.7 21
2.9 25
3.1 13
3.3 19
3.5 25
3.7 33
3.9 30
4.1 24
4.3 28
4.5 24
4.7 25
4.9 23
5.1 22
5.3 26
5.5 30
5.7 24
5.9 25
6.1 25
6.3 19
6.5 30
6.7 17
6.9 27
7.1 18
7.3 24
7.5 30
7.7 30
7.9 28
8.1 21
8.3 25
8.5 34
8.7 22
8.9 29
9.1 21
9.3 29
9.5 25
9.7 20
9.9 21
10.1 24
10.3 20
10.5 25
10.7 18
10.9 25
11.1 27
11.3 27
11.5 26
11.7 26
11.9 26
12.1 27
12.3 25
12.5 23
12.7 32
12.9 19
13.1 25
13.3 20
13.5 26
13.7 33
13.9 24
14.1 24
14.3 28
14.5 22
14.7 24
14.9 16
15.1 22
15.3 24
15.5 22
15.7 22
15.9 17
16.1 23
16.3 20
16.5 20
16.7 20
16.9 27
17.1 24
17.3 20
17.5 18
17.7 26
17.9 22
18.1 27
18.3 29
18.5 28
18.7 23
18.9 28
19.1 25
19.3 19
19.5 29
19.7 24
19.9 31
20.1 21
20.3 14
20.5 18
20.7 39
20.9 21
21.1 18
21.3 23
21.5 23
21.7 27
21.9 19
22.1 19
22.3 31
22.5 21
22.7 28
22.9 27
23.1 24
23.3 27
23.5 23
23.7 24
23.9 16
24.1 23
24.3 11
24.5 27
24.7 24
24.9 20
25.1 23
25.3 21
25.5 24
25.7 20
25.9 18
26.1 22
26.3 24
26.5 14
26.7 19
26.9 19
27.1 17
27.3 22
27.5 29
27.7 24
27.9 14
28.1 28
28.3 29
28.5 27
28.7 11
28.9 25
29.1 14
29.3 19
29.5 29
29.7 31
29.9 28
30.1 40
30.3 26
30.5 21
30.7 24
30.9 18
31.1 24
31.3 32
31.5 29
31.7 23
31.9 24
32.1 30
32.3 26
32.5 25
32.7 22
32.9 24
33.1 18
33.3 26
33.5 18
33.7 21
33.9 20
34.1 26
34.3 27
34.5 29
34.7 14
34.9 36
35.1 36
35.3 19
35.5 20
35.7 20
35.9 37
36.1 28
36.3 35
36.5 20
36.7 20
36.9 24
37.1 22
37.3 9
37.5 15
37.7 25
37.9 23
38.1 31
38.3 18
38.5 29
38.7 24
38.9 22
39.1 27
39.3 25
39.5 16
39.7 25
39.9 16
40.1 29
40.3 28
40.5 18
40.7 22
40.9 15
41.1 20
41.3 22
41.5 23
41.7 25
41.9 22
42.1 26
42.3 21
42.5 30
42.7 26
42.9 21
43.1 20
43.3 19
43.5 27
43.7 22
43.9 26
44.1 26
44.3 21
44.5 20
44.7 17
44.9 21
45.1 25
45.3 21
45.5 16
45.7 30
45.9 24
46.1 17
46.3 31
46.5 27
46.7 19
46.9 19
47.1 23
47.3 25
47.5 33
47.7 31
47.9 14
48.1 24
48.3 24
48.5 24
48.7 28
48.9 17
49.1 23
49.3 28
49.5 26
49.7 22
49.9 26
50.1 16
50.3 23
50.5 25
50.7 27
50.9 27
51.1 22
51.3 13
51.5 27
51.7 19
51.9 16
52.1 24
52.3 20
52.5 21
52.7 29
52.9 17
53.1 24
53.3 22
53.5 29
53.7 18
53.9 22
54.1 16
54.3 22
54.5 17
54.7 23
54.9 25
55.1 21
55.3 24
55.5 17
55.7 15
55.9 19
56.1 28
56.3 24
56.5 19
56.7 26
56.9 15
57.1 26
57.3 18
57.5 20
57.7 16
57.9 12
58.1 22
58.3 13
58.5 20
58.7 17
58.9 19
59.1 15
59.3 22
59.5 19
59.7 28
59.9 17
60.1 26
60.3 18
60.5 25
60.7 13
60.9 19
61.1 13
61.3 18
61.5 16
61.7 18
61.9 14
62.1 21
62.3 9
62.5 11
62.7 20
62.9 23
63.1 11
63.3 15
63.5 11
63.7 19
63.9 19
64.1 15
64.3 14
64.5 15
64.7 15
64.9 20
65.1 10
65.3 11
65.5 11
65.7 9
65.9 10
66.1 14
66.3 7
66.5 18
66.7 9
66.9 14
67.1 12
67.3 11
67.5 10
67.7 5
67.9 5
68.1 14
68.3 7
68.5 11
68.7 4
68.9 7
69.1 8
69.3 4
69.5 11
69.7 11
69.9 5
70.1 11
70.3 7
70.5 13
70.7 10
70.9 9
71.1 10
71.3 8
71.5 7
71.7 4
71.9 5
72.1 7
72.3 4
72.5 8
72.7 3
72.9 8
73.1 3
73.3 3
73.5 8
73.7 9
73.9 2
74.1 3
74.3 6
74.5 6
74.7 6
74.9 6
75.1 3
75.3 2
75.5 5
75.7 8
75.9 3
76.1 6
76.3 4
76.5 1
76.7 3
76.9 2
77.1 4
77.3 8
77.5 2
77.7 4
77.9 3
78.1 3
78.3 4
78.5 2
78.7 4
78.9 3
79.1 1
79.3 0
79.5 0
79.7 2
79.9 4
80.1 1
80.3 0
80.5 2
80.7 1
80.9 2
81.1 1
81.3 3
81.5 1
81.7 2
81.9 0
82.1 0
82.3 2
82.5 2
82.7 0
82.9 0
83.1 2
83.3 1
83.5 0
83.7 1
83.9 1
84.1 2
84.3 1
84.5 1
84.7 1
84.9 0
85.1 1
85.3 2
85.5 1
85.7 2
85.9 0
86.1 0
86.3 0
86.5 1
86.7 0
86.9 1
87.1 0
87.3 0
87.5 0
87.7 0
87.9 0
88.1 0
88.3 0
88.5 1
88.7 0
88.9 0
89.1 1
89.3 0
89.5 0
89.7 0
89.9 0
