400
0.001 0
0.002 0.0108696
0.003 0.0108696
0.004 0.0108696
0.005 0.0217391
0.006 0.0652174
0.007 0.0652174
0.008 0.0869565
0.009 0.0978261
0.01 0.0978261
0.011 0.0978261
0.012 0.0978261
0.013 0.0978261
0.014 0.108696
0.015 0.119565
0.016 0.119565
0.017 0.119565
0.018 0.141304
0.019 0.163043
0.02 0.163043
0.021 0.163043
0.022 0.163043
0.023 0.163043
0.024 0.173913
0.025 0.195652
0.026 0.206522
0.027 0.217391
0.028 0.217391
0.029 0.217391
0.03 0.217391
0.031 0.228261
0.032 0.23913
0.033 0.25
0.034 0.26087
0.035 0.271739
0.036 0.271739
0.037 0.282609
0.038 0.304348
0.039 0.315217
0.04 0.326087
0.041 0.336957
0.042 0.347826
0.043 0.347826
0.044 0.358696
0.045 0.358696
0.046 0.369565
0.047 0.369565
0.048 0.369565
0.049 0.380435
0.05 0.380435
0.051 0.380435
0.052 0.380435
0.053 0.391304
0.054 0.391304
0.055 0.391304
0.056 0.402174
0.057 0.413043
0.058 0.423913
0.059 0.423913
0.06 0.445652
0.061 0.456522
0.062 0.467391
0.063 0.467391
0.064 0.467391
0.065 0.478261
0.066 0.478261
0.067 0.478261
0.068 0.48913
0.069 0.5
0.07 0.51087
0.071 0.521739
0.072 0.532609
0.073 0.532609
0.074 0.543478
0.075 0.554348
0.076 0.565217
0.077 0.576087
0.078 0.586957
0.079 0.597826
0.08 0.608696
0.081 0.608696
0.082 0.630435
0.083 0.652174
0.084 0.673913
0.085 0.684783
0.086 0.684783
0.087 0.684783
0.088 0.695652
0.089 0.695652
0.09 0.695652
0.091 0.706522
0.092 0.706522
0.093 0.706522
0.094 0.706522
0.095 0.706522
0.096 0.706522
0.097 0.706522
0.098 0.717391
0.099 0.717391
0.1 0.728261
0.101 0.728261
0.102 0.73913
0.103 0.73913
0.104 0.75
0.105 0.75
0.106 0.75
0.107 0.75
0.108 0.75
0.109 0.75
0.11 0.75
0.111 0.76087
0.112 0.782609
0.113 0.793478
0.114 0.804348
0.115 0.804348
0.116 0.815217
0.117 0.815217
0.118 0.815217
0.119 0.826087
0.12 0.847826
0.121 0.891304
0.122 0.891304
0.123 0.902174
0.124 0.902174
0.125 0.913043
0.126 0.913043
0.127 0.913043
0.128 0.913043
0.129 0.913043
0.13 0.923913
0.131 0.934783
0.132 0.934783
0.133 0.934783
0.134 0.934783
0.135 0.945652
0.136 0.945652
0.137 0.945652
0.138 0.945652
0.139 0.945652
0.14 0.945652
0.141 0.945652
0.142 0.945652
0.143 0.945652
0.144 0.945652
0.145 0.945652
0.146 0.945652
0.147 0.945652
0.148 0.967391
0.149 0.967391
0.15 0.967391
0.151 0.967391
0.152 0.967391
0.153 0.967391
0.154 0.978261
0.155 0.978261
0.156 0.978261
0.157 0.978261
0.158 0.978261
0.159 0.978261
0.16 0.978261
0.161 0.978261
0.162 0.978261
0.163 0.978261
0.164 0.978261
0.165 0.978261
0.166 0.978261
0.167 0.978261
0.168 0.978261
0.169 0.978261
0.17 0.978261
0.171 0.978261
0.172 0.978261
0.173 0.978261
0.174 0.978261
0.175 0.978261
0.176 0.978261
0.177 0.978261
0.178 0.978261
0.179 0.978261
0.18 0.978261
0.181 0.978261
0.182 0.978261
0.183 0.978261
0.184 0.978261
0.185 0.978261
0.186 0.98913
0.187 0.98913
0.188 0.98913
0.189 0.98913
0.19 0.98913
0.191 0.98913
0.192 0.98913
0.193 0.98913
0.194 0.98913
0.195 0.98913
0.196 0.98913
0.197 0.98913
0.198 0.98913
0.199 0.98913
0.2 0.98913
0.201 0.98913
0.202 0.98913
0.203 0.98913
0.204 0.98913
0.205 0.98913
0.206 0.98913
0.207 0.98913
0.208 0.98913
0.209 0.98913
0.21 0.98913
0.211 0.98913
0.212 0.98913
0.213 0.98913
0.214 0.98913
0.215 0.98913
0.216 0.98913
0.217 0.98913
0.218 0.98913
0.219 0.98913
0.22 0.98913
0.221 0.98913
0.222 0.98913
0.223 0.98913
0.224 0.98913
0.225 0.98913
0.226 0.98913
0.227 0.98913
0.228 0.98913
0.229 0.98913
0.23 0.98913
0.231 0.98913
0.232 0.98913
0.233 0.98913
0.234 0.98913
0.235 0.98913
0.236 0.98913
0.237 0.98913
0.238 0.98913
0.239 0.98913
0.24 0.98913
0.241 0.98913
0.242 0.98913
0.243 0.98913
0.244 0.98913
0.245 0.98913
0.246 0.98913
0.247 0.98913
0.248 0.98913
0.249 0.98913
0.25 0.98913
0.251 0.98913
0.252 0.98913
0.253 0.98913
0.254 0.98913
0.255 0.98913
0.256 0.98913
0.257 1
0.258 1
0.259 1
0.26 1
0.261 1
0.262 1
0.263 1
0.264 1
0.265 1
0.266 1
0.267 1
0.268 1
0.269 1
0.27 1
0.271 1
0.272 1
0.273 1
0.274 1
0.275 1
0.276 1
0.277 1
0.278 1
0.279 1
0.28 1
0.281 1
0.282 1
0.283 1
0.284 1
0.285 1
0.286 1
0.287 1
0.288 1
0.289 1
0.29 1
0.291 1
0.292 1
0.293 1
0.294 1
0.295 1
0.296 1
0.297 1
0.298 1
0.299 1
0.3 1
0.301 1
0.302 1
0.303 1
0.304 1
0.305 1
0.306 1
0.307 1
0.308 1
0.309 1
0.31 1
0.311 1
0.312 1
0.313 1
0.314 1
0.315 1
0.316 1
0.317 1
0.318 1
0.319 1
0.32 1
0.321 1
0.322 1
0.323 1
0.324 1
0.325 1
0.326 1
0.327 1
0.328 1
0.329 1
0.33 1
0.331 1
0.332 1
0.333 1
0.334 1
0.335 1
0.336 1
0.337 1
0.338 1
0.339 1
0.34 1
0.341 1
0.342 1
0.343 1
0.344 1
0.345 1
0.346 1
0.347 1
0.348 1
0.349 1
0.35 1
0.351 1
0.352 1
0.353 1
0.354 1
0.355 1
0.356 1
0.357 1
0.358 1
0.359 1
0.36 1
0.361 1
0.362 1
0.363 1
0.364 1
0.365 1
0.366 1
0.367 1
0.368 1
0.369 1
0.37 1
0.371 1
0.372 1
0.373 1
0.374 1
0.375 1
0.376 1
0.377 1
0.378 1
0.379 1
0.38 1
0.381 1
0.382 1
0.383 1
0.384 1
0.385 1
0.386 1
0.387 1
0.388 1
0.389 1
0.39 1
0.391 1
0.392 1
0.393 1
0.394 1
0.395 1
0.396 1
0.397 1
0.398 1
0.399 1
0.4 1
