-49.9 0
-49.7 1
-49.5 0
-49.3 0
-49.1 0
-48.9 0
-48.7 1
-48.5 1
-48.3 2
-48.1 0
-47.9 1
-47.7 0
-47.5 1
-47.3 0
-47.1 0
-46.9 0
-46.7 1
-46.5 0
-46.3 1
-46.1 2
-45.9 2
-45.7 3
-45.5 1
-45.3 0
-45.1 0
-44.9 0
-44.7 0
-44.5 0
-44.3 2
-44.1 2
-43.9 0
-43.7 0
-43.5 2
-43.3 2
-43.1 0
-42.9 1
-42.7 2
-42.5 0
-42.3 0
-42.1 0
-41.9 1
-41.7 1
-41.5 0
-41.3 2
-41.1 3
-40.9 1
-40.7 1
-40.5 1
-40.3 0
-40.1 1
-39.9 0
-39.7 0
-39.5 0
-39.3 1
-39.1 0
-38.9 1
-38.7 1
-38.5 1
-38.3 1
-38.1 0
-37.9 0
-37.7 2
-37.5 1
-37.3 0
-37.1 0
-36.9 1
-36.7 0
-36.5 1
-36.3 1
-36.1 2
-35.9 1
-35.7 1
-35.5 0
-35.3 0
-35.1 0
-34.9 1
-34.7 1
-34.5 2
-34.3 1
-34.1 1
-33.9 0
-33.7 0
-33.5 0
-33.3 2
-33.1 2
-32.9 0
-32.7 1
-32.5 1
-32.3 1
-32.1 1
-31.9 0
-31.7 1
-31.5 0
-31.3 0
-31.1 2
-30.9 1
-30.7 1
-30.5 1
-30.3 2
-30.1 2
-29.9 1
-29.7 1
-29.5 1
-29.3 2
-29.1 3
-28.9 0
-28.7 0
-28.5 1
-28.3 1
-28.1 2
-27.9 5
-27.7 5
-27.5 5
-27.3 1
-27.1 2
-26.9 4
-26.7 1
-26.5 4
-26.3 1
-26.1 0
-25.9 3
-25.7 5
-25.5 2
-25.3 3
-25.1 6
-24.9 2
-24.7 2
-24.5 4
-24.3 2
-24.1 6
-23.9 1
-23.7 7
-23.5 7
-23.3 6
-23.1 3
-22.9 6
-22.7 5
-22.5 5
-22.3 9
-22.1 9
-21.9 8
-21.7 7
-21.5 9
-21.3 8
-21.1 9
-20.9 12
-20.7 9
-20.5 2
-20.3 5
-20.1 7
-19.9 7
-19.7 7
-19.5 7
-19.3 14
-19.1 4
-18.9 6
-18.7 9
-18.5 14
-18.3 11
-18.1 10
-17.9 11
-17.7 15
-17.5 6
-17.3 12
-17.1 11
-16.9 12
-16.7 7
-16.5 8
-16.3 10
-16.1 23
-15.9 14
-15.7 12
-15.5 15
-15.3 3
-15.1 14
-14.9 13
-14.7 11
-14.5 8
-14.3 12
-14.1 7
-13.9 10
-13.7 16
-13.5 12
-13.3 16
-13.1 11
-12.9 16
-12.7 9
-12.5 7
-12.3 7
-12.1 18
-11.9 13
-11.7 11
-11.5 10
-11.3 12
-11.1 10
-10.9 17
-10.7 13
-10.5 17
-10.3 15
-10.1 10
-9.9 13
-9.7 17
-9.5 10
-9.3 13
-9.1 8
-8.9 11
-8.7 14
-8.5 9
-8.3 12
-8.1 13
-7.9 12
-7.7 6
-7.5 14
-7.3 10
-7.1 7
-6.9 13
-6.7 6
-6.5 12
-6.3 7
-6.1 7
-5.9 12
-5.7 8
-5.5 14
-5.3 8
-5.1 12
-4.9 15
-4.7 9
-4.5 7
-4.3 11
-4.1 11
-3.9 11
-3.7 8
-3.5 13
-3.3 15
-3.1 14
-2.9 13
-2.7 12
-2.5 9
-2.3 10
-2.1 18
-1.9 9
-1.7 10
-1.5 9
-1.3 9
-1.1 10
-0.9 13
-0.7 11
-0.5 9
-0.3 9
-0.1 11
0.1 14
0.3 6
0.5 12
0.7 8
0.9 14
1.1 7
1.3 10
1.5 6
1.7 12
1.9 9
2.1 10
2.3 13
2.5 8
2.7 7
2.9 11
3.1 7
3.3 7
3.5 8
3.7 6
3.9 7
4.1 8
4.3 12
4.5 10
4.7 9
4.9 17
5.1 8
5.3 8
5.5 5
5.7 10
5.9 6
6.1 10
6.3 14
6.5 7
6.7 7
6.9 11
7.1 6
7.3 10
7.5 10
7.7 6
7.9 7
8.1 8
8.3 4
8.5 11
8.7 10
8.9 7
9.1 12
9.3 15
9.5 3
9.7 6
9.9 11
10.1 7
10.3 6
10.5 10
10.7 10
10.9 6
11.1 5
11.3 11
11.5 4
11.7 9
11.9 15
12.1 12
12.3 3
12.5 14
12.7 9
12.9 9
13.1 10
13.3 11
13.5 11
13.7 5
13.9 12
14.1 3
14.3 9
14.5 10
14.7 7
14.9 11
15.1 7
15.3 12
15.5 5
15.7 7
15.9 9
16.1 5
16.3 8
16.5 8
16.7 6
16.9 10
17.1 3
17.3 13
17.5 8
17.7 10
17.9 7
18.1 7
18.3 7
18.5 4
18.7 6
18.9 8
19.1 6
19.3 6
19.5 6
19.7 9
19.9 4
20.1 7
20.3 9
20.5 7
20.7 6
20.9 10
21.1 6
21.3 10
21.5 7
21.7 9
21.9 9
22.1 6
22.3 13
22.5 6
22.7 5
22.9 8
23.1 7
23.3 5
23.5 9
23.7 6
23.9 8
24.1 5
24.3 13
24.5 5
24.7 2
24.9 4
25.1 4
25.3 11
25.5 5
25.7 6
25.9 7
26.1 3
26.3 4
26.5 6
26.7 6
26.9 10
27.1 11
27.3 4
27.5 5
27.7 6
27.9 12
28.1 6
28.3 7
28.5 7
28.7 7
28.9 2
29.1 16
29.3 6
29.5 7
29.7 5
29.9 4
30.1 14
30.3 5
30.5 2
30.7 7
30.9 8
31.1 6
31.3 9
31.5 5
31.7 10
31.9 8
32.1 8
32.3 10
32.5 7
32.7 4
32.9 8
33.1 5
33.3 6
33.5 2
33.7 7
33.9 4
34.1 7
34.3 5
34.5 4
34.7 7
34.9 8
35.1 9
35.3 6
35.5 3
35.7 9
35.9 4
36.1 9
36.3 8
36.5 9
36.7 7
36.9 7
37.1 2
37.3 4
37.5 14
37.7 4
37.9 6
38.1 2
38.3 6
38.5 7
38.7 4
38.9 7
39.1 8
39.3 7
39.5 13
39.7 10
39.9 6
40.1 11
40.3 8
40.5 11
40.7 6
40.9 7
41.1 8
41.3 9
41.5 9
41.7 10
41.9 9
42.1 3
42.3 5
42.5 12
42.7 6
42.9 4
43.1 4
43.3 7
43.5 9
43.7 7
43.9 4
44.1 10
44.3 6
44.5 4
44.7 3
44.9 7
45.1 8
45.3 10
45.5 6
45.7 4
45.9 10
46.1 8
46.3 5
46.5 9
46.7 6
46.9 5
47.1 6
47.3 9
47.5 6
47.7 5
47.9 7
48.1 6
48.3 6
48.5 9
48.7 6
48.9 7
49.1 4
49.3 6
49.5 5
49.7 7
49.9 4
50.1 4
50.3 3
50.5 3
50.7 4
50.9 8
51.1 6
51.3 9
51.5 6
51.7 4
51.9 5
52.1 1
52.3 4
52.5 5
52.7 3
52.9 3
53.1 4
53.3 3
53.5 6
53.7 6
53.9 6
54.1 4
54.3 3
54.5 1
54.7 2
54.9 3
55.1 3
55.3 4
55.5 5
55.7 4
55.9 3
56.1 3
56.3 5
56.5 3
56.7 1
56.9 1
57.1 2
57.3 5
57.5 1
57.7 4
57.9 1
58.1 2
58.3 4
58.5 4
58.7 1
58.9 3
59.1 1
59.3 4
59.5 6
59.7 1
59.9 0
60.1 2
60.3 4
60.5 3
60.7 3
60.9 2
61.1 2
61.3 1
61.5 2
61.7 5
61.9 2
62.1 0
62.3 0
62.5 2
62.7 1
62.9 3
63.1 1
63.3 4
63.5 3
63.7 2
63.9 0
64.1 2
64.3 1
64.5 0
64.7 2
64.9 0
65.1 2
65.3 2
65.5 4
65.7 0
65.9 0
66.1 2
66.3 0
66.5 2
66.7 2
66.9 3
67.1 2
67.3 0
67.5 2
67.7 1
67.9 2
68.1 2
68.3 3
68.5 2
68.7 0
68.9 0
69.1 1
69.3 1
69.5 2
69.7 2
69.9 1
70.1 0
70.3 0
70.5 3
70.7 0
70.9 2
71.1 2
71.3 1
71.5 2
71.7 0
71.9 1
72.1 3
72.3 0
72.5 0
72.7 1
72.9 1
73.1 1
73.3 1
73.5 1
73.7 1
73.9 0
74.1 0
74.3 3
74.5 1
74.7 2
74.9 0
75.1 1
75.3 1
75.5 0
75.7 0
75.9 0
76.1 0
76.3 1
76.5 0
76.7 1
76.9 0
77.1 0
77.3 0
77.5 0
77.7 1
77.9 0
78.1 0
78.3 2
78.5 2
78.7 1
78.9 4
79.1 1
79.3 1
79.5 0
79.7 0
79.9 0
80.1 1
80.3 0
80.5 1
80.7 0
80.9 1
81.1 0
81.3 0
81.5 1
81.7 0
81.9 0
82.1 1
82.3 0
82.5 1
82.7 1
82.9 1
83.1 0
83.3 0
83.5 1
83.7 1
83.9 0
84.1 0
84.3 1
84.5 0
84.7 0
84.9 0
85.1 1
85.3 0
85.5 0
85.7 0
85.9 0
86.1 1
86.3 1
86.5 2
86.7 1
86.9 0
87.1 0
87.3 1
87.5 0
87.7 1
87.9 0
88.1 1
88.3 0
88.5 2
88.7 0
88.9 0
89.1 0
89.3 1
89.5 1
89.7 0
89.9 1
90.1 0
90.3 0
90.5 1
90.7 1
90.9 0
91.1 0
91.3 0
91.5 1
91.7 1
91.9 0
92.1 1
92.3 0
92.5 2
92.7 0
92.9 0
93.1 0
93.3 0
93.5 0
93.7 0
93.9 0
94.1 0
94.3 0
94.5 0
94.7 0
94.9 0
95.1 0
95.3 0
95.5 1
95.7 0
95.9 0
96.1 0
96.3 0
96.5 0
96.7 0
96.9 1
97.1 0
97.3 0
97.5 0
97.7 1
97.9 0
98.1 0
98.3 0
98.5 0
98.7 0
98.9 0
99.1 1
99.3 0
99.5 0
99.7 1
99.9 1
