700
0.001 0.00343272
0.002 0.00737996
0.003 0.011295
0.004 0.0150172
0.005 0.0186428
0.006 0.022373
0.007 0.0258942
0.008 0.0296726
0.009 0.0335474
0.01 0.0373902
0.011 0.0411445
0.012 0.0449229
0.013 0.0487977
0.014 0.0528736
0.015 0.0566038
0.016 0.0604867
0.017 0.0643214
0.018 0.0684857
0.019 0.0725213
0.02 0.0764927
0.021 0.0803274
0.022 0.0842424
0.023 0.0880932
0.024 0.0919841
0.025 0.0958831
0.026 0.0996696
0.027 0.103601
0.028 0.107588
0.029 0.111519
0.03 0.115338
0.031 0.119502
0.032 0.123811
0.033 0.12808
0.034 0.131899
0.035 0.13579
0.036 0.139938
0.037 0.14411
0.038 0.148138
0.039 0.152214
0.04 0.156257
0.041 0.160357
0.042 0.164304
0.043 0.1683
0.044 0.172255
0.045 0.176468
0.046 0.180608
0.047 0.18429
0.048 0.188358
0.049 0.192345
0.05 0.196694
0.051 0.20073
0.052 0.204733
0.053 0.208898
0.054 0.212781
0.055 0.2168
0.056 0.221399
0.057 0.225483
0.058 0.229518
0.059 0.233642
0.06 0.237614
0.061 0.241561
0.062 0.245894
0.063 0.250332
0.064 0.253925
0.065 0.258146
0.066 0.262366
0.067 0.266514
0.068 0.270365
0.069 0.274948
0.07 0.278959
0.071 0.282906
0.072 0.287223
0.073 0.29179
0.074 0.295978
0.075 0.300383
0.076 0.304548
0.077 0.309009
0.078 0.312997
0.079 0.317282
0.08 0.321518
0.081 0.326069
0.082 0.330434
0.083 0.334936
0.084 0.339084
0.085 0.343514
0.086 0.347847
0.087 0.35222
0.088 0.356722
0.089 0.361377
0.09 0.365911
0.091 0.370356
0.092 0.375091
0.093 0.379778
0.094 0.3842
0.095 0.388557
0.096 0.392995
0.097 0.397521
0.098 0.402143
0.099 0.406677
0.1 0.411388
0.101 0.416332
0.102 0.421067
0.103 0.425417
0.104 0.430144
0.105 0.434702
0.106 0.439196
0.107 0.44373
0.108 0.448762
0.109 0.453747
0.11 0.458474
0.111 0.463024
0.112 0.467952
0.113 0.472582
0.114 0.47735
0.115 0.48235
0.116 0.487254
0.117 0.492238
0.118 0.496917
0.119 0.501813
0.12 0.507087
0.121 0.511725
0.122 0.51642
0.123 0.521139
0.124 0.525778
0.125 0.530577
0.126 0.535529
0.127 0.540674
0.128 0.545409
0.129 0.550152
0.13 0.554815
0.131 0.559703
0.132 0.564478
0.133 0.569294
0.134 0.574302
0.135 0.579712
0.136 0.5846
0.137 0.589737
0.138 0.594681
0.139 0.599384
0.14 0.604288
0.141 0.609345
0.142 0.614104
0.143 0.618879
0.144 0.623478
0.145 0.628446
0.146 0.633583
0.147 0.638639
0.148 0.643712
0.149 0.648688
0.15 0.653632
0.151 0.658697
0.152 0.663722
0.153 0.668417
0.154 0.673345
0.155 0.678305
0.156 0.683032
0.157 0.68792
0.158 0.692751
0.159 0.697406
0.16 0.702253
0.161 0.707181
0.162 0.712214
0.163 0.716901
0.164 0.721684
0.165 0.72629
0.166 0.730913
0.167 0.735544
0.168 0.74007
0.169 0.744298
0.17 0.748913
0.171 0.753326
0.172 0.757121
0.173 0.761406
0.174 0.765305
0.175 0.769421
0.176 0.77344
0.177 0.777428
0.178 0.781383
0.179 0.785169
0.18 0.788948
0.181 0.792308
0.182 0.795741
0.183 0.79894
0.184 0.802325
0.185 0.805862
0.186 0.809279
0.187 0.812269
0.188 0.815372
0.189 0.818411
0.19 0.821273
0.191 0.824272
0.192 0.826997
0.193 0.829811
0.194 0.832207
0.195 0.834723
0.196 0.837279
0.197 0.839595
0.198 0.841886
0.199 0.844241
0.2 0.846492
0.201 0.848783
0.202 0.850841
0.203 0.852996
0.204 0.855054
0.205 0.856951
0.206 0.858921
0.207 0.861164
0.208 0.863197
0.209 0.865119
0.21 0.866767
0.211 0.868471
0.212 0.87024
0.213 0.871888
0.214 0.873632
0.215 0.875192
0.216 0.876784
0.217 0.878287
0.218 0.879935
0.219 0.881479
0.22 0.882998
0.221 0.884614
0.222 0.885989
0.223 0.88754
0.224 0.888979
0.225 0.890595
0.226 0.892235
0.227 0.893674
0.228 0.895081
0.229 0.896552
0.23 0.898136
0.231 0.899518
0.232 0.901191
0.233 0.902678
0.234 0.90431
0.235 0.905668
0.236 0.907268
0.237 0.908707
0.238 0.910227
0.239 0.911754
0.24 0.913145
0.241 0.914745
0.242 0.916312
0.243 0.917896
0.244 0.919689
0.245 0.921401
0.246 0.923121
0.247 0.924729
0.248 0.926249
0.249 0.927615
0.25 0.928918
0.251 0.930365
0.252 0.931804
0.253 0.933363
0.254 0.934794
0.255 0.936209
0.256 0.937648
0.257 0.939087
0.258 0.940422
0.259 0.94178
0.26 0.943115
0.261 0.94453
0.262 0.945832
0.263 0.946982
0.264 0.948284
0.265 0.949731
0.266 0.951009
0.267 0.952288
0.268 0.953534
0.269 0.954892
0.27 0.956154
0.271 0.957368
0.272 0.958566
0.273 0.959716
0.274 0.96068
0.275 0.961822
0.276 0.962795
0.277 0.963896
0.278 0.964949
0.279 0.965761
0.28 0.96683
0.281 0.967835
0.282 0.968977
0.283 0.969877
0.284 0.970729
0.285 0.971501
0.286 0.972193
0.287 0.972964
0.288 0.973929
0.289 0.974781
0.29 0.975344
0.291 0.975891
0.292 0.976493
0.293 0.977088
0.294 0.977707
0.295 0.978262
0.296 0.978809
0.297 0.97938
0.298 0.97991
0.299 0.980344
0.3 0.980859
0.301 0.981309
0.302 0.981767
0.303 0.982153
0.304 0.982611
0.305 0.982949
0.306 0.983319
0.307 0.983737
0.308 0.983986
0.309 0.984332
0.31 0.984613
0.311 0.984935
0.312 0.985272
0.313 0.985554
0.314 0.985891
0.315 0.986205
0.316 0.98647
0.317 0.986784
0.318 0.987105
0.319 0.987338
0.32 0.987579
0.321 0.987756
0.322 0.987998
0.323 0.988182
0.324 0.988351
0.325 0.988496
0.326 0.988729
0.327 0.988866
0.328 0.989051
0.329 0.9893
0.33 0.989525
0.331 0.989686
0.332 0.989887
0.333 0.989999
0.334 0.990216
0.335 0.990353
0.336 0.990498
0.337 0.990667
0.338 0.990819
0.339 0.99094
0.34 0.991085
0.341 0.991181
0.342 0.991406
0.343 0.991583
0.344 0.991704
0.345 0.991848
0.346 0.992025
0.347 0.992114
0.348 0.99225
0.349 0.992331
0.35 0.992411
0.351 0.992507
0.352 0.992556
0.353 0.992692
0.354 0.992789
0.355 0.992917
0.356 0.993022
0.357 0.993143
0.358 0.993215
0.359 0.993336
0.36 0.993448
0.361 0.993496
0.362 0.993617
0.363 0.993705
0.364 0.99381
0.365 0.993922
0.366 0.994027
0.367 0.994131
0.368 0.994172
0.369 0.994276
0.37 0.994429
0.371 0.994509
0.372 0.994598
0.373 0.994694
0.374 0.994742
0.375 0.994791
0.376 0.994871
0.377 0.994984
0.378 0.995072
0.379 0.995152
0.38 0.995217
0.381 0.995289
0.382 0.995353
0.383 0.995418
0.384 0.995466
0.385 0.99549
0.386 0.995578
0.387 0.995643
0.388 0.995675
0.389 0.995707
0.39 0.995739
0.391 0.995828
0.392 0.995908
0.393 0.995972
0.394 0.995996
0.395 0.996053
0.396 0.996109
0.397 0.996149
0.398 0.996238
0.399 0.996262
0.4 0.996318
0.401 0.996358
0.402 0.996431
0.403 0.996479
0.404 0.996519
0.405 0.996551
0.406 0.996624
0.407 0.996664
0.408 0.996688
0.409 0.996728
0.41 0.996776
0.411 0.996816
0.412 0.996833
0.413 0.996849
0.414 0.996873
0.415 0.996921
0.416 0.996937
0.417 0.996961
0.418 0.996993
0.419 0.997009
0.42 0.997026
0.421 0.997106
0.422 0.997138
0.423 0.997178
0.424 0.997202
0.425 0.997243
0.426 0.997291
0.427 0.997307
0.428 0.997323
0.429 0.997339
0.43 0.997355
0.431 0.997395
0.432 0.997419
0.433 0.997444
0.434 0.99746
0.435 0.997484
0.436 0.9975
0.437 0.997548
0.438 0.99758
0.439 0.997604
0.44 0.99762
0.441 0.997636
0.442 0.997661
0.443 0.997677
0.444 0.997725
0.445 0.997741
0.446 0.997749
0.447 0.997757
0.448 0.997773
0.449 0.997813
0.45 0.997837
0.451 0.997837
0.452 0.99787
0.453 0.997894
0.454 0.997926
0.455 0.997942
0.456 0.99795
0.457 0.997982
0.458 0.998006
0.459 0.998022
0.46 0.998038
0.461 0.998079
0.462 0.998087
0.463 0.998095
0.464 0.998111
0.465 0.998135
0.466 0.998151
0.467 0.998175
0.468 0.998191
0.469 0.998223
0.47 0.998247
0.471 0.998247
0.472 0.998264
0.473 0.998288
0.474 0.998288
0.475 0.998296
0.476 0.998312
0.477 0.998328
0.478 0.99836
0.479 0.998376
0.48 0.998392
0.481 0.9984
0.482 0.998416
0.483 0.998456
0.484 0.998497
0.485 0.998521
0.486 0.998537
0.487 0.998545
0.488 0.998545
0.489 0.998561
0.49 0.998585
0.491 0.998585
0.492 0.998601
0.493 0.998617
0.494 0.998633
0.495 0.998649
0.496 0.998665
0.497 0.99869
0.498 0.998722
0.499 0.998738
0.5 0.998786
0.501 0.998802
0.502 0.99881
0.503 0.99881
0.504 0.99881
0.505 0.998834
0.506 0.998858
0.507 0.998866
0.508 0.998883
0.509 0.998907
0.51 0.998915
0.511 0.998915
0.512 0.998915
0.513 0.998923
0.514 0.998939
0.515 0.998963
0.516 0.998987
0.517 0.999003
0.518 0.999003
0.519 0.999003
0.52 0.999027
0.521 0.999043
0.522 0.999059
0.523 0.999075
0.524 0.999075
0.525 0.999075
0.526 0.999075
0.527 0.999084
0.528 0.9991
0.529 0.999116
0.53 0.999124
0.531 0.99914
0.532 0.999164
0.533 0.999164
0.534 0.99918
0.535 0.999196
0.536 0.999204
0.537 0.99922
0.538 0.999228
0.539 0.999228
0.54 0.999228
0.541 0.999252
0.542 0.999252
0.543 0.99926
0.544 0.999276
0.545 0.999293
0.546 0.999301
0.547 0.999325
0.548 0.999341
0.549 0.999365
0.55 0.999381
0.551 0.999389
0.552 0.999405
0.553 0.999413
0.554 0.999429
0.555 0.999429
0.556 0.999429
0.557 0.999437
0.558 0.999453
0.559 0.999453
0.56 0.999461
0.561 0.999469
0.562 0.999502
0.563 0.99951
0.564 0.999526
0.565 0.999526
0.566 0.999526
0.567 0.999542
0.568 0.99955
0.569 0.999566
0.57 0.999574
0.571 0.999574
0.572 0.999574
0.573 0.999574
0.574 0.999582
0.575 0.99959
0.576 0.999598
0.577 0.999606
0.578 0.999614
0.579 0.999622
0.58 0.99963
0.581 0.99963
0.582 0.999646
0.583 0.999646
0.584 0.999646
0.585 0.999646
0.586 0.999646
0.587 0.999646
0.588 0.999654
0.589 0.999654
0.59 0.999654
0.591 0.999654
0.592 0.999654
0.593 0.999662
0.594 0.99967
0.595 0.99967
0.596 0.999678
0.597 0.999686
0.598 0.999686
0.599 0.999686
0.6 0.999695
0.601 0.999695
0.602 0.999695
0.603 0.999711
0.604 0.999711
0.605 0.999711
0.606 0.999719
0.607 0.999727
0.608 0.999727
0.609 0.999727
0.61 0.999727
0.611 0.999727
0.612 0.999735
0.613 0.999759
0.614 0.999767
0.615 0.999767
0.616 0.999775
0.617 0.999775
0.618 0.999775
0.619 0.999783
0.62 0.999799
0.621 0.999799
0.622 0.999799
0.623 0.999807
0.624 0.999815
0.625 0.999823
0.626 0.999823
0.627 0.999831
0.628 0.999831
0.629 0.999831
0.63 0.999831
0.631 0.999831
0.632 0.999831
0.633 0.999839
0.634 0.999839
0.635 0.999847
0.636 0.999847
0.637 0.999847
0.638 0.999847
0.639 0.999855
0.64 0.999855
0.641 0.999855
0.642 0.999855
0.643 0.999855
0.644 0.999863
0.645 0.999863
0.646 0.999871
0.647 0.999871
0.648 0.999879
0.649 0.999879
0.65 0.999879
0.651 0.999879
0.652 0.999887
0.653 0.999887
0.654 0.999895
0.655 0.999895
0.656 0.999895
0.657 0.999904
0.658 0.999904
0.659 0.999904
0.66 0.999904
0.661 0.999904
0.662 0.999904
0.663 0.999904
0.664 0.999912
0.665 0.99992
0.666 0.999928
0.667 0.999928
0.668 0.999936
0.669 0.999936
0.67 0.999936
0.671 0.999936
0.672 0.999936
0.673 0.999936
0.674 0.999936
0.675 0.999936
0.676 0.999936
0.677 0.999944
0.678 0.999944
0.679 0.999944
0.68 0.999944
0.681 0.999944
0.682 0.99996
0.683 0.999968
0.684 0.999976
0.685 0.999976
0.686 0.999976
0.687 0.999976
0.688 0.999976
0.689 0.999976
0.69 0.999976
0.691 0.999976
0.692 0.999984
0.693 1
0.694 1
0.695 1
0.696 1
0.697 1
0.698 1
0.699 1
0.7 1
