365
-42.7 5.11196e-07
-42.5 7.66793e-07
-42.3 1.53359e-06
-42.1 2.30038e-06
-41.9 4.60076e-06
-41.7 5.36755e-06
-41.5 7.66793e-06
-41.3 1.15019e-05
-41.1 1.45691e-05
-40.9 1.99366e-05
-40.7 2.50486e-05
-40.5 3.14385e-05
-40.3 4.42184e-05
-40.1 6.6711e-05
-39.9 0.000103262
-39.7 0.000163583
-39.5 0.000280135
-39.3 0.000449341
-39.1 0.000749668
-38.9 0.00120642
-38.7 0.00191749
-38.5 0.00294295
-38.3 0.00444433
-38.1 0.00655072
-37.9 0.00932983
-37.7 0.0129284
-37.5 0.0174957
-37.3 0.0231158
-37.1 0.0296818
-36.9 0.0373094
-36.7 0.0458289
-36.5 0.0551422
-36.3 0.0651544
-36.1 0.0757454
-35.9 0.0866822
-35.7 0.097807
-35.5 0.108989
-35.3 0.120053
-35.1 0.130947
-34.9 0.141425
-34.7 0.151515
-34.5 0.161223
-34.3 0.170503
-34.1 0.179361
-33.9 0.187748
-33.7 0.195835
-33.5 0.203639
-33.3 0.211108
-33.1 0.21823
-32.9 0.225122
-32.7 0.231701
-32.5 0.238247
-32.3 0.244576
-32.1 0.250786
-31.9 0.256904
-31.7 0.262889
-31.5 0.268723
-31.3 0.27455
-31.1 0.280274
-30.9 0.285911
-30.7 0.291594
-30.5 0.297166
-30.3 0.302732
-30.1 0.308145
-29.9 0.313556
-29.7 0.318969
-29.5 0.324364
-29.3 0.329698
-29.1 0.334931
-28.9 0.340259
-28.7 0.34552
-28.5 0.350745
-28.3 0.355937
-28.1 0.361106
-27.9 0.366258
-27.7 0.37142
-27.5 0.376474
-27.3 0.381587
-27.1 0.386646
-26.9 0.391723
-26.7 0.39678
-26.5 0.401797
-26.3 0.40677
-26.1 0.411815
-25.9 0.416783
-25.7 0.421765
-25.5 0.426734
-25.3 0.431699
-25.1 0.436644
-24.9 0.441571
-24.7 0.446473
-24.5 0.451326
-24.3 0.456204
-24.1 0.461058
-23.9 0.465927
-23.7 0.470792
-23.5 0.475623
-23.3 0.480426
-23.1 0.485282
-22.9 0.490084
-22.7 0.494919
-22.5 0.499715
-22.3 0.504559
-22.1 0.50935
-21.9 0.514165
-21.7 0.519007
-21.5 0.523808
-21.3 0.528638
-21.1 0.533437
-20.9 0.538291
-20.7 0.543058
-20.5 0.547889
-20.3 0.552718
-20.1 0.557516
-19.9 0.562447
-19.7 0.567267
-19.5 0.572047
-19.3 0.576857
-19.1 0.581618
-18.9 0.586399
-18.7 0.591216
-18.5 0.59604
-18.3 0.600804
-18.1 0.605602
-17.9 0.610385
-17.7 0.615164
-17.5 0.619975
-17.3 0.624807
-17.1 0.629581
-16.9 0.634333
-16.7 0.63909
-16.5 0.64391
-16.3 0.648678
-16.1 0.653515
-15.9 0.658209
-15.7 0.662888
-15.5 0.667596
-15.3 0.672288
-15.1 0.677002
-14.9 0.681665
-14.7 0.686291
-14.5 0.690911
-14.3 0.695539
-14.1 0.700135
-13.9 0.704732
-13.7 0.709347
-13.5 0.713998
-13.3 0.718585
-13.1 0.723239
-12.9 0.727831
-12.7 0.732437
-12.5 0.736986
-12.3 0.74155
-12.1 0.746122
-11.9 0.750722
-11.7 0.755228
-11.5 0.759801
-11.3 0.764349
-11.1 0.768867
-10.9 0.773339
-10.7 0.777856
-10.5 0.782288
-10.3 0.786793
-10.1 0.79126
-9.9 0.795647
-9.7 0.800056
-9.5 0.80446
-9.3 0.808792
-9.1 0.813104
-8.9 0.817407
-8.7 0.821732
-8.5 0.825946
-8.3 0.830141
-8.1 0.834322
-7.9 0.83841
-7.7 0.842483
-7.5 0.846557
-7.3 0.850572
-7.1 0.854654
-6.9 0.858618
-6.7 0.862469
-6.5 0.866334
-6.3 0.870143
-6.1 0.873892
-5.9 0.877592
-5.7 0.881262
-5.5 0.884834
-5.3 0.888392
-5.1 0.891837
-4.9 0.895279
-4.7 0.898658
-4.5 0.901991
-4.3 0.905189
-4.1 0.908385
-3.9 0.911526
-3.7 0.914597
-3.5 0.917594
-3.3 0.920465
-3.1 0.923325
-2.9 0.926073
-2.7 0.928739
-2.5 0.931356
-2.3 0.933871
-2.1 0.936347
-1.9 0.938702
-1.7 0.941015
-1.5 0.943246
-1.3 0.945454
-1.1 0.947565
-0.9 0.9496
-0.7 0.951533
-0.5 0.953448
-0.3 0.955298
-0.0999995 0.957078
0.1 0.958805
0.3 0.960457
0.5 0.962034
0.7 0.963611
0.9 0.965145
1.1 0.966622
1.3 0.968016
1.5 0.96938
1.7 0.970682
1.9 0.971987
2.1 0.973232
2.3 0.974427
2.5 0.975569
2.7 0.976708
2.9 0.977835
3.1 0.978879
3.3 0.979927
3.5 0.980882
3.7 0.981844
3.9 0.98275
4.1 0.983632
4.3 0.984464
4.5 0.985294
4.7 0.986044
4.9 0.986784
5.1 0.98747
5.3 0.988129
5.5 0.988752
5.7 0.989344
5.9 0.989917
6.1 0.990473
6.3 0.991001
6.5 0.991512
6.7 0.991986
6.9 0.992459
7.1 0.992924
7.3 0.993404
7.5 0.993853
7.7 0.994287
7.9 0.99469
8.1 0.995084
8.3 0.995453
8.5 0.995806
8.7 0.996152
8.9 0.996478
9.1 0.996781
9.3 0.997076
9.5 0.997347
9.7 0.997596
9.9 0.997822
10.1 0.998051
10.3 0.998256
10.5 0.99844
10.7 0.998606
10.9 0.998755
11.1 0.998894
11.3 0.999024
11.5 0.999127
11.7 0.999218
11.9 0.9993
12.1 0.999376
12.3 0.999445
12.5 0.99951
12.7 0.999564
12.9 0.999606
13.1 0.999644
13.3 0.999677
13.5 0.999702
13.7 0.999727
13.9 0.999745
14.1 0.999766
14.3 0.999784
14.5 0.999799
14.7 0.999811
14.9 0.999819
15.1 0.999829
15.3 0.999834
15.5 0.999843
15.7 0.999848
15.9 0.999855
16.1 0.99986
16.3 0.999863
16.5 0.999867
16.7 0.999868
16.9 0.999871
17.1 0.999875
17.3 0.999879
17.5 0.999881
17.7 0.999882
17.9 0.999884
18.1 0.999886
18.3 0.999888
18.5 0.999891
18.7 0.999892
18.9 0.999893
19.1 0.999896
19.3 0.999898
19.5 0.9999
19.7 0.999902
19.9 0.999903
20.1 0.999905
20.3 0.999907
20.5 0.999908
20.7 0.99991
20.9 0.999913
21.1 0.999916
21.3 0.999917
21.5 0.999918
21.7 0.99992
21.9 0.999922
22.1 0.999924
22.3 0.999926
22.5 0.999928
22.7 0.999929
22.9 0.999931
23.1 0.999933
23.3 0.999936
23.5 0.999938
23.7 0.99994
23.9 0.999942
24.1 0.999944
24.3 0.999945
24.5 0.999948
24.7 0.99995
24.9 0.999953
25.1 0.999954
25.3 0.999957
25.5 0.999958
25.7 0.99996
25.9 0.999962
26.1 0.999963
26.3 0.999966
26.5 0.999967
26.7 0.999969
26.9 0.99997
27.1 0.999973
27.3 0.999975
27.5 0.999976
27.7 0.999979
27.9 0.99998
28.1 0.999982
28.3 0.999983
28.5 0.999986
28.7 0.999987
28.9 0.999988
29.1 0.99999
29.3 0.999993
29.5 0.999994
29.7 0.999997
29.9 0.999999
30.1 1
