400
0.001 0.00648852
0.002 0.0130166
0.003 0.0195833
0.004 0.0260727
0.005 0.0326988
0.006 0.0391713
0.007 0.0457106
0.008 0.0522576
0.009 0.0589156
0.01 0.0654503
0.011 0.0720999
0.012 0.0786873
0.013 0.0854659
0.014 0.0921296
0.015 0.098781
0.016 0.105417
0.017 0.112032
0.018 0.118806
0.019 0.125507
0.02 0.132186
0.021 0.138863
0.022 0.145698
0.023 0.152586
0.024 0.15932
0.025 0.166166
0.026 0.172953
0.027 0.179658
0.028 0.186502
0.029 0.193287
0.03 0.199926
0.031 0.206677
0.032 0.213448
0.033 0.220323
0.034 0.227234
0.035 0.234225
0.036 0.241137
0.037 0.2481
0.038 0.254925
0.039 0.261834
0.04 0.268659
0.041 0.275547
0.042 0.282331
0.043 0.289229
0.044 0.296011
0.045 0.302777
0.046 0.309589
0.047 0.316358
0.048 0.323225
0.049 0.330133
0.05 0.336958
0.051 0.34376
0.052 0.350642
0.053 0.357578
0.054 0.364457
0.055 0.371172
0.056 0.378032
0.057 0.384805
0.058 0.391565
0.059 0.398446
0.06 0.405428
0.061 0.412226
0.062 0.419013
0.063 0.425842
0.064 0.432732
0.065 0.439681
0.066 0.446618
0.067 0.453497
0.068 0.460203
0.069 0.466952
0.07 0.473737
0.071 0.480609
0.072 0.48749
0.073 0.49428
0.074 0.501026
0.075 0.507833
0.076 0.514407
0.077 0.521144
0.078 0.527865
0.079 0.534708
0.08 0.541436
0.081 0.548211
0.082 0.555042
0.083 0.561845
0.084 0.568558
0.085 0.575282
0.086 0.582035
0.087 0.588529
0.088 0.595212
0.089 0.601922
0.09 0.608751
0.091 0.615396
0.092 0.622134
0.093 0.628725
0.094 0.635237
0.095 0.641664
0.096 0.64809
0.097 0.654545
0.098 0.660878
0.099 0.667301
0.1 0.673502
0.101 0.679929
0.102 0.686263
0.103 0.692462
0.104 0.698723
0.105 0.704815
0.106 0.711093
0.107 0.717258
0.108 0.723371
0.109 0.729356
0.11 0.735275
0.111 0.741219
0.112 0.747172
0.113 0.75299
0.114 0.758634
0.115 0.76425
0.116 0.769813
0.117 0.775291
0.118 0.78075
0.119 0.785974
0.12 0.791185
0.121 0.796353
0.122 0.801567
0.123 0.806556
0.124 0.811506
0.125 0.816318
0.126 0.821059
0.127 0.825748
0.128 0.830242
0.129 0.834619
0.13 0.838836
0.131 0.843038
0.132 0.847051
0.133 0.850953
0.134 0.854865
0.135 0.858602
0.136 0.862186
0.137 0.865815
0.138 0.869168
0.139 0.872544
0.14 0.875764
0.141 0.878963
0.142 0.881905
0.143 0.884845
0.144 0.887755
0.145 0.890488
0.146 0.893038
0.147 0.895581
0.148 0.898055
0.149 0.900336
0.15 0.90258
0.151 0.904812
0.152 0.906996
0.153 0.90907
0.154 0.910992
0.155 0.912875
0.156 0.914702
0.157 0.916418
0.158 0.918143
0.159 0.919864
0.16 0.921519
0.161 0.923082
0.162 0.924599
0.163 0.926145
0.164 0.927637
0.165 0.929121
0.166 0.930505
0.167 0.931839
0.168 0.933127
0.169 0.934474
0.17 0.935742
0.171 0.936923
0.172 0.938086
0.173 0.939246
0.174 0.940454
0.175 0.941577
0.176 0.942695
0.177 0.943764
0.178 0.944802
0.179 0.945789
0.18 0.946791
0.181 0.947758
0.182 0.948688
0.183 0.94963
0.184 0.950521
0.185 0.951392
0.186 0.952276
0.187 0.95312
0.188 0.954027
0.189 0.954848
0.19 0.955659
0.191 0.956389
0.192 0.957165
0.193 0.95791
0.194 0.958665
0.195 0.959354
0.196 0.960038
0.197 0.960715
0.198 0.961357
0.199 0.962029
0.2 0.962679
0.201 0.963289
0.202 0.963894
0.203 0.964488
0.204 0.965046
0.205 0.965623
0.206 0.966195
0.207 0.966772
0.208 0.967335
0.209 0.967865
0.21 0.968367
0.211 0.968871
0.212 0.969387
0.213 0.969897
0.214 0.970364
0.215 0.970845
0.216 0.971304
0.217 0.971777
0.218 0.97224
0.219 0.972688
0.22 0.973108
0.221 0.973503
0.222 0.973935
0.223 0.97433
0.224 0.974705
0.225 0.975087
0.226 0.975497
0.227 0.975917
0.228 0.976294
0.229 0.97671
0.23 0.977077
0.231 0.977414
0.232 0.977799
0.233 0.978174
0.234 0.978549
0.235 0.978869
0.236 0.979179
0.237 0.979518
0.238 0.979851
0.239 0.980184
0.24 0.980469
0.241 0.98075
0.242 0.981024
0.243 0.981327
0.244 0.981607
0.245 0.98188
0.246 0.982125
0.247 0.982378
0.248 0.982643
0.249 0.982883
0.25 0.983142
0.251 0.983369
0.252 0.983615
0.253 0.98388
0.254 0.984124
0.255 0.984373
0.256 0.984616
0.257 0.98486
0.258 0.985093
0.259 0.985299
0.26 0.985539
0.261 0.985774
0.262 0.985981
0.263 0.986185
0.264 0.986388
0.265 0.986611
0.266 0.98681
0.267 0.987003
0.268 0.987177
0.269 0.987371
0.27 0.987564
0.271 0.987761
0.272 0.987918
0.273 0.988102
0.274 0.988284
0.275 0.988473
0.276 0.988642
0.277 0.988819
0.278 0.988993
0.279 0.989158
0.28 0.98931
0.281 0.989477
0.282 0.989644
0.283 0.989792
0.284 0.989963
0.285 0.990107
0.286 0.9903
0.287 0.990459
0.288 0.990606
0.289 0.990753
0.29 0.990899
0.291 0.991039
0.292 0.991188
0.293 0.991327
0.294 0.99148
0.295 0.991606
0.296 0.991735
0.297 0.991865
0.298 0.991997
0.299 0.992122
0.3 0.992248
0.301 0.992363
0.302 0.9925
0.303 0.992619
0.304 0.992732
0.305 0.992849
0.306 0.99297
0.307 0.993084
0.308 0.993207
0.309 0.993332
0.31 0.993446
0.311 0.993553
0.312 0.993679
0.313 0.993788
0.314 0.993914
0.315 0.994021
0.316 0.994124
0.317 0.994213
0.318 0.994331
0.319 0.994435
0.32 0.994528
0.321 0.994621
0.322 0.994726
0.323 0.99482
0.324 0.994921
0.325 0.995017
0.326 0.995129
0.327 0.995241
0.328 0.995338
0.329 0.995429
0.33 0.995517
0.331 0.99559
0.332 0.995676
0.333 0.995753
0.334 0.995832
0.335 0.995911
0.336 0.995992
0.337 0.996102
0.338 0.996194
0.339 0.99626
0.34 0.996339
0.341 0.996423
0.342 0.996509
0.343 0.996603
0.344 0.99668
0.345 0.996745
0.346 0.996832
0.347 0.996907
0.348 0.996986
0.349 0.997054
0.35 0.997137
0.351 0.997201
0.352 0.997275
0.353 0.99735
0.354 0.997413
0.355 0.997468
0.356 0.997521
0.357 0.997603
0.358 0.997671
0.359 0.997737
0.36 0.997804
0.361 0.99786
0.362 0.99792
0.363 0.997981
0.364 0.998035
0.365 0.998096
0.366 0.998163
0.367 0.998224
0.368 0.998291
0.369 0.99835
0.37 0.998412
0.371 0.998475
0.372 0.998534
0.373 0.998586
0.374 0.998637
0.375 0.998696
0.376 0.998759
0.377 0.998825
0.378 0.998885
0.379 0.998942
0.38 0.998994
0.381 0.999052
0.382 0.999103
0.383 0.999167
0.384 0.999227
0.385 0.999278
0.386 0.999334
0.387 0.999399
0.388 0.999441
0.389 0.999492
0.39 0.999545
0.391 0.999591
0.392 0.999648
0.393 0.99969
0.394 0.999733
0.395 0.999777
0.396 0.999815
0.397 0.999871
0.398 0.999915
0.399 0.999956
0.4 1
