700
0.001 0.00369339
0.002 0.00745489
0.003 0.0115116
0.004 0.015152
0.005 0.0186486
0.006 0.0226901
0.007 0.0262548
0.008 0.0299331
0.009 0.0336946
0.01 0.0377134
0.011 0.0416793
0.012 0.0453954
0.013 0.049278
0.014 0.0532287
0.015 0.0570961
0.016 0.0610847
0.017 0.0650733
0.018 0.0689407
0.019 0.072952
0.02 0.0768573
0.021 0.0807172
0.022 0.0846452
0.023 0.0886716
0.024 0.0925466
0.025 0.0963384
0.026 0.100244
0.027 0.103869
0.028 0.107971
0.029 0.112103
0.03 0.115888
0.031 0.120058
0.032 0.124455
0.033 0.128534
0.034 0.132599
0.035 0.136701
0.036 0.140538
0.037 0.144701
0.038 0.148674
0.039 0.152761
0.04 0.157007
0.041 0.160738
0.042 0.164878
0.043 0.168927
0.044 0.172848
0.045 0.177177
0.046 0.181082
0.047 0.184881
0.048 0.188915
0.049 0.193154
0.05 0.197135
0.051 0.201396
0.052 0.205452
0.053 0.209471
0.054 0.213452
0.055 0.217554
0.056 0.222057
0.057 0.226167
0.058 0.230156
0.059 0.234114
0.06 0.238277
0.061 0.24231
0.062 0.246541
0.063 0.25078
0.064 0.254859
0.065 0.258757
0.066 0.262783
0.067 0.266961
0.068 0.271169
0.069 0.275369
0.07 0.279759
0.071 0.283816
0.072 0.288266
0.073 0.29261
0.074 0.296682
0.075 0.300837
0.076 0.305287
0.077 0.30948
0.078 0.313726
0.079 0.31801
0.08 0.322362
0.081 0.32657
0.082 0.331005
0.083 0.335553
0.084 0.339739
0.085 0.344189
0.086 0.348518
0.087 0.352953
0.088 0.357366
0.089 0.362028
0.09 0.366675
0.091 0.371034
0.092 0.375537
0.093 0.380101
0.094 0.384619
0.095 0.389251
0.096 0.393777
0.097 0.398076
0.098 0.402685
0.099 0.407325
0.1 0.412078
0.101 0.416891
0.102 0.421599
0.103 0.426163
0.104 0.430787
0.105 0.435472
0.106 0.440126
0.107 0.444584
0.108 0.449451
0.109 0.454378
0.11 0.459252
0.111 0.463838
0.112 0.468901
0.113 0.473511
0.114 0.478369
0.115 0.483327
0.116 0.488171
0.117 0.492855
0.118 0.497661
0.119 0.502808
0.12 0.507788
0.121 0.512435
0.122 0.517332
0.123 0.521994
0.124 0.526732
0.125 0.531205
0.126 0.53651
0.127 0.541793
0.128 0.546372
0.129 0.550928
0.13 0.555613
0.131 0.560608
0.132 0.56558
0.133 0.570205
0.134 0.575518
0.135 0.580626
0.136 0.585758
0.137 0.590707
0.138 0.595627
0.139 0.600448
0.14 0.605307
0.141 0.610075
0.142 0.614836
0.143 0.61971
0.144 0.624561
0.145 0.629564
0.146 0.634635
0.147 0.639804
0.148 0.644882
0.149 0.64965
0.15 0.654903
0.151 0.660049
0.152 0.664886
0.153 0.66957
0.154 0.674649
0.155 0.679379
0.156 0.684223
0.157 0.689415
0.158 0.693971
0.159 0.698959
0.16 0.703401
0.161 0.708593
0.162 0.713467
0.163 0.718311
0.164 0.723231
0.165 0.727772
0.166 0.732131
0.167 0.736891
0.168 0.741243
0.169 0.745504
0.17 0.75031
0.171 0.754617
0.172 0.758711
0.173 0.762942
0.174 0.767074
0.175 0.770957
0.176 0.77484
0.177 0.779032
0.178 0.783059
0.179 0.786941
0.18 0.790574
0.181 0.794139
0.182 0.797545
0.183 0.800837
0.184 0.804167
0.185 0.807777
0.186 0.810926
0.187 0.814052
0.188 0.817215
0.189 0.820129
0.19 0.822854
0.191 0.82573
0.192 0.828772
0.193 0.831323
0.194 0.833881
0.195 0.836462
0.196 0.838876
0.197 0.841207
0.198 0.843652
0.199 0.84599
0.2 0.848223
0.201 0.850289
0.202 0.852446
0.203 0.854686
0.204 0.856737
0.205 0.858539
0.206 0.860605
0.207 0.862732
0.208 0.864745
0.209 0.866523
0.21 0.868302
0.211 0.870058
0.212 0.871791
0.213 0.873373
0.214 0.875091
0.215 0.876635
0.216 0.878338
0.217 0.879821
0.218 0.881539
0.219 0.88303
0.22 0.884544
0.221 0.886012
0.222 0.887473
0.223 0.888926
0.224 0.890538
0.225 0.892014
0.226 0.89355
0.227 0.895056
0.228 0.896532
0.229 0.898
0.23 0.899461
0.231 0.90105
0.232 0.902526
0.233 0.904108
0.234 0.905645
0.235 0.906969
0.236 0.908483
0.237 0.910117
0.238 0.911578
0.239 0.912963
0.24 0.914356
0.241 0.915839
0.242 0.917474
0.243 0.919078
0.244 0.920736
0.245 0.922499
0.246 0.924202
0.247 0.925693
0.248 0.927267
0.249 0.928668
0.25 0.929924
0.251 0.931362
0.252 0.932702
0.253 0.93423
0.254 0.935721
0.255 0.937159
0.256 0.938688
0.257 0.93999
0.258 0.941254
0.259 0.942578
0.26 0.944047
0.261 0.945371
0.262 0.946643
0.263 0.947869
0.264 0.949186
0.265 0.950359
0.266 0.951713
0.267 0.952985
0.268 0.954378
0.269 0.955649
0.27 0.956746
0.271 0.958041
0.272 0.959184
0.273 0.960251
0.274 0.961416
0.275 0.96243
0.276 0.963384
0.277 0.964421
0.278 0.965564
0.279 0.966502
0.28 0.967486
0.281 0.968478
0.282 0.969439
0.283 0.970423
0.284 0.971278
0.285 0.97208
0.286 0.972875
0.287 0.973579
0.288 0.974426
0.289 0.975251
0.29 0.975932
0.291 0.976492
0.292 0.977113
0.293 0.977696
0.294 0.978286
0.295 0.978808
0.296 0.979323
0.297 0.979921
0.298 0.980368
0.299 0.980867
0.3 0.981314
0.301 0.981737
0.302 0.982214
0.303 0.982638
0.304 0.983054
0.305 0.983455
0.306 0.983811
0.307 0.984159
0.308 0.98447
0.309 0.984795
0.31 0.985098
0.311 0.985438
0.312 0.985726
0.313 0.986021
0.314 0.986271
0.315 0.986543
0.316 0.986876
0.317 0.987134
0.318 0.987459
0.319 0.987679
0.32 0.98786
0.321 0.988133
0.322 0.988314
0.323 0.988519
0.324 0.9887
0.325 0.988882
0.326 0.989018
0.327 0.9892
0.328 0.989374
0.329 0.989525
0.33 0.989783
0.331 0.989964
0.332 0.990153
0.333 0.990252
0.334 0.990426
0.335 0.990592
0.336 0.990751
0.337 0.990888
0.338 0.991031
0.339 0.99119
0.34 0.991311
0.341 0.991433
0.342 0.991629
0.343 0.991788
0.344 0.991955
0.345 0.992083
0.346 0.992174
0.347 0.992363
0.348 0.992485
0.349 0.99256
0.35 0.992643
0.351 0.992727
0.352 0.99278
0.353 0.992871
0.354 0.992946
0.355 0.993029
0.356 0.993166
0.357 0.993294
0.358 0.993438
0.359 0.993521
0.36 0.993574
0.361 0.993665
0.362 0.993756
0.363 0.993854
0.364 0.993945
0.365 0.994044
0.366 0.99418
0.367 0.99421
0.368 0.994301
0.369 0.994415
0.37 0.994498
0.371 0.994589
0.372 0.994657
0.373 0.994732
0.374 0.994823
0.375 0.994891
0.376 0.994952
0.377 0.995035
0.378 0.995118
0.379 0.995224
0.38 0.9953
0.381 0.995368
0.382 0.995414
0.383 0.995482
0.384 0.995542
0.385 0.995603
0.386 0.995656
0.387 0.995701
0.388 0.995769
0.389 0.995822
0.39 0.995845
0.391 0.995921
0.392 0.995996
0.393 0.996087
0.394 0.99611
0.395 0.996163
0.396 0.996216
0.397 0.996254
0.398 0.996322
0.399 0.99636
0.4 0.996428
0.401 0.996481
0.402 0.996526
0.403 0.996572
0.404 0.996609
0.405 0.996647
0.406 0.996685
0.407 0.996723
0.408 0.996776
0.409 0.996844
0.41 0.996844
0.411 0.996874
0.412 0.996905
0.413 0.99692
0.414 0.996942
0.415 0.99698
0.416 0.997018
0.417 0.997048
0.418 0.997063
0.419 0.997079
0.42 0.997116
0.421 0.997169
0.422 0.997185
0.423 0.997222
0.424 0.99726
0.425 0.997298
0.426 0.997321
0.427 0.997366
0.428 0.997374
0.429 0.997396
0.43 0.997419
0.431 0.997442
0.432 0.99748
0.433 0.99748
0.434 0.997495
0.435 0.997525
0.436 0.997533
0.437 0.997578
0.438 0.997601
0.439 0.997639
0.44 0.997669
0.441 0.997684
0.442 0.997692
0.443 0.997714
0.444 0.997729
0.445 0.997775
0.446 0.997775
0.447 0.997782
0.448 0.997835
0.449 0.997858
0.45 0.997888
0.451 0.997904
0.452 0.997934
0.453 0.997949
0.454 0.997957
0.455 0.997979
0.456 0.998002
0.457 0.99804
0.458 0.998047
0.459 0.998062
0.46 0.998078
0.461 0.998115
0.462 0.998138
0.463 0.998146
0.464 0.998168
0.465 0.998184
0.466 0.998199
0.467 0.998221
0.468 0.998244
0.469 0.998259
0.47 0.998274
0.471 0.998297
0.472 0.998312
0.473 0.998335
0.474 0.99835
0.475 0.998358
0.476 0.998373
0.477 0.998411
0.478 0.998418
0.479 0.998426
0.48 0.998448
0.481 0.998471
0.482 0.998494
0.483 0.998509
0.484 0.998547
0.485 0.998547
0.486 0.998562
0.487 0.99857
0.488 0.998592
0.489 0.998615
0.49 0.998638
0.491 0.998653
0.492 0.998653
0.493 0.998676
0.494 0.998691
0.495 0.998713
0.496 0.998721
0.497 0.998736
0.498 0.998751
0.499 0.998804
0.5 0.998827
0.501 0.998842
0.502 0.99885
0.503 0.998865
0.504 0.99888
0.505 0.998887
0.506 0.998903
0.507 0.99891
0.508 0.998925
0.509 0.998948
0.51 0.998948
0.511 0.998956
0.512 0.998963
0.513 0.998978
0.514 0.998978
0.515 0.998993
0.516 0.999009
0.517 0.999031
0.518 0.999054
0.519 0.999054
0.52 0.999069
0.521 0.999069
0.522 0.999084
0.523 0.999092
0.524 0.999114
0.525 0.999114
0.526 0.999122
0.527 0.999122
0.528 0.999137
0.529 0.999145
0.53 0.999145
0.531 0.999145
0.532 0.999183
0.533 0.999205
0.534 0.999213
0.535 0.999213
0.536 0.999236
0.537 0.999243
0.538 0.999251
0.539 0.999251
0.54 0.999251
0.541 0.999258
0.542 0.999266
0.543 0.999289
0.544 0.999319
0.545 0.999319
0.546 0.999334
0.547 0.999357
0.548 0.999364
0.549 0.999372
0.55 0.999379
0.551 0.999395
0.552 0.999432
0.553 0.999432
0.554 0.999432
0.555 0.999432
0.556 0.999432
0.557 0.99944
0.558 0.999455
0.559 0.999463
0.56 0.99947
0.561 0.999485
0.562 0.999493
0.563 0.9995
0.564 0.999523
0.565 0.999538
0.566 0.999538
0.567 0.999546
0.568 0.999553
0.569 0.999561
0.57 0.999569
0.571 0.999576
0.572 0.999576
0.573 0.999576
0.574 0.999584
0.575 0.999599
0.576 0.999599
0.577 0.999614
0.578 0.999614
0.579 0.999622
0.58 0.999622
0.581 0.999629
0.582 0.999637
0.583 0.999637
0.584 0.999644
0.585 0.999644
0.586 0.999644
0.587 0.999644
0.588 0.999644
0.589 0.999659
0.59 0.999659
0.591 0.999659
0.592 0.999667
0.593 0.999667
0.594 0.999675
0.595 0.999675
0.596 0.999675
0.597 0.999682
0.598 0.99969
0.599 0.99969
0.6 0.99969
0.601 0.99969
0.602 0.999697
0.603 0.999697
0.604 0.999697
0.605 0.999705
0.606 0.999705
0.607 0.999705
0.608 0.99972
0.609 0.99972
0.61 0.99972
0.611 0.999728
0.612 0.999728
0.613 0.999743
0.614 0.99975
0.615 0.99975
0.616 0.999765
0.617 0.999765
0.618 0.999773
0.619 0.999773
0.62 0.999781
0.621 0.999781
0.622 0.999796
0.623 0.999803
0.624 0.999803
0.625 0.999803
0.626 0.999803
0.627 0.999811
0.628 0.999818
0.629 0.999818
0.63 0.999818
0.631 0.999818
0.632 0.999818
0.633 0.999818
0.634 0.999826
0.635 0.999833
0.636 0.999833
0.637 0.999833
0.638 0.999833
0.639 0.999849
0.64 0.999849
0.641 0.999849
0.642 0.999856
0.643 0.999856
0.644 0.999856
0.645 0.999856
0.646 0.999864
0.647 0.999864
0.648 0.999871
0.649 0.999879
0.65 0.999879
0.651 0.999879
0.652 0.999879
0.653 0.999886
0.654 0.999886
0.655 0.999886
0.656 0.999894
0.657 0.999894
0.658 0.999902
0.659 0.999902
0.66 0.999902
0.661 0.999902
0.662 0.999902
0.663 0.999909
0.664 0.999909
0.665 0.999924
0.666 0.999924
0.667 0.999924
0.668 0.999924
0.669 0.999932
0.67 0.999932
0.671 0.999932
0.672 0.999932
0.673 0.999932
0.674 0.999932
0.675 0.999932
0.676 0.999939
0.677 0.999939
0.678 0.999939
0.679 0.999947
0.68 0.999955
0.681 0.999955
0.682 0.999962
0.683 0.999977
0.684 0.999977
0.685 0.999977
0.686 0.999977
0.687 0.999977
0.688 0.999977
0.689 0.999977
0.69 0.999977
0.691 0.999985
0.692 0.999992
0.693 1
0.694 1
0.695 1
0.696 1
0.697 1
0.698 1
0.699 1
0.7 1
