400
0 0
0.001 0.00706357
0.002 0.0191726
0.003 0.0272452
0.004 0.0383451
0.005 0.0443996
0.006 0.0534813
0.007 0.0585267
0.008 0.0665994
0.009 0.073663
0.01 0.0827447
0.011 0.0948537
0.012 0.104945
0.013 0.10999
0.014 0.12109
0.015 0.13219
0.016 0.141271
0.017 0.15439
0.018 0.16448
0.019 0.17558
0.02 0.180626
0.021 0.184662
0.022 0.196771
0.023 0.205853
0.024 0.216953
0.025 0.228052
0.026 0.236125
0.027 0.246216
0.028 0.25227
0.029 0.259334
0.03 0.271443
0.031 0.280525
0.032 0.291625
0.033 0.299697
0.034 0.305752
0.035 0.308779
0.036 0.315843
0.037 0.320888
0.038 0.32997
0.039 0.344097
0.04 0.35116
0.041 0.361251
0.042 0.374369
0.043 0.381433
0.044 0.386478
0.045 0.393542
0.046 0.405651
0.047 0.412714
0.048 0.422805
0.049 0.432896
0.05 0.435923
0.051 0.445005
0.052 0.454087
0.053 0.465187
0.054 0.47225
0.055 0.477296
0.056 0.485368
0.057 0.488396
0.058 0.497477
0.059 0.503532
0.06 0.509586
0.061 0.522704
0.062 0.536831
0.063 0.543895
0.064 0.557013
0.065 0.563068
0.066 0.57114
0.067 0.585267
0.068 0.599395
0.069 0.612513
0.07 0.617558
0.071 0.625631
0.072 0.631685
0.073 0.640767
0.074 0.646821
0.075 0.659939
0.076 0.671039
0.077 0.683148
0.078 0.697275
0.079 0.708375
0.08 0.716448
0.081 0.727548
0.082 0.739657
0.083 0.752775
0.084 0.766902
0.085 0.776993
0.086 0.793138
0.087 0.801211
0.088 0.805247
0.089 0.816347
0.09 0.820383
0.091 0.828456
0.092 0.842583
0.093 0.851665
0.094 0.857719
0.095 0.86781
0.096 0.875883
0.097 0.879919
0.098 0.883956
0.099 0.89001
0.1 0.895055
0.101 0.903128
0.102 0.905146
0.103 0.907164
0.104 0.910192
0.105 0.915237
0.106 0.920283
0.107 0.924319
0.108 0.930373
0.109 0.935419
0.11 0.937437
0.111 0.939455
0.112 0.940464
0.113 0.943491
0.114 0.944501
0.115 0.947528
0.116 0.950555
0.117 0.953582
0.118 0.957619
0.119 0.961655
0.12 0.963673
0.121 0.965691
0.122 0.9667
0.123 0.968718
0.124 0.971746
0.125 0.972755
0.126 0.973764
0.127 0.974773
0.128 0.9778
0.129 0.979818
0.13 0.979818
0.131 0.979818
0.132 0.980827
0.133 0.980827
0.134 0.980827
0.135 0.980827
0.136 0.982846
0.137 0.983855
0.138 0.984864
0.139 0.984864
0.14 0.987891
0.141 0.987891
0.142 0.987891
0.143 0.987891
0.144 0.987891
0.145 0.9889
0.146 0.9889
0.147 0.9889
0.148 0.9889
0.149 0.9889
0.15 0.990918
0.151 0.990918
0.152 0.990918
0.153 0.990918
0.154 0.990918
0.155 0.990918
0.156 0.991927
0.157 0.991927
0.158 0.991927
0.159 0.991927
0.16 0.991927
0.161 0.991927
0.162 0.991927
0.163 0.991927
0.164 0.991927
0.165 0.992936
0.166 0.992936
0.167 0.992936
0.168 0.992936
0.169 0.993946
0.17 0.993946
0.171 0.993946
0.172 0.993946
0.173 0.993946
0.174 0.993946
0.175 0.993946
0.176 0.993946
0.177 0.993946
0.178 0.993946
0.179 0.993946
0.18 0.993946
0.181 0.993946
0.182 0.993946
0.183 0.993946
0.184 0.993946
0.185 0.993946
0.186 0.993946
0.187 0.993946
0.188 0.993946
0.189 0.993946
0.19 0.993946
0.191 0.994955
0.192 0.994955
0.193 0.994955
0.194 0.994955
0.195 0.994955
0.196 0.994955
0.197 0.994955
0.198 0.994955
0.199 0.994955
0.2 0.994955
0.201 0.994955
0.202 0.994955
0.203 0.994955
0.204 0.994955
0.205 0.994955
0.206 0.994955
0.207 0.994955
0.208 0.994955
0.209 0.994955
0.21 0.994955
0.211 0.994955
0.212 0.994955
0.213 0.994955
0.214 0.994955
0.215 0.994955
0.216 0.994955
0.217 0.994955
0.218 0.994955
0.219 0.994955
0.22 0.995964
0.221 0.995964
0.222 0.995964
0.223 0.995964
0.224 0.995964
0.225 0.995964
0.226 0.995964
0.227 0.995964
0.228 0.995964
0.229 0.995964
0.23 0.995964
0.231 0.995964
0.232 0.995964
0.233 0.995964
0.234 0.995964
0.235 0.995964
0.236 0.995964
0.237 0.995964
0.238 0.995964
0.239 0.995964
0.24 0.995964
0.241 0.995964
0.242 0.995964
0.243 0.995964
0.244 0.995964
0.245 0.995964
0.246 0.995964
0.247 0.995964
0.248 0.995964
0.249 0.995964
0.25 0.995964
0.251 0.995964
0.252 0.995964
0.253 0.995964
0.254 0.995964
0.255 0.995964
0.256 0.995964
0.257 0.995964
0.258 0.995964
0.259 0.996973
0.26 0.996973
0.261 0.996973
0.262 0.996973
0.263 0.996973
0.264 0.996973
0.265 0.996973
0.266 0.996973
0.267 0.996973
0.268 0.996973
0.269 0.996973
0.27 0.996973
0.271 0.996973
0.272 0.996973
0.273 0.996973
0.274 0.996973
0.275 0.996973
0.276 0.996973
0.277 0.996973
0.278 0.996973
0.279 0.996973
0.28 0.996973
0.281 0.996973
0.282 0.996973
0.283 0.996973
0.284 0.996973
0.285 0.996973
0.286 0.996973
0.287 0.996973
0.288 0.996973
0.289 0.996973
0.29 0.996973
0.291 0.996973
0.292 0.996973
0.293 0.996973
0.294 0.996973
0.295 0.996973
0.296 0.996973
0.297 0.996973
0.298 0.996973
0.299 0.996973
0.3 0.996973
0.301 0.996973
0.302 0.996973
0.303 0.996973
0.304 0.996973
0.305 0.996973
0.306 0.996973
0.307 0.996973
0.308 0.996973
0.309 0.996973
0.31 0.996973
0.311 0.996973
0.312 0.996973
0.313 0.996973
0.314 0.996973
0.315 0.996973
0.316 0.996973
0.317 0.996973
0.318 0.996973
0.319 0.996973
0.32 0.996973
0.321 0.996973
0.322 0.996973
0.323 0.996973
0.324 0.996973
0.325 0.996973
0.326 0.996973
0.327 0.996973
0.328 0.996973
0.329 0.996973
0.33 0.996973
0.331 0.996973
0.332 0.997982
0.333 0.997982
0.334 0.997982
0.335 0.997982
0.336 0.997982
0.337 0.997982
0.338 0.997982
0.339 0.997982
0.34 0.997982
0.341 0.997982
0.342 0.997982
0.343 0.997982
0.344 0.997982
0.345 0.997982
0.346 0.997982
0.347 0.997982
0.348 0.997982
0.349 0.997982
0.35 0.997982
0.351 0.997982
0.352 0.997982
0.353 0.997982
0.354 0.997982
0.355 0.997982
0.356 0.997982
0.357 0.997982
0.358 0.997982
0.359 0.997982
0.36 0.997982
0.361 0.997982
0.362 0.997982
0.363 0.997982
0.364 0.997982
0.365 0.997982
0.366 0.997982
0.367 0.997982
0.368 0.998991
0.369 0.998991
0.37 0.998991
0.371 0.998991
0.372 0.998991
0.373 0.998991
0.374 0.998991
0.375 0.998991
0.376 0.998991
0.377 0.998991
0.378 0.998991
0.379 0.998991
0.38 0.998991
0.381 0.998991
0.382 1
0.383 1
0.384 1
0.385 1
0.386 1
0.387 1
0.388 1
0.389 1
0.39 1
0.391 1
0.392 1
0.393 1
0.394 1
0.395 1
0.396 1
0.397 1
0.398 1
0.399 1
0.4 1
