400
0 0
0.001 0.00589391
0.002 0.00785855
0.003 0.0137525
0.004 0.024558
0.005 0.0333988
0.006 0.0392927
0.007 0.0500982
0.008 0.0579568
0.009 0.0628684
0.01 0.06778
0.011 0.0815324
0.012 0.0903733
0.013 0.0972495
0.014 0.101179
0.015 0.11002
0.016 0.121807
0.017 0.128684
0.018 0.13556
0.019 0.143418
0.02 0.154224
0.021 0.166012
0.022 0.179764
0.023 0.185658
0.024 0.19057
0.025 0.195481
0.026 0.204322
0.027 0.213163
0.028 0.225933
0.029 0.235756
0.03 0.243615
0.031 0.252456
0.032 0.259332
0.033 0.266208
0.034 0.277996
0.035 0.288802
0.036 0.305501
0.037 0.317289
0.038 0.323183
0.039 0.329077
0.04 0.336935
0.041 0.347741
0.042 0.361493
0.043 0.373281
0.044 0.383104
0.045 0.38998
0.046 0.397839
0.047 0.408644
0.048 0.414538
0.049 0.423379
0.05 0.435167
0.051 0.44499
0.052 0.448919
0.053 0.459725
0.054 0.473477
0.055 0.478389
0.056 0.486248
0.057 0.496071
0.058 0.504912
0.059 0.516699
0.06 0.520629
0.061 0.526523
0.062 0.533399
0.063 0.540275
0.064 0.551081
0.065 0.560904
0.066 0.566798
0.067 0.571709
0.068 0.587426
0.069 0.595285
0.07 0.603143
0.071 0.614931
0.072 0.620825
0.073 0.628684
0.074 0.637525
0.075 0.647348
0.076 0.656189
0.077 0.663065
0.078 0.670923
0.079 0.683694
0.08 0.693517
0.081 0.704322
0.082 0.711198
0.083 0.722004
0.084 0.729862
0.085 0.736739
0.086 0.748527
0.087 0.75835
0.088 0.77112
0.089 0.78389
0.09 0.794695
0.091 0.803536
0.092 0.812377
0.093 0.825147
0.094 0.827112
0.095 0.835953
0.096 0.839882
0.097 0.850688
0.098 0.861493
0.099 0.871316
0.1 0.878193
0.101 0.885069
0.102 0.890963
0.103 0.898821
0.104 0.903733
0.105 0.908644
0.106 0.913556
0.107 0.915521
0.108 0.920432
0.109 0.922397
0.11 0.927308
0.111 0.930255
0.112 0.934185
0.113 0.938114
0.114 0.943026
0.115 0.944008
0.116 0.945973
0.117 0.948919
0.118 0.953831
0.119 0.954813
0.12 0.958743
0.121 0.96169
0.122 0.963654
0.123 0.966601
0.124 0.971513
0.125 0.973477
0.126 0.97446
0.127 0.975442
0.128 0.976424
0.129 0.976424
0.13 0.977407
0.131 0.977407
0.132 0.979371
0.133 0.980354
0.134 0.981336
0.135 0.983301
0.136 0.983301
0.137 0.984283
0.138 0.986248
0.139 0.986248
0.14 0.98723
0.141 0.988212
0.142 0.989195
0.143 0.989195
0.144 0.989195
0.145 0.990177
0.146 0.991159
0.147 0.991159
0.148 0.991159
0.149 0.992141
0.15 0.993124
0.151 0.993124
0.152 0.993124
0.153 0.993124
0.154 0.994106
0.155 0.994106
0.156 0.994106
0.157 0.994106
0.158 0.994106
0.159 0.994106
0.16 0.994106
0.161 0.994106
0.162 0.994106
0.163 0.994106
0.164 0.994106
0.165 0.994106
0.166 0.994106
0.167 0.994106
0.168 0.994106
0.169 0.994106
0.17 0.994106
0.171 0.995088
0.172 0.995088
0.173 0.995088
0.174 0.995088
0.175 0.995088
0.176 0.995088
0.177 0.995088
0.178 0.995088
0.179 0.995088
0.18 0.995088
0.181 0.995088
0.182 0.995088
0.183 0.996071
0.184 0.997053
0.185 0.997053
0.186 0.997053
0.187 0.997053
0.188 0.997053
0.189 0.997053
0.19 0.997053
0.191 0.997053
0.192 0.997053
0.193 0.997053
0.194 0.997053
0.195 0.997053
0.196 0.997053
0.197 0.997053
0.198 0.997053
0.199 0.997053
0.2 0.997053
0.201 0.997053
0.202 0.997053
0.203 0.997053
0.204 0.997053
0.205 0.997053
0.206 0.997053
0.207 0.997053
0.208 0.997053
0.209 0.997053
0.21 0.997053
0.211 0.997053
0.212 0.997053
0.213 0.997053
0.214 0.997053
0.215 0.997053
0.216 0.997053
0.217 0.997053
0.218 0.997053
0.219 0.997053
0.22 0.997053
0.221 0.997053
0.222 0.997053
0.223 0.997053
0.224 0.997053
0.225 0.997053
0.226 0.997053
0.227 0.997053
0.228 0.997053
0.229 0.997053
0.23 0.997053
0.231 0.998035
0.232 0.998035
0.233 0.998035
0.234 0.998035
0.235 0.998035
0.236 0.998035
0.237 0.998035
0.238 0.998035
0.239 0.998035
0.24 0.998035
0.241 0.998035
0.242 0.998035
0.243 0.998035
0.244 0.998035
0.245 0.998035
0.246 0.998035
0.247 0.998035
0.248 0.998035
0.249 0.998035
0.25 0.998035
0.251 0.998035
0.252 0.998035
0.253 0.998035
0.254 0.999018
0.255 0.999018
0.256 0.999018
0.257 0.999018
0.258 0.999018
0.259 0.999018
0.26 0.999018
0.261 0.999018
0.262 0.999018
0.263 0.999018
0.264 0.999018
0.265 0.999018
0.266 1
0.267 1
0.268 1
0.269 1
0.27 1
0.271 1
0.272 1
0.273 1
0.274 1
0.275 1
0.276 1
0.277 1
0.278 1
0.279 1
0.28 1
0.281 1
0.282 1
0.283 1
0.284 1
0.285 1
0.286 1
0.287 1
0.288 1
0.289 1
0.29 1
0.291 1
0.292 1
0.293 1
0.294 1
0.295 1
0.296 1
0.297 1
0.298 1
0.299 1
0.3 1
0.301 1
0.302 1
0.303 1
0.304 1
0.305 1
0.306 1
0.307 1
0.308 1
0.309 1
0.31 1
0.311 1
0.312 1
0.313 1
0.314 1
0.315 1
0.316 1
0.317 1
0.318 1
0.319 1
0.32 1
0.321 1
0.322 1
0.323 1
0.324 1
0.325 1
0.326 1
0.327 1
0.328 1
0.329 1
0.33 1
0.331 1
0.332 1
0.333 1
0.334 1
0.335 1
0.336 1
0.337 1
0.338 1
0.339 1
0.34 1
0.341 1
0.342 1
0.343 1
0.344 1
0.345 1
0.346 1
0.347 1
0.348 1
0.349 1
0.35 1
0.351 1
0.352 1
0.353 1
0.354 1
0.355 1
0.356 1
0.357 1
0.358 1
0.359 1
0.36 1
0.361 1
0.362 1
0.363 1
0.364 1
0.365 1
0.366 1
0.367 1
0.368 1
0.369 1
0.37 1
0.371 1
0.372 1
0.373 1
0.374 1
0.375 1
0.376 1
0.377 1
0.378 1
0.379 1
0.38 1
0.381 1
0.382 1
0.383 1
0.384 1
0.385 1
0.386 1
0.387 1
0.388 1
0.389 1
0.39 1
0.391 1
0.392 1
0.393 1
0.394 1
0.395 1
0.396 1
0.397 1
0.398 1
0.399 1
0.4 1
