400
0 0
0.001 0.0104439
0.002 0.0217581
0.003 0.0304613
0.004 0.0409051
0.005 0.0461271
0.006 0.048738
0.007 0.0574413
0.008 0.0652742
0.009 0.0800696
0.01 0.0887728
0.011 0.0983464
0.012 0.106179
0.013 0.112272
0.014 0.120104
0.015 0.133159
0.016 0.145344
0.017 0.152306
0.018 0.158399
0.019 0.164491
0.02 0.174064
0.021 0.183638
0.022 0.194082
0.023 0.200174
0.024 0.210618
0.025 0.218451
0.026 0.228024
0.027 0.235857
0.028 0.241079
0.029 0.249782
0.03 0.257615
0.031 0.265448
0.032 0.27067
0.033 0.278503
0.034 0.281984
0.035 0.288947
0.036 0.295039
0.037 0.304613
0.038 0.313316
0.039 0.320279
0.04 0.328982
0.041 0.340296
0.042 0.35074
0.043 0.359443
0.044 0.371628
0.045 0.380331
0.046 0.385553
0.047 0.396867
0.048 0.401218
0.049 0.410792
0.05 0.416014
0.051 0.422106
0.052 0.43342
0.053 0.439513
0.054 0.446475
0.055 0.452567
0.056 0.461271
0.057 0.469104
0.058 0.480418
0.059 0.484769
0.06 0.491732
0.061 0.497824
0.062 0.504787
0.063 0.51262
0.064 0.523064
0.065 0.531767
0.066 0.535248
0.067 0.547433
0.068 0.556136
0.069 0.56658
0.07 0.576153
0.071 0.579634
0.072 0.587467
0.073 0.596171
0.074 0.603133
0.075 0.610096
0.076 0.617058
0.077 0.630983
0.078 0.635335
0.079 0.646649
0.08 0.651871
0.081 0.656223
0.082 0.661445
0.083 0.665796
0.084 0.677981
0.085 0.690165
0.086 0.697998
0.087 0.70322
0.088 0.709312
0.089 0.717145
0.09 0.724108
0.091 0.737163
0.092 0.753699
0.093 0.760661
0.094 0.767624
0.095 0.776327
0.096 0.787641
0.097 0.794604
0.098 0.803307
0.099 0.814621
0.1 0.825065
0.101 0.829417
0.102 0.833768
0.103 0.842472
0.104 0.848564
0.105 0.852916
0.106 0.858138
0.107 0.8651
0.108 0.871192
0.109 0.875544
0.11 0.879896
0.111 0.882507
0.112 0.888599
0.113 0.896432
0.114 0.902524
0.115 0.906005
0.116 0.909487
0.117 0.913838
0.118 0.914708
0.119 0.91819
0.12 0.923412
0.121 0.928634
0.122 0.930374
0.123 0.933856
0.124 0.936466
0.125 0.939948
0.126 0.941688
0.127 0.943429
0.128 0.944299
0.129 0.94691
0.13 0.948651
0.131 0.951262
0.132 0.955614
0.133 0.957354
0.134 0.958225
0.135 0.961706
0.136 0.965187
0.137 0.966057
0.138 0.966928
0.139 0.967798
0.14 0.968668
0.141 0.970409
0.142 0.971279
0.143 0.971279
0.144 0.97389
0.145 0.976501
0.146 0.979983
0.147 0.980853
0.148 0.981723
0.149 0.985205
0.15 0.986075
0.151 0.986945
0.152 0.986945
0.153 0.987815
0.154 0.987815
0.155 0.987815
0.156 0.988686
0.157 0.990426
0.158 0.990426
0.159 0.990426
0.16 0.991297
0.161 0.991297
0.162 0.991297
0.163 0.992167
0.164 0.992167
0.165 0.992167
0.166 0.992167
0.167 0.992167
0.168 0.992167
0.169 0.992167
0.17 0.992167
0.171 0.992167
0.172 0.992167
0.173 0.992167
0.174 0.992167
0.175 0.992167
0.176 0.992167
0.177 0.993037
0.178 0.993037
0.179 0.993037
0.18 0.993908
0.181 0.993908
0.182 0.993908
0.183 0.993908
0.184 0.993908
0.185 0.993908
0.186 0.993908
0.187 0.993908
0.188 0.993908
0.189 0.993908
0.19 0.993908
0.191 0.995648
0.192 0.995648
0.193 0.995648
0.194 0.995648
0.195 0.995648
0.196 0.995648
0.197 0.995648
0.198 0.995648
0.199 0.995648
0.2 0.995648
0.201 0.995648
0.202 0.995648
0.203 0.995648
0.204 0.995648
0.205 0.995648
0.206 0.996519
0.207 0.996519
0.208 0.996519
0.209 0.996519
0.21 0.996519
0.211 0.996519
0.212 0.996519
0.213 0.996519
0.214 0.996519
0.215 0.996519
0.216 0.996519
0.217 0.996519
0.218 0.996519
0.219 0.996519
0.22 0.996519
0.221 0.996519
0.222 0.996519
0.223 0.996519
0.224 0.996519
0.225 0.996519
0.226 0.996519
0.227 0.997389
0.228 0.997389
0.229 0.997389
0.23 0.997389
0.231 0.997389
0.232 0.997389
0.233 0.997389
0.234 0.997389
0.235 0.997389
0.236 0.997389
0.237 0.997389
0.238 0.997389
0.239 0.997389
0.24 0.997389
0.241 0.997389
0.242 0.997389
0.243 0.997389
0.244 0.997389
0.245 0.997389
0.246 0.997389
0.247 0.997389
0.248 0.997389
0.249 0.997389
0.25 0.997389
0.251 0.997389
0.252 0.997389
0.253 0.997389
0.254 0.997389
0.255 0.998259
0.256 0.998259
0.257 0.998259
0.258 0.998259
0.259 0.99913
0.26 0.99913
0.261 0.99913
0.262 0.99913
0.263 0.99913
0.264 0.99913
0.265 0.99913
0.266 0.99913
0.267 0.99913
0.268 0.99913
0.269 0.99913
0.27 0.99913
0.271 0.99913
0.272 0.99913
0.273 0.99913
0.274 0.99913
0.275 0.99913
0.276 0.99913
0.277 0.99913
0.278 0.99913
0.279 0.99913
0.28 0.99913
0.281 0.99913
0.282 0.99913
0.283 0.99913
0.284 0.99913
0.285 0.99913
0.286 0.99913
0.287 0.99913
0.288 0.99913
0.289 0.99913
0.29 0.99913
0.291 0.99913
0.292 0.99913
0.293 0.99913
0.294 0.99913
0.295 0.99913
0.296 0.99913
0.297 0.99913
0.298 0.99913
0.299 0.99913
0.3 0.99913
0.301 0.99913
0.302 0.99913
0.303 0.99913
0.304 0.99913
0.305 0.99913
0.306 0.99913
0.307 0.99913
0.308 0.99913
0.309 0.99913
0.31 0.99913
0.311 0.99913
0.312 0.99913
0.313 0.99913
0.314 0.99913
0.315 0.99913
0.316 0.99913
0.317 0.99913
0.318 0.99913
0.319 0.99913
0.32 0.99913
0.321 0.99913
0.322 0.99913
0.323 0.99913
0.324 0.99913
0.325 0.99913
0.326 0.99913
0.327 0.99913
0.328 0.99913
0.329 0.99913
0.33 0.99913
0.331 0.99913
0.332 0.99913
0.333 0.99913
0.334 0.99913
0.335 0.99913
0.336 0.99913
0.337 0.99913
0.338 0.99913
0.339 0.99913
0.34 0.99913
0.341 0.99913
0.342 0.99913
0.343 0.99913
0.344 0.99913
0.345 0.99913
0.346 0.99913
0.347 0.99913
0.348 0.99913
0.349 0.99913
0.35 0.99913
0.351 0.99913
0.352 0.99913
0.353 0.99913
0.354 0.99913
0.355 0.99913
0.356 0.99913
0.357 0.99913
0.358 0.99913
0.359 0.99913
0.36 0.99913
0.361 0.99913
0.362 0.99913
0.363 0.99913
0.364 0.99913
0.365 0.99913
0.366 0.99913
0.367 0.99913
0.368 0.99913
0.369 0.99913
0.37 0.99913
0.371 0.99913
0.372 0.99913
0.373 0.99913
0.374 0.99913
0.375 0.99913
0.376 0.99913
0.377 0.99913
0.378 0.99913
0.379 0.99913
0.38 0.99913
0.381 0.99913
0.382 0.99913
0.383 0.99913
0.384 0.99913
0.385 0.99913
0.386 0.99913
0.387 0.99913
0.388 0.99913
0.389 0.99913
0.39 0.99913
0.391 1
0.392 1
0.393 1
0.394 1
0.395 1
0.396 1
0.397 1
0.398 1
0.399 1
0.4 1
