400
0 0
0.001 0.00917431
0.002 0.0183486
0.003 0.0220183
0.004 0.0302752
0.005 0.0394495
0.006 0.0431193
0.007 0.0486239
0.008 0.059633
0.009 0.066055
0.01 0.0706422
0.011 0.0752294
0.012 0.0825688
0.013 0.093578
0.014 0.10367
0.015 0.110092
0.016 0.120183
0.017 0.12844
0.018 0.13211
0.019 0.141284
0.02 0.148624
0.021 0.155963
0.022 0.16055
0.023 0.169725
0.024 0.173394
0.025 0.179817
0.026 0.186239
0.027 0.188991
0.028 0.19633
0.029 0.2
0.03 0.209174
0.031 0.219266
0.032 0.225688
0.033 0.231193
0.034 0.23945
0.035 0.244954
0.036 0.251376
0.037 0.255046
0.038 0.263303
0.039 0.266055
0.04 0.274312
0.041 0.279817
0.042 0.288073
0.043 0.297248
0.044 0.302752
0.045 0.309174
0.046 0.314679
0.047 0.323853
0.048 0.330275
0.049 0.340367
0.05 0.346789
0.051 0.355046
0.052 0.361468
0.053 0.373394
0.054 0.378899
0.055 0.384404
0.056 0.389908
0.057 0.400917
0.058 0.409174
0.059 0.418349
0.06 0.427523
0.061 0.43578
0.062 0.446789
0.063 0.455046
0.064 0.462385
0.065 0.474312
0.066 0.481651
0.067 0.491743
0.068 0.5
0.069 0.508257
0.07 0.515596
0.071 0.523853
0.072 0.53578
0.073 0.544954
0.074 0.557798
0.075 0.57156
0.076 0.580734
0.077 0.588991
0.078 0.6
0.079 0.608257
0.08 0.621101
0.081 0.633028
0.082 0.641284
0.083 0.649541
0.084 0.66055
0.085 0.669725
0.086 0.681651
0.087 0.692661
0.088 0.702752
0.089 0.711009
0.09 0.715596
0.091 0.723853
0.092 0.73578
0.093 0.740367
0.094 0.743119
0.095 0.753211
0.096 0.758716
0.097 0.765138
0.098 0.773394
0.099 0.782569
0.1 0.791743
0.101 0.795413
0.102 0.801835
0.103 0.807339
0.104 0.814679
0.105 0.821101
0.106 0.827523
0.107 0.830275
0.108 0.837615
0.109 0.841284
0.11 0.845872
0.111 0.847706
0.112 0.852294
0.113 0.859633
0.114 0.863303
0.115 0.86789
0.116 0.876147
0.117 0.880734
0.118 0.887156
0.119 0.889908
0.12 0.892661
0.121 0.89633
0.122 0.904587
0.123 0.909174
0.124 0.911009
0.125 0.912844
0.126 0.919266
0.127 0.924771
0.128 0.927523
0.129 0.930275
0.13 0.931193
0.131 0.934862
0.132 0.936697
0.133 0.941284
0.134 0.941284
0.135 0.944037
0.136 0.947706
0.137 0.950459
0.138 0.951376
0.139 0.952294
0.14 0.955963
0.141 0.958716
0.142 0.962385
0.143 0.966055
0.144 0.96789
0.145 0.970642
0.146 0.976147
0.147 0.978899
0.148 0.979817
0.149 0.979817
0.15 0.982569
0.151 0.983486
0.152 0.986239
0.153 0.986239
0.154 0.986239
0.155 0.988991
0.156 0.989908
0.157 0.989908
0.158 0.990826
0.159 0.992661
0.16 0.992661
0.161 0.992661
0.162 0.993578
0.163 0.993578
0.164 0.995413
0.165 0.995413
0.166 0.995413
0.167 0.995413
0.168 0.99633
0.169 0.99633
0.17 0.99633
0.171 0.99633
0.172 0.99633
0.173 0.99633
0.174 0.99633
0.175 0.99633
0.176 0.99633
0.177 0.99633
0.178 0.99633
0.179 0.99633
0.18 0.99633
0.181 0.99633
0.182 0.99633
0.183 0.99633
0.184 0.997248
0.185 0.997248
0.186 0.997248
0.187 0.997248
0.188 0.997248
0.189 0.997248
0.19 0.997248
0.191 0.997248
0.192 0.997248
0.193 0.997248
0.194 0.997248
0.195 0.997248
0.196 0.997248
0.197 0.997248
0.198 0.997248
0.199 0.997248
0.2 0.997248
0.201 0.997248
0.202 0.998165
0.203 0.998165
0.204 0.998165
0.205 0.998165
0.206 0.998165
0.207 0.998165
0.208 0.998165
0.209 0.998165
0.21 0.998165
0.211 0.998165
0.212 0.998165
0.213 0.998165
0.214 0.998165
0.215 0.998165
0.216 0.998165
0.217 0.998165
0.218 0.998165
0.219 0.998165
0.22 0.998165
0.221 0.998165
0.222 0.998165
0.223 0.998165
0.224 0.998165
0.225 0.998165
0.226 0.998165
0.227 0.998165
0.228 0.998165
0.229 0.998165
0.23 0.998165
0.231 0.998165
0.232 0.998165
0.233 0.998165
0.234 0.998165
0.235 0.998165
0.236 0.998165
0.237 0.998165
0.238 0.998165
0.239 0.998165
0.24 0.998165
0.241 0.998165
0.242 0.998165
0.243 0.998165
0.244 0.998165
0.245 0.998165
0.246 0.998165
0.247 0.998165
0.248 0.998165
0.249 0.998165
0.25 0.998165
0.251 0.998165
0.252 0.998165
0.253 0.998165
0.254 0.998165
0.255 0.998165
0.256 0.998165
0.257 0.998165
0.258 0.998165
0.259 0.998165
0.26 0.998165
0.261 0.998165
0.262 0.998165
0.263 0.998165
0.264 0.998165
0.265 0.998165
0.266 0.998165
0.267 0.998165
0.268 0.998165
0.269 0.998165
0.27 0.998165
0.271 0.998165
0.272 0.998165
0.273 0.998165
0.274 0.998165
0.275 0.998165
0.276 0.998165
0.277 0.998165
0.278 0.998165
0.279 0.998165
0.28 0.998165
0.281 0.998165
0.282 0.998165
0.283 0.998165
0.284 0.998165
0.285 0.998165
0.286 0.998165
0.287 0.998165
0.288 0.998165
0.289 0.998165
0.29 0.998165
0.291 0.998165
0.292 0.998165
0.293 0.998165
0.294 0.998165
0.295 0.998165
0.296 0.998165
0.297 0.998165
0.298 0.998165
0.299 0.998165
0.3 0.998165
0.301 0.998165
0.302 0.998165
0.303 0.998165
0.304 0.998165
0.305 0.998165
0.306 0.998165
0.307 0.998165
0.308 0.998165
0.309 0.998165
0.31 0.998165
0.311 0.998165
0.312 0.999083
0.313 0.999083
0.314 0.999083
0.315 0.999083
0.316 0.999083
0.317 0.999083
0.318 0.999083
0.319 0.999083
0.32 0.999083
0.321 0.999083
0.322 0.999083
0.323 0.999083
0.324 0.999083
0.325 0.999083
0.326 0.999083
0.327 0.999083
0.328 0.999083
0.329 0.999083
0.33 0.999083
0.331 0.999083
0.332 0.999083
0.333 0.999083
0.334 0.999083
0.335 0.999083
0.336 0.999083
0.337 0.999083
0.338 0.999083
0.339 0.999083
0.34 0.999083
0.341 0.999083
0.342 0.999083
0.343 0.999083
0.344 0.999083
0.345 0.999083
0.346 0.999083
0.347 0.999083
0.348 0.999083
0.349 0.999083
0.35 0.999083
0.351 0.999083
0.352 0.999083
0.353 0.999083
0.354 0.999083
0.355 0.999083
0.356 0.999083
0.357 0.999083
0.358 0.999083
0.359 1
0.36 1
0.361 1
0.362 1
0.363 1
0.364 1
0.365 1
0.366 1
0.367 1
0.368 1
0.369 1
0.37 1
0.371 1
0.372 1
0.373 1
0.374 1
0.375 1
0.376 1
0.377 1
0.378 1
0.379 1
0.38 1
0.381 1
0.382 1
0.383 1
0.384 1
0.385 1
0.386 1
0.387 1
0.388 1
0.389 1
0.39 1
0.391 1
0.392 1
0.393 1
0.394 1
0.395 1
0.396 1
0.397 1
0.398 1
0.399 1
0.4 1
