400
0 0
0.001 0.0095339
0.002 0.0127119
0.003 0.0211864
0.004 0.0286017
0.005 0.0413136
0.006 0.0487288
0.007 0.059322
0.008 0.0677966
0.009 0.0752119
0.01 0.0911017
0.011 0.0974576
0.012 0.114407
0.013 0.122881
0.014 0.129237
0.015 0.14089
0.016 0.147246
0.017 0.15678
0.018 0.164195
0.019 0.17161
0.02 0.184322
0.021 0.193856
0.022 0.200212
0.023 0.21822
0.024 0.226695
0.025 0.231992
0.026 0.240466
0.027 0.252119
0.028 0.257415
0.029 0.261653
0.03 0.274364
0.031 0.284958
0.032 0.291314
0.033 0.305085
0.034 0.309322
0.035 0.317797
0.036 0.329449
0.037 0.335805
0.038 0.34322
0.039 0.347458
0.04 0.35911
0.041 0.362288
0.042 0.368644
0.043 0.375
0.044 0.387712
0.045 0.398305
0.046 0.407839
0.047 0.423729
0.048 0.432203
0.049 0.4375
0.05 0.442797
0.051 0.45339
0.052 0.457627
0.053 0.467161
0.054 0.473517
0.055 0.485169
0.056 0.493644
0.057 0.504237
0.058 0.512712
0.059 0.520127
0.06 0.528602
0.061 0.540254
0.062 0.548729
0.063 0.554025
0.064 0.5625
0.065 0.570975
0.066 0.575212
0.067 0.588983
0.068 0.595339
0.069 0.602754
0.07 0.612288
0.071 0.621822
0.072 0.632415
0.073 0.639831
0.074 0.645127
0.075 0.654661
0.076 0.666314
0.077 0.677966
0.078 0.686441
0.079 0.691737
0.08 0.704449
0.081 0.712924
0.082 0.71822
0.083 0.728814
0.084 0.73411
0.085 0.746822
0.086 0.758475
0.087 0.768008
0.088 0.776483
0.089 0.783898
0.09 0.794492
0.091 0.800847
0.092 0.808263
0.093 0.813559
0.094 0.824153
0.095 0.834746
0.096 0.840042
0.097 0.84428
0.098 0.846398
0.099 0.853814
0.1 0.860169
0.101 0.865466
0.102 0.871822
0.103 0.880297
0.104 0.882415
0.105 0.884534
0.106 0.888771
0.107 0.894068
0.108 0.902542
0.109 0.90678
0.11 0.909958
0.111 0.913136
0.112 0.918432
0.113 0.922669
0.114 0.924788
0.115 0.929025
0.116 0.930085
0.117 0.931144
0.118 0.933263
0.119 0.936441
0.12 0.940678
0.121 0.944915
0.122 0.948093
0.123 0.950212
0.124 0.95339
0.125 0.955508
0.126 0.959746
0.127 0.962924
0.128 0.963983
0.129 0.96822
0.13 0.970339
0.131 0.974576
0.132 0.974576
0.133 0.975636
0.134 0.977754
0.135 0.978814
0.136 0.983051
0.137 0.98411
0.138 0.985169
0.139 0.985169
0.14 0.986229
0.141 0.987288
0.142 0.989407
0.143 0.990466
0.144 0.991525
0.145 0.992585
0.146 0.993644
0.147 0.994703
0.148 0.994703
0.149 0.994703
0.15 0.994703
0.151 0.995763
0.152 0.995763
0.153 0.995763
0.154 0.995763
0.155 0.995763
0.156 0.995763
0.157 0.995763
0.158 0.995763
0.159 0.995763
0.16 0.995763
0.161 0.995763
0.162 0.995763
0.163 0.995763
0.164 0.995763
0.165 0.995763
0.166 0.995763
0.167 0.995763
0.168 0.995763
0.169 0.995763
0.17 0.995763
0.171 0.995763
0.172 0.995763
0.173 0.995763
0.174 0.995763
0.175 0.995763
0.176 0.995763
0.177 0.995763
0.178 0.995763
0.179 0.995763
0.18 0.995763
0.181 0.995763
0.182 0.995763
0.183 0.996822
0.184 0.996822
0.185 0.996822
0.186 0.996822
0.187 0.996822
0.188 0.996822
0.189 0.996822
0.19 0.996822
0.191 0.996822
0.192 0.996822
0.193 0.996822
0.194 0.996822
0.195 0.996822
0.196 0.996822
0.197 0.996822
0.198 0.997881
0.199 0.997881
0.2 0.997881
0.201 0.997881
0.202 0.997881
0.203 0.997881
0.204 0.997881
0.205 0.997881
0.206 0.997881
0.207 0.997881
0.208 0.997881
0.209 0.997881
0.21 0.997881
0.211 0.997881
0.212 0.997881
0.213 0.997881
0.214 0.997881
0.215 0.997881
0.216 0.997881
0.217 0.997881
0.218 0.997881
0.219 0.997881
0.22 0.997881
0.221 0.997881
0.222 0.997881
0.223 0.997881
0.224 0.997881
0.225 0.997881
0.226 0.997881
0.227 0.997881
0.228 0.997881
0.229 0.997881
0.23 0.997881
0.231 0.997881
0.232 0.997881
0.233 0.997881
0.234 0.997881
0.235 0.997881
0.236 0.997881
0.237 0.997881
0.238 0.997881
0.239 0.997881
0.24 0.997881
0.241 0.997881
0.242 0.997881
0.243 0.997881
0.244 0.997881
0.245 0.997881
0.246 0.997881
0.247 0.997881
0.248 0.997881
0.249 0.997881
0.25 0.997881
0.251 0.997881
0.252 0.997881
0.253 0.997881
0.254 0.997881
0.255 0.997881
0.256 0.997881
0.257 0.997881
0.258 0.997881
0.259 0.997881
0.26 0.997881
0.261 0.997881
0.262 0.997881
0.263 0.997881
0.264 0.997881
0.265 0.997881
0.266 0.997881
0.267 0.997881
0.268 0.997881
0.269 0.997881
0.27 0.997881
0.271 0.997881
0.272 0.997881
0.273 0.997881
0.274 0.997881
0.275 0.997881
0.276 0.997881
0.277 0.997881
0.278 0.997881
0.279 0.997881
0.28 0.997881
0.281 0.997881
0.282 0.997881
0.283 0.997881
0.284 0.997881
0.285 0.997881
0.286 0.997881
0.287 0.997881
0.288 0.997881
0.289 0.997881
0.29 0.997881
0.291 0.997881
0.292 0.997881
0.293 0.997881
0.294 0.997881
0.295 0.997881
0.296 0.997881
0.297 0.997881
0.298 0.997881
0.299 0.997881
0.3 0.997881
0.301 0.997881
0.302 0.997881
0.303 0.997881
0.304 0.997881
0.305 0.997881
0.306 0.997881
0.307 0.997881
0.308 0.997881
0.309 0.997881
0.31 0.997881
0.311 0.997881
0.312 0.998941
0.313 0.998941
0.314 0.998941
0.315 0.998941
0.316 0.998941
0.317 0.998941
0.318 0.998941
0.319 0.998941
0.32 0.998941
0.321 0.998941
0.322 0.998941
0.323 0.998941
0.324 0.998941
0.325 0.998941
0.326 0.998941
0.327 0.998941
0.328 0.998941
0.329 0.998941
0.33 0.998941
0.331 0.998941
0.332 0.998941
0.333 1
0.334 1
0.335 1
0.336 1
0.337 1
0.338 1
0.339 1
0.34 1
0.341 1
0.342 1
0.343 1
0.344 1
0.345 1
0.346 1
0.347 1
0.348 1
0.349 1
0.35 1
0.351 1
0.352 1
0.353 1
0.354 1
0.355 1
0.356 1
0.357 1
0.358 1
0.359 1
0.36 1
0.361 1
0.362 1
0.363 1
0.364 1
0.365 1
0.366 1
0.367 1
0.368 1
0.369 1
0.37 1
0.371 1
0.372 1
0.373 1
0.374 1
0.375 1
0.376 1
0.377 1
0.378 1
0.379 1
0.38 1
0.381 1
0.382 1
0.383 1
0.384 1
0.385 1
0.386 1
0.387 1
0.388 1
0.389 1
0.39 1
0.391 1
0.392 1
0.393 1
0.394 1
0.395 1
0.396 1
0.397 1
0.398 1
0.399 1
0.4 1
