400
0 0
0.001 0.0102506
0.002 0.022779
0.003 0.0284738
0.004 0.0364465
0.005 0.0489749
0.006 0.0592255
0.007 0.0728929
0.008 0.0808656
0.009 0.0876993
0.01 0.0899772
0.011 0.101367
0.012 0.110478
0.013 0.123007
0.014 0.135535
0.015 0.145786
0.016 0.154897
0.017 0.167426
0.018 0.17426
0.019 0.185649
0.02 0.192483
0.021 0.200456
0.022 0.208428
0.023 0.220957
0.024 0.226651
0.025 0.241458
0.026 0.248292
0.027 0.253986
0.028 0.269932
0.029 0.281321
0.03 0.292711
0.031 0.300683
0.032 0.308656
0.033 0.318907
0.034 0.33713
0.035 0.341686
0.036 0.34738
0.037 0.353075
0.038 0.35877
0.039 0.370159
0.04 0.381549
0.041 0.3918
0.042 0.399772
0.043 0.412301
0.044 0.419134
0.045 0.425968
0.046 0.437358
0.047 0.446469
0.048 0.451025
0.049 0.457859
0.05 0.464692
0.051 0.472665
0.052 0.480638
0.053 0.490888
0.054 0.503417
0.055 0.512528
0.056 0.518223
0.057 0.528474
0.058 0.536446
0.059 0.545558
0.06 0.561503
0.061 0.569476
0.062 0.583144
0.063 0.592255
0.064 0.604784
0.065 0.612756
0.066 0.628702
0.067 0.634396
0.068 0.649203
0.069 0.658314
0.07 0.675399
0.071 0.690205
0.072 0.698178
0.073 0.707289
0.074 0.711845
0.075 0.719818
0.076 0.726651
0.077 0.742597
0.078 0.750569
0.079 0.765376
0.08 0.774487
0.081 0.78246
0.082 0.790433
0.083 0.799544
0.084 0.810934
0.085 0.823462
0.086 0.831435
0.087 0.834852
0.088 0.840547
0.089 0.846241
0.09 0.854214
0.091 0.85877
0.092 0.866743
0.093 0.870159
0.094 0.88041
0.095 0.887244
0.096 0.895216
0.097 0.903189
0.098 0.912301
0.099 0.915718
0.1 0.922551
0.101 0.924829
0.102 0.928246
0.103 0.937358
0.104 0.944191
0.105 0.947608
0.106 0.949886
0.107 0.954442
0.108 0.958998
0.109 0.963554
0.11 0.96697
0.111 0.96697
0.112 0.969248
0.113 0.971526
0.114 0.973804
0.115 0.977221
0.116 0.980638
0.117 0.982916
0.118 0.984055
0.119 0.985194
0.12 0.985194
0.121 0.986333
0.122 0.987472
0.123 0.98861
0.124 0.98861
0.125 0.98861
0.126 0.98861
0.127 0.98861
0.128 0.98861
0.129 0.98861
0.13 0.98861
0.131 0.98861
0.132 0.98861
0.133 0.98861
0.134 0.989749
0.135 0.989749
0.136 0.989749
0.137 0.989749
0.138 0.992027
0.139 0.992027
0.14 0.992027
0.141 0.992027
0.142 0.992027
0.143 0.993166
0.144 0.993166
0.145 0.993166
0.146 0.993166
0.147 0.993166
0.148 0.994305
0.149 0.994305
0.15 0.994305
0.151 0.994305
0.152 0.994305
0.153 0.994305
0.154 0.994305
0.155 0.994305
0.156 0.994305
0.157 0.994305
0.158 0.994305
0.159 0.994305
0.16 0.994305
0.161 0.994305
0.162 0.994305
0.163 0.994305
0.164 0.994305
0.165 0.994305
0.166 0.994305
0.167 0.994305
0.168 0.994305
0.169 0.994305
0.17 0.994305
0.171 0.994305
0.172 0.994305
0.173 0.994305
0.174 0.994305
0.175 0.994305
0.176 0.994305
0.177 0.994305
0.178 0.994305
0.179 0.994305
0.18 0.994305
0.181 0.995444
0.182 0.995444
0.183 0.995444
0.184 0.995444
0.185 0.995444
0.186 0.995444
0.187 0.995444
0.188 0.995444
0.189 0.995444
0.19 0.995444
0.191 0.995444
0.192 0.995444
0.193 0.995444
0.194 0.995444
0.195 0.995444
0.196 0.995444
0.197 0.995444
0.198 0.995444
0.199 0.995444
0.2 0.995444
0.201 0.995444
0.202 0.995444
0.203 0.995444
0.204 0.995444
0.205 0.995444
0.206 0.995444
0.207 0.995444
0.208 0.995444
0.209 0.995444
0.21 0.995444
0.211 0.995444
0.212 0.995444
0.213 0.995444
0.214 0.995444
0.215 0.996583
0.216 0.996583
0.217 0.996583
0.218 0.996583
0.219 0.996583
0.22 0.996583
0.221 0.996583
0.222 0.996583
0.223 0.997722
0.224 0.997722
0.225 0.997722
0.226 0.998861
0.227 0.998861
0.228 0.998861
0.229 0.998861
0.23 0.998861
0.231 0.998861
0.232 0.998861
0.233 0.998861
0.234 1
0.235 1
0.236 1
0.237 1
0.238 1
0.239 1
0.24 1
0.241 1
0.242 1
0.243 1
0.244 1
0.245 1
0.246 1
0.247 1
0.248 1
0.249 1
0.25 1
0.251 1
0.252 1
0.253 1
0.254 1
0.255 1
0.256 1
0.257 1
0.258 1
0.259 1
0.26 1
0.261 1
0.262 1
0.263 1
0.264 1
0.265 1
0.266 1
0.267 1
0.268 1
0.269 1
0.27 1
0.271 1
0.272 1
0.273 1
0.274 1
0.275 1
0.276 1
0.277 1
0.278 1
0.279 1
0.28 1
0.281 1
0.282 1
0.283 1
0.284 1
0.285 1
0.286 1
0.287 1
0.288 1
0.289 1
0.29 1
0.291 1
0.292 1
0.293 1
0.294 1
0.295 1
0.296 1
0.297 1
0.298 1
0.299 1
0.3 1
0.301 1
0.302 1
0.303 1
0.304 1
0.305 1
0.306 1
0.307 1
0.308 1
0.309 1
0.31 1
0.311 1
0.312 1
0.313 1
0.314 1
0.315 1
0.316 1
0.317 1
0.318 1
0.319 1
0.32 1
0.321 1
0.322 1
0.323 1
0.324 1
0.325 1
0.326 1
0.327 1
0.328 1
0.329 1
0.33 1
0.331 1
0.332 1
0.333 1
0.334 1
0.335 1
0.336 1
0.337 1
0.338 1
0.339 1
0.34 1
0.341 1
0.342 1
0.343 1
0.344 1
0.345 1
0.346 1
0.347 1
0.348 1
0.349 1
0.35 1
0.351 1
0.352 1
0.353 1
0.354 1
0.355 1
0.356 1
0.357 1
0.358 1
0.359 1
0.36 1
0.361 1
0.362 1
0.363 1
0.364 1
0.365 1
0.366 1
0.367 1
0.368 1
0.369 1
0.37 1
0.371 1
0.372 1
0.373 1
0.374 1
0.375 1
0.376 1
0.377 1
0.378 1
0.379 1
0.38 1
0.381 1
0.382 1
0.383 1
0.384 1
0.385 1
0.386 1
0.387 1
0.388 1
0.389 1
0.39 1
0.391 1
0.392 1
0.393 1
0.394 1
0.395 1
0.396 1
0.397 1
0.398 1
0.399 1
0.4 1
