400
0 0
0.001 0.00888889
0.002 0.0207407
0.003 0.0311111
0.004 0.0355556
0.005 0.0488889
0.006 0.0607407
0.007 0.0696296
0.008 0.0785185
0.009 0.0874074
0.01 0.0948148
0.011 0.105185
0.012 0.12
0.013 0.131852
0.014 0.139259
0.015 0.143704
0.016 0.154074
0.017 0.164444
0.018 0.171852
0.019 0.192593
0.02 0.201481
0.021 0.205926
0.022 0.208889
0.023 0.217778
0.024 0.22963
0.025 0.242963
0.026 0.254815
0.027 0.260741
0.028 0.268148
0.029 0.28
0.03 0.291852
0.031 0.299259
0.032 0.30963
0.033 0.32
0.034 0.33037
0.035 0.336296
0.036 0.345185
0.037 0.355556
0.038 0.362963
0.039 0.368889
0.04 0.377778
0.041 0.38963
0.042 0.401481
0.043 0.404444
0.044 0.414815
0.045 0.425185
0.046 0.435556
0.047 0.45037
0.048 0.457778
0.049 0.463704
0.05 0.472593
0.051 0.477037
0.052 0.482963
0.053 0.496296
0.054 0.50963
0.055 0.515556
0.056 0.525926
0.057 0.537778
0.058 0.548148
0.059 0.564444
0.06 0.577778
0.061 0.583704
0.062 0.592593
0.063 0.598519
0.064 0.61037
0.065 0.622222
0.066 0.62963
0.067 0.642963
0.068 0.648889
0.069 0.657778
0.07 0.666667
0.071 0.675556
0.072 0.684444
0.073 0.694815
0.074 0.696296
0.075 0.702222
0.076 0.717037
0.077 0.724444
0.078 0.737778
0.079 0.746667
0.08 0.754074
0.081 0.779259
0.082 0.782222
0.083 0.792593
0.084 0.807407
0.085 0.817778
0.086 0.831111
0.087 0.841481
0.088 0.853333
0.089 0.862222
0.09 0.871111
0.091 0.881481
0.092 0.885926
0.093 0.897778
0.094 0.90963
0.095 0.917037
0.096 0.92
0.097 0.928889
0.098 0.936296
0.099 0.940741
0.1 0.940741
0.101 0.945185
0.102 0.946667
0.103 0.955556
0.104 0.957037
0.105 0.96
0.106 0.961481
0.107 0.962963
0.108 0.962963
0.109 0.962963
0.11 0.967407
0.111 0.97037
0.112 0.971852
0.113 0.974815
0.114 0.974815
0.115 0.976296
0.116 0.977778
0.117 0.980741
0.118 0.982222
0.119 0.983704
0.12 0.983704
0.121 0.983704
0.122 0.986667
0.123 0.986667
0.124 0.986667
0.125 0.986667
0.126 0.988148
0.127 0.988148
0.128 0.988148
0.129 0.98963
0.13 0.98963
0.131 0.991111
0.132 0.992593
0.133 0.992593
0.134 0.992593
0.135 0.992593
0.136 0.992593
0.137 0.992593
0.138 0.994074
0.139 0.994074
0.14 0.994074
0.141 0.994074
0.142 0.994074
0.143 0.994074
0.144 0.995556
0.145 0.995556
0.146 0.995556
0.147 0.995556
0.148 0.995556
0.149 0.995556
0.15 0.995556
0.151 0.995556
0.152 0.995556
0.153 0.995556
0.154 0.995556
0.155 0.995556
0.156 0.995556
0.157 0.995556
0.158 0.995556
0.159 0.995556
0.16 0.995556
0.161 0.995556
0.162 0.995556
0.163 0.995556
0.164 0.995556
0.165 0.995556
0.166 0.995556
0.167 0.997037
0.168 0.997037
0.169 0.997037
0.17 0.997037
0.171 0.997037
0.172 0.997037
0.173 0.997037
0.174 0.997037
0.175 0.997037
0.176 0.997037
0.177 0.998519
0.178 0.998519
0.179 0.998519
0.18 0.998519
0.181 0.998519
0.182 0.998519
0.183 0.998519
0.184 0.998519
0.185 0.998519
0.186 0.998519
0.187 0.998519
0.188 0.998519
0.189 0.998519
0.19 0.998519
0.191 0.998519
0.192 0.998519
0.193 0.998519
0.194 0.998519
0.195 0.998519
0.196 0.998519
0.197 0.998519
0.198 0.998519
0.199 0.998519
0.2 0.998519
0.201 0.998519
0.202 0.998519
0.203 0.998519
0.204 0.998519
0.205 0.998519
0.206 0.998519
0.207 0.998519
0.208 0.998519
0.209 0.998519
0.21 0.998519
0.211 0.998519
0.212 0.998519
0.213 0.998519
0.214 0.998519
0.215 0.998519
0.216 0.998519
0.217 0.998519
0.218 0.998519
0.219 0.998519
0.22 0.998519
0.221 0.998519
0.222 0.998519
0.223 0.998519
0.224 0.998519
0.225 0.998519
0.226 0.998519
0.227 0.998519
0.228 0.998519
0.229 0.998519
0.23 0.998519
0.231 0.998519
0.232 0.998519
0.233 0.998519
0.234 0.998519
0.235 0.998519
0.236 0.998519
0.237 0.998519
0.238 0.998519
0.239 0.998519
0.24 0.998519
0.241 1
0.242 1
0.243 1
0.244 1
0.245 1
0.246 1
0.247 1
0.248 1
0.249 1
0.25 1
0.251 1
0.252 1
0.253 1
0.254 1
0.255 1
0.256 1
0.257 1
0.258 1
0.259 1
0.26 1
0.261 1
0.262 1
0.263 1
0.264 1
0.265 1
0.266 1
0.267 1
0.268 1
0.269 1
0.27 1
0.271 1
0.272 1
0.273 1
0.274 1
0.275 1
0.276 1
0.277 1
0.278 1
0.279 1
0.28 1
0.281 1
0.282 1
0.283 1
0.284 1
0.285 1
0.286 1
0.287 1
0.288 1
0.289 1
0.29 1
0.291 1
0.292 1
0.293 1
0.294 1
0.295 1
0.296 1
0.297 1
0.298 1
0.299 1
0.3 1
0.301 1
0.302 1
0.303 1
0.304 1
0.305 1
0.306 1
0.307 1
0.308 1
0.309 1
0.31 1
0.311 1
0.312 1
0.313 1
0.314 1
0.315 1
0.316 1
0.317 1
0.318 1
0.319 1
0.32 1
0.321 1
0.322 1
0.323 1
0.324 1
0.325 1
0.326 1
0.327 1
0.328 1
0.329 1
0.33 1
0.331 1
0.332 1
0.333 1
0.334 1
0.335 1
0.336 1
0.337 1
0.338 1
0.339 1
0.34 1
0.341 1
0.342 1
0.343 1
0.344 1
0.345 1
0.346 1
0.347 1
0.348 1
0.349 1
0.35 1
0.351 1
0.352 1
0.353 1
0.354 1
0.355 1
0.356 1
0.357 1
0.358 1
0.359 1
0.36 1
0.361 1
0.362 1
0.363 1
0.364 1
0.365 1
0.366 1
0.367 1
0.368 1
0.369 1
0.37 1
0.371 1
0.372 1
0.373 1
0.374 1
0.375 1
0.376 1
0.377 1
0.378 1
0.379 1
0.38 1
0.381 1
0.382 1
0.383 1
0.384 1
0.385 1
0.386 1
0.387 1
0.388 1
0.389 1
0.39 1
0.391 1
0.392 1
0.393 1
0.394 1
0.395 1
0.396 1
0.397 1
0.398 1
0.399 1
0.4 1
