400
0 0
0.001 0.00142653
0.002 0.0156919
0.003 0.0242511
0.004 0.0356633
0.005 0.0485021
0.006 0.0584879
0.007 0.0656205
0.008 0.0713267
0.009 0.0813124
0.01 0.085592
0.011 0.0955777
0.012 0.109843
0.013 0.118402
0.014 0.128388
0.015 0.132668
0.016 0.1398
0.017 0.149786
0.018 0.156919
0.019 0.169757
0.02 0.175464
0.021 0.18117
0.022 0.191155
0.023 0.195435
0.024 0.206847
0.025 0.21398
0.026 0.221113
0.027 0.226819
0.028 0.236805
0.029 0.242511
0.03 0.248217
0.031 0.252496
0.032 0.259629
0.033 0.263909
0.034 0.275321
0.035 0.28816
0.036 0.296719
0.037 0.305278
0.038 0.319544
0.039 0.328103
0.04 0.338088
0.041 0.343795
0.042 0.349501
0.043 0.35806
0.044 0.366619
0.045 0.373752
0.046 0.386591
0.047 0.39515
0.048 0.405136
0.049 0.415121
0.05 0.42796
0.051 0.440799
0.052 0.446505
0.053 0.449358
0.054 0.455064
0.055 0.466476
0.056 0.473609
0.057 0.489301
0.058 0.500713
0.059 0.512126
0.06 0.523538
0.061 0.536377
0.062 0.543509
0.063 0.554922
0.064 0.563481
0.065 0.573466
0.066 0.582026
0.067 0.589158
0.068 0.594864
0.069 0.606277
0.07 0.623395
0.071 0.634807
0.072 0.647646
0.073 0.653352
0.074 0.667618
0.075 0.67903
0.076 0.686163
0.077 0.697575
0.078 0.708987
0.079 0.724679
0.08 0.734665
0.081 0.740371
0.082 0.743224
0.083 0.75321
0.084 0.760342
0.085 0.766049
0.086 0.776034
0.087 0.784593
0.088 0.7903
0.089 0.807418
0.09 0.817404
0.091 0.821683
0.092 0.830243
0.093 0.835949
0.094 0.845934
0.095 0.851641
0.096 0.864479
0.097 0.871612
0.098 0.883024
0.099 0.88873
0.1 0.901569
0.101 0.905849
0.102 0.912981
0.103 0.920114
0.104 0.92582
0.105 0.931526
0.106 0.932953
0.107 0.937233
0.108 0.940086
0.109 0.942939
0.11 0.944365
0.111 0.944365
0.112 0.945792
0.113 0.948645
0.114 0.951498
0.115 0.952924
0.116 0.955777
0.117 0.957204
0.118 0.958631
0.119 0.96291
0.12 0.96719
0.121 0.970043
0.122 0.971469
0.123 0.971469
0.124 0.975749
0.125 0.977175
0.126 0.978602
0.127 0.978602
0.128 0.978602
0.129 0.981455
0.13 0.981455
0.131 0.984308
0.132 0.987161
0.133 0.988588
0.134 0.988588
0.135 0.990014
0.136 0.990014
0.137 0.990014
0.138 0.990014
0.139 0.991441
0.14 0.992867
0.141 0.994294
0.142 0.994294
0.143 0.994294
0.144 0.994294
0.145 0.994294
0.146 0.994294
0.147 0.994294
0.148 0.99572
0.149 0.99572
0.15 0.99572
0.151 0.99572
0.152 0.99572
0.153 0.99572
0.154 0.99572
0.155 0.997147
0.156 0.997147
0.157 0.997147
0.158 0.997147
0.159 0.998573
0.16 0.998573
0.161 0.998573
0.162 0.998573
0.163 0.998573
0.164 0.998573
0.165 0.998573
0.166 0.998573
0.167 0.998573
0.168 0.998573
0.169 0.998573
0.17 0.998573
0.171 1
0.172 1
0.173 1
0.174 1
0.175 1
0.176 1
0.177 1
0.178 1
0.179 1
0.18 1
0.181 1
0.182 1
0.183 1
0.184 1
0.185 1
0.186 1
0.187 1
0.188 1
0.189 1
0.19 1
0.191 1
0.192 1
0.193 1
0.194 1
0.195 1
0.196 1
0.197 1
0.198 1
0.199 1
0.2 1
0.201 1
0.202 1
0.203 1
0.204 1
0.205 1
0.206 1
0.207 1
0.208 1
0.209 1
0.21 1
0.211 1
0.212 1
0.213 1
0.214 1
0.215 1
0.216 1
0.217 1
0.218 1
0.219 1
0.22 1
0.221 1
0.222 1
0.223 1
0.224 1
0.225 1
0.226 1
0.227 1
0.228 1
0.229 1
0.23 1
0.231 1
0.232 1
0.233 1
0.234 1
0.235 1
0.236 1
0.237 1
0.238 1
0.239 1
0.24 1
0.241 1
0.242 1
0.243 1
0.244 1
0.245 1
0.246 1
0.247 1
0.248 1
0.249 1
0.25 1
0.251 1
0.252 1
0.253 1
0.254 1
0.255 1
0.256 1
0.257 1
0.258 1
0.259 1
0.26 1
0.261 1
0.262 1
0.263 1
0.264 1
0.265 1
0.266 1
0.267 1
0.268 1
0.269 1
0.27 1
0.271 1
0.272 1
0.273 1
0.274 1
0.275 1
0.276 1
0.277 1
0.278 1
0.279 1
0.28 1
0.281 1
0.282 1
0.283 1
0.284 1
0.285 1
0.286 1
0.287 1
0.288 1
0.289 1
0.29 1
0.291 1
0.292 1
0.293 1
0.294 1
0.295 1
0.296 1
0.297 1
0.298 1
0.299 1
0.3 1
0.301 1
0.302 1
0.303 1
0.304 1
0.305 1
0.306 1
0.307 1
0.308 1
0.309 1
0.31 1
0.311 1
0.312 1
0.313 1
0.314 1
0.315 1
0.316 1
0.317 1
0.318 1
0.319 1
0.32 1
0.321 1
0.322 1
0.323 1
0.324 1
0.325 1
0.326 1
0.327 1
0.328 1
0.329 1
0.33 1
0.331 1
0.332 1
0.333 1
0.334 1
0.335 1
0.336 1
0.337 1
0.338 1
0.339 1
0.34 1
0.341 1
0.342 1
0.343 1
0.344 1
0.345 1
0.346 1
0.347 1
0.348 1
0.349 1
0.35 1
0.351 1
0.352 1
0.353 1
0.354 1
0.355 1
0.356 1
0.357 1
0.358 1
0.359 1
0.36 1
0.361 1
0.362 1
0.363 1
0.364 1
0.365 1
0.366 1
0.367 1
0.368 1
0.369 1
0.37 1
0.371 1
0.372 1
0.373 1
0.374 1
0.375 1
0.376 1
0.377 1
0.378 1
0.379 1
0.38 1
0.381 1
0.382 1
0.383 1
0.384 1
0.385 1
0.386 1
0.387 1
0.388 1
0.389 1
0.39 1
0.391 1
0.392 1
0.393 1
0.394 1
0.395 1
0.396 1
0.397 1
0.398 1
0.399 1
0.4 1
