400
0 0
0.001 0.00768386
0.002 0.0175631
0.003 0.0230516
0.004 0.0296378
0.005 0.0384193
0.006 0.0461032
0.007 0.0570801
0.008 0.0702525
0.009 0.079034
0.01 0.0834248
0.011 0.0954995
0.012 0.0998902
0.013 0.105379
0.014 0.120746
0.015 0.127333
0.016 0.130626
0.017 0.140505
0.018 0.145993
0.019 0.15697
0.02 0.163557
0.021 0.17124
0.022 0.177827
0.023 0.184413
0.024 0.190999
0.025 0.198683
0.026 0.207464
0.027 0.217344
0.028 0.222832
0.029 0.234907
0.03 0.240395
0.031 0.244786
0.032 0.257958
0.033 0.265642
0.034 0.28101
0.035 0.287596
0.036 0.294182
0.037 0.304061
0.038 0.313941
0.039 0.321625
0.04 0.324918
0.041 0.331504
0.042 0.345774
0.043 0.356751
0.044 0.365532
0.045 0.373216
0.046 0.383096
0.047 0.392975
0.048 0.401756
0.049 0.410538
0.05 0.425906
0.051 0.436883
0.052 0.444566
0.053 0.456641
0.054 0.46213
0.055 0.473106
0.056 0.479693
0.057 0.485181
0.058 0.499451
0.059 0.508233
0.06 0.517014
0.061 0.529089
0.062 0.53787
0.063 0.54775
0.064 0.557629
0.065 0.563117
0.066 0.575192
0.067 0.583974
0.068 0.599341
0.069 0.611416
0.07 0.621295
0.071 0.634468
0.072 0.639956
0.073 0.653128
0.074 0.659715
0.075 0.668496
0.076 0.675082
0.077 0.686059
0.078 0.692645
0.079 0.702525
0.08 0.708013
0.081 0.717892
0.082 0.729967
0.083 0.737651
0.084 0.746432
0.085 0.755214
0.086 0.771679
0.087 0.780461
0.088 0.788145
0.089 0.795829
0.09 0.805708
0.091 0.815587
0.092 0.825467
0.093 0.835346
0.094 0.841932
0.095 0.84742
0.096 0.8573
0.097 0.862788
0.098 0.87157
0.099 0.87596
0.1 0.881449
0.101 0.888035
0.102 0.895719
0.103 0.897914
0.104 0.903403
0.105 0.911087
0.106 0.912184
0.107 0.916575
0.108 0.917673
0.109 0.922064
0.11 0.923161
0.111 0.924259
0.112 0.925357
0.113 0.927552
0.114 0.929748
0.115 0.935236
0.116 0.941822
0.117 0.94292
0.118 0.94292
0.119 0.948408
0.12 0.949506
0.121 0.950604
0.122 0.954995
0.123 0.95719
0.124 0.961581
0.125 0.964874
0.126 0.967069
0.127 0.969265
0.128 0.970362
0.129 0.972558
0.13 0.973655
0.131 0.975851
0.132 0.978046
0.133 0.979144
0.134 0.979144
0.135 0.980241
0.136 0.980241
0.137 0.982437
0.138 0.98573
0.139 0.986828
0.14 0.986828
0.141 0.987925
0.142 0.987925
0.143 0.987925
0.144 0.989023
0.145 0.990121
0.146 0.990121
0.147 0.990121
0.148 0.991218
0.149 0.992316
0.15 0.992316
0.151 0.992316
0.152 0.992316
0.153 0.993414
0.154 0.993414
0.155 0.993414
0.156 0.993414
0.157 0.993414
0.158 0.993414
0.159 0.993414
0.16 0.993414
0.161 0.993414
0.162 0.993414
0.163 0.993414
0.164 0.994512
0.165 0.994512
0.166 0.994512
0.167 0.994512
0.168 0.994512
0.169 0.994512
0.17 0.995609
0.171 0.995609
0.172 0.995609
0.173 0.995609
0.174 0.995609
0.175 0.995609
0.176 0.995609
0.177 0.996707
0.178 0.996707
0.179 0.996707
0.18 0.996707
0.181 0.996707
0.182 0.996707
0.183 0.996707
0.184 0.996707
0.185 0.996707
0.186 0.996707
0.187 0.996707
0.188 0.997805
0.189 0.997805
0.19 0.997805
0.191 0.997805
0.192 0.998902
0.193 0.998902
0.194 0.998902
0.195 0.998902
0.196 0.998902
0.197 0.998902
0.198 0.998902
0.199 0.998902
0.2 0.998902
0.201 0.998902
0.202 0.998902
0.203 0.998902
0.204 0.998902
0.205 0.998902
0.206 0.998902
0.207 0.998902
0.208 0.998902
0.209 0.998902
0.21 0.998902
0.211 0.998902
0.212 0.998902
0.213 0.998902
0.214 0.998902
0.215 0.998902
0.216 0.998902
0.217 0.998902
0.218 0.998902
0.219 0.998902
0.22 0.998902
0.221 0.998902
0.222 0.998902
0.223 0.998902
0.224 0.998902
0.225 1
0.226 1
0.227 1
0.228 1
0.229 1
0.23 1
0.231 1
0.232 1
0.233 1
0.234 1
0.235 1
0.236 1
0.237 1
0.238 1
0.239 1
0.24 1
0.241 1
0.242 1
0.243 1
0.244 1
0.245 1
0.246 1
0.247 1
0.248 1
0.249 1
0.25 1
0.251 1
0.252 1
0.253 1
0.254 1
0.255 1
0.256 1
0.257 1
0.258 1
0.259 1
0.26 1
0.261 1
0.262 1
0.263 1
0.264 1
0.265 1
0.266 1
0.267 1
0.268 1
0.269 1
0.27 1
0.271 1
0.272 1
0.273 1
0.274 1
0.275 1
0.276 1
0.277 1
0.278 1
0.279 1
0.28 1
0.281 1
0.282 1
0.283 1
0.284 1
0.285 1
0.286 1
0.287 1
0.288 1
0.289 1
0.29 1
0.291 1
0.292 1
0.293 1
0.294 1
0.295 1
0.296 1
0.297 1
0.298 1
0.299 1
0.3 1
0.301 1
0.302 1
0.303 1
0.304 1
0.305 1
0.306 1
0.307 1
0.308 1
0.309 1
0.31 1
0.311 1
0.312 1
0.313 1
0.314 1
0.315 1
0.316 1
0.317 1
0.318 1
0.319 1
0.32 1
0.321 1
0.322 1
0.323 1
0.324 1
0.325 1
0.326 1
0.327 1
0.328 1
0.329 1
0.33 1
0.331 1
0.332 1
0.333 1
0.334 1
0.335 1
0.336 1
0.337 1
0.338 1
0.339 1
0.34 1
0.341 1
0.342 1
0.343 1
0.344 1
0.345 1
0.346 1
0.347 1
0.348 1
0.349 1
0.35 1
0.351 1
0.352 1
0.353 1
0.354 1
0.355 1
0.356 1
0.357 1
0.358 1
0.359 1
0.36 1
0.361 1
0.362 1
0.363 1
0.364 1
0.365 1
0.366 1
0.367 1
0.368 1
0.369 1
0.37 1
0.371 1
0.372 1
0.373 1
0.374 1
0.375 1
0.376 1
0.377 1
0.378 1
0.379 1
0.38 1
0.381 1
0.382 1
0.383 1
0.384 1
0.385 1
0.386 1
0.387 1
0.388 1
0.389 1
0.39 1
0.391 1
0.392 1
0.393 1
0.394 1
0.395 1
0.396 1
0.397 1
0.398 1
0.399 1
0.4 1
