400
0 0
0.001 0.00911162
0.002 0.0250569
0.003 0.0364465
0.004 0.0455581
0.005 0.0546697
0.006 0.0660592
0.007 0.0797267
0.008 0.102506
0.009 0.111617
0.01 0.123007
0.011 0.134396
0.012 0.143508
0.013 0.159453
0.014 0.175399
0.015 0.179954
0.016 0.193622
0.017 0.211845
0.018 0.230068
0.019 0.241458
0.02 0.261959
0.021 0.273349
0.022 0.284738
0.023 0.29385
0.024 0.316629
0.025 0.332574
0.026 0.343964
0.027 0.355353
0.028 0.366743
0.029 0.382688
0.03 0.3918
0.031 0.403189
0.032 0.407745
0.033 0.432802
0.034 0.448747
0.035 0.455581
0.036 0.473804
0.037 0.487472
0.038 0.505695
0.039 0.523918
0.04 0.535308
0.041 0.548975
0.042 0.560364
0.043 0.574032
0.044 0.583144
0.045 0.592255
0.046 0.603645
0.047 0.612756
0.048 0.61959
0.049 0.624146
0.05 0.640091
0.051 0.651481
0.052 0.667426
0.053 0.671982
0.054 0.681093
0.055 0.697039
0.056 0.699317
0.057 0.708428
0.058 0.715262
0.059 0.728929
0.06 0.742597
0.061 0.751708
0.062 0.765376
0.063 0.774487
0.064 0.783599
0.065 0.790433
0.066 0.8041
0.067 0.813212
0.068 0.820046
0.069 0.831435
0.07 0.84738
0.071 0.854214
0.072 0.861048
0.073 0.863326
0.074 0.870159
0.075 0.874715
0.076 0.890661
0.077 0.906606
0.078 0.911162
0.079 0.915718
0.08 0.920273
0.081 0.922551
0.082 0.927107
0.083 0.933941
0.084 0.938497
0.085 0.938497
0.086 0.940775
0.087 0.943052
0.088 0.94533
0.089 0.949886
0.09 0.958998
0.091 0.958998
0.092 0.958998
0.093 0.965831
0.094 0.965831
0.095 0.968109
0.096 0.972665
0.097 0.974943
0.098 0.974943
0.099 0.977221
0.1 0.981777
0.101 0.984055
0.102 0.986333
0.103 0.990888
0.104 0.990888
0.105 0.990888
0.106 0.990888
0.107 0.990888
0.108 0.990888
0.109 0.993166
0.11 0.993166
0.111 0.993166
0.112 0.993166
0.113 0.993166
0.114 0.993166
0.115 0.993166
0.116 0.995444
0.117 0.997722
0.118 0.997722
0.119 0.997722
0.12 0.997722
0.121 0.997722
0.122 0.997722
0.123 0.997722
0.124 0.997722
0.125 0.997722
0.126 0.997722
0.127 0.997722
0.128 0.997722
0.129 0.997722
0.13 0.997722
0.131 1
0.132 1
0.133 1
0.134 1
0.135 1
0.136 1
0.137 1
0.138 1
0.139 1
0.14 1
0.141 1
0.142 1
0.143 1
0.144 1
0.145 1
0.146 1
0.147 1
0.148 1
0.149 1
0.15 1
0.151 1
0.152 1
0.153 1
0.154 1
0.155 1
0.156 1
0.157 1
0.158 1
0.159 1
0.16 1
0.161 1
0.162 1
0.163 1
0.164 1
0.165 1
0.166 1
0.167 1
0.168 1
0.169 1
0.17 1
0.171 1
0.172 1
0.173 1
0.174 1
0.175 1
0.176 1
0.177 1
0.178 1
0.179 1
0.18 1
0.181 1
0.182 1
0.183 1
0.184 1
0.185 1
0.186 1
0.187 1
0.188 1
0.189 1
0.19 1
0.191 1
0.192 1
0.193 1
0.194 1
0.195 1
0.196 1
0.197 1
0.198 1
0.199 1
0.2 1
0.201 1
0.202 1
0.203 1
0.204 1
0.205 1
0.206 1
0.207 1
0.208 1
0.209 1
0.21 1
0.211 1
0.212 1
0.213 1
0.214 1
0.215 1
0.216 1
0.217 1
0.218 1
0.219 1
0.22 1
0.221 1
0.222 1
0.223 1
0.224 1
0.225 1
0.226 1
0.227 1
0.228 1
0.229 1
0.23 1
0.231 1
0.232 1
0.233 1
0.234 1
0.235 1
0.236 1
0.237 1
0.238 1
0.239 1
0.24 1
0.241 1
0.242 1
0.243 1
0.244 1
0.245 1
0.246 1
0.247 1
0.248 1
0.249 1
0.25 1
0.251 1
0.252 1
0.253 1
0.254 1
0.255 1
0.256 1
0.257 1
0.258 1
0.259 1
0.26 1
0.261 1
0.262 1
0.263 1
0.264 1
0.265 1
0.266 1
0.267 1
0.268 1
0.269 1
0.27 1
0.271 1
0.272 1
0.273 1
0.274 1
0.275 1
0.276 1
0.277 1
0.278 1
0.279 1
0.28 1
0.281 1
0.282 1
0.283 1
0.284 1
0.285 1
0.286 1
0.287 1
0.288 1
0.289 1
0.29 1
0.291 1
0.292 1
0.293 1
0.294 1
0.295 1
0.296 1
0.297 1
0.298 1
0.299 1
0.3 1
0.301 1
0.302 1
0.303 1
0.304 1
0.305 1
0.306 1
0.307 1
0.308 1
0.309 1
0.31 1
0.311 1
0.312 1
0.313 1
0.314 1
0.315 1
0.316 1
0.317 1
0.318 1
0.319 1
0.32 1
0.321 1
0.322 1
0.323 1
0.324 1
0.325 1
0.326 1
0.327 1
0.328 1
0.329 1
0.33 1
0.331 1
0.332 1
0.333 1
0.334 1
0.335 1
0.336 1
0.337 1
0.338 1
0.339 1
0.34 1
0.341 1
0.342 1
0.343 1
0.344 1
0.345 1
0.346 1
0.347 1
0.348 1
0.349 1
0.35 1
0.351 1
0.352 1
0.353 1
0.354 1
0.355 1
0.356 1
0.357 1
0.358 1
0.359 1
0.36 1
0.361 1
0.362 1
0.363 1
0.364 1
0.365 1
0.366 1
0.367 1
0.368 1
0.369 1
0.37 1
0.371 1
0.372 1
0.373 1
0.374 1
0.375 1
0.376 1
0.377 1
0.378 1
0.379 1
0.38 1
0.381 1
0.382 1
0.383 1
0.384 1
0.385 1
0.386 1
0.387 1
0.388 1
0.389 1
0.39 1
0.391 1
0.392 1
0.393 1
0.394 1
0.395 1
0.396 1
0.397 1
0.398 1
0.399 1
0.4 1
