400
0 0
0.001 0.0115702
0.002 0.0198347
0.003 0.0264463
0.004 0.0330579
0.005 0.0396694
0.006 0.0512397
0.007 0.0644628
0.008 0.0694215
0.009 0.0727273
0.01 0.0842975
0.011 0.0909091
0.012 0.100826
0.013 0.119008
0.014 0.122314
0.015 0.127273
0.016 0.138843
0.017 0.147107
0.018 0.155372
0.019 0.163636
0.02 0.168595
0.021 0.175207
0.022 0.178512
0.023 0.181818
0.024 0.193388
0.025 0.2
0.026 0.21157
0.027 0.214876
0.028 0.231405
0.029 0.241322
0.03 0.247934
0.031 0.254545
0.032 0.269421
0.033 0.279339
0.034 0.284298
0.035 0.292562
0.036 0.309091
0.037 0.315702
0.038 0.323967
0.039 0.330579
0.04 0.33719
0.041 0.342149
0.042 0.34876
0.043 0.363636
0.044 0.368595
0.045 0.375207
0.046 0.393388
0.047 0.403306
0.048 0.414876
0.049 0.421488
0.05 0.424793
0.051 0.424793
0.052 0.431405
0.053 0.431405
0.054 0.439669
0.055 0.446281
0.056 0.459504
0.057 0.472727
0.058 0.479339
0.059 0.489256
0.06 0.495868
0.061 0.500826
0.062 0.510744
0.063 0.52562
0.064 0.535537
0.065 0.545455
0.066 0.553719
0.067 0.561983
0.068 0.566942
0.069 0.573554
0.07 0.583471
0.071 0.596694
0.072 0.61157
0.073 0.613223
0.074 0.618182
0.075 0.633058
0.076 0.639669
0.077 0.659504
0.078 0.664463
0.079 0.669421
0.08 0.67438
0.081 0.682645
0.082 0.690909
0.083 0.695868
0.084 0.704132
0.085 0.712397
0.086 0.723967
0.087 0.735537
0.088 0.743802
0.089 0.758678
0.09 0.768595
0.091 0.776859
0.092 0.781818
0.093 0.790083
0.094 0.795041
0.095 0.803306
0.096 0.806612
0.097 0.81157
0.098 0.821488
0.099 0.826446
0.1 0.841322
0.101 0.85124
0.102 0.861157
0.103 0.866116
0.104 0.877686
0.105 0.884298
0.106 0.887603
0.107 0.895868
0.108 0.902479
0.109 0.912397
0.11 0.917355
0.111 0.92562
0.112 0.930578
0.113 0.930578
0.114 0.93719
0.115 0.938843
0.116 0.945455
0.117 0.947107
0.118 0.94876
0.119 0.953719
0.12 0.960331
0.121 0.961983
0.122 0.965289
0.123 0.970248
0.124 0.973554
0.125 0.975207
0.126 0.976859
0.127 0.978512
0.128 0.978512
0.129 0.978512
0.13 0.981818
0.131 0.985124
0.132 0.985124
0.133 0.98843
0.134 0.98843
0.135 0.98843
0.136 0.98843
0.137 0.98843
0.138 0.990083
0.139 0.990083
0.14 0.990083
0.141 0.990083
0.142 0.990083
0.143 0.990083
0.144 0.995041
0.145 0.995041
0.146 0.995041
0.147 0.995041
0.148 0.995041
0.149 0.995041
0.15 0.995041
0.151 0.995041
0.152 0.995041
0.153 0.995041
0.154 0.995041
0.155 0.995041
0.156 0.995041
0.157 0.995041
0.158 0.995041
0.159 0.995041
0.16 0.995041
0.161 0.995041
0.162 0.995041
0.163 0.995041
0.164 0.995041
0.165 0.996694
0.166 0.996694
0.167 0.996694
0.168 0.996694
0.169 0.996694
0.17 0.996694
0.171 0.996694
0.172 0.996694
0.173 0.996694
0.174 0.996694
0.175 0.996694
0.176 0.996694
0.177 0.996694
0.178 0.996694
0.179 0.996694
0.18 0.996694
0.181 0.996694
0.182 0.996694
0.183 0.996694
0.184 0.996694
0.185 0.996694
0.186 0.996694
0.187 0.996694
0.188 0.996694
0.189 0.998347
0.19 0.998347
0.191 0.998347
0.192 0.998347
0.193 0.998347
0.194 0.998347
0.195 0.998347
0.196 0.998347
0.197 0.998347
0.198 0.998347
0.199 0.998347
0.2 0.998347
0.201 0.998347
0.202 0.998347
0.203 0.998347
0.204 1
0.205 1
0.206 1
0.207 1
0.208 1
0.209 1
0.21 1
0.211 1
0.212 1
0.213 1
0.214 1
0.215 1
0.216 1
0.217 1
0.218 1
0.219 1
0.22 1
0.221 1
0.222 1
0.223 1
0.224 1
0.225 1
0.226 1
0.227 1
0.228 1
0.229 1
0.23 1
0.231 1
0.232 1
0.233 1
0.234 1
0.235 1
0.236 1
0.237 1
0.238 1
0.239 1
0.24 1
0.241 1
0.242 1
0.243 1
0.244 1
0.245 1
0.246 1
0.247 1
0.248 1
0.249 1
0.25 1
0.251 1
0.252 1
0.253 1
0.254 1
0.255 1
0.256 1
0.257 1
0.258 1
0.259 1
0.26 1
0.261 1
0.262 1
0.263 1
0.264 1
0.265 1
0.266 1
0.267 1
0.268 1
0.269 1
0.27 1
0.271 1
0.272 1
0.273 1
0.274 1
0.275 1
0.276 1
0.277 1
0.278 1
0.279 1
0.28 1
0.281 1
0.282 1
0.283 1
0.284 1
0.285 1
0.286 1
0.287 1
0.288 1
0.289 1
0.29 1
0.291 1
0.292 1
0.293 1
0.294 1
0.295 1
0.296 1
0.297 1
0.298 1
0.299 1
0.3 1
0.301 1
0.302 1
0.303 1
0.304 1
0.305 1
0.306 1
0.307 1
0.308 1
0.309 1
0.31 1
0.311 1
0.312 1
0.313 1
0.314 1
0.315 1
0.316 1
0.317 1
0.318 1
0.319 1
0.32 1
0.321 1
0.322 1
0.323 1
0.324 1
0.325 1
0.326 1
0.327 1
0.328 1
0.329 1
0.33 1
0.331 1
0.332 1
0.333 1
0.334 1
0.335 1
0.336 1
0.337 1
0.338 1
0.339 1
0.34 1
0.341 1
0.342 1
0.343 1
0.344 1
0.345 1
0.346 1
0.347 1
0.348 1
0.349 1
0.35 1
0.351 1
0.352 1
0.353 1
0.354 1
0.355 1
0.356 1
0.357 1
0.358 1
0.359 1
0.36 1
0.361 1
0.362 1
0.363 1
0.364 1
0.365 1
0.366 1
0.367 1
0.368 1
0.369 1
0.37 1
0.371 1
0.372 1
0.373 1
0.374 1
0.375 1
0.376 1
0.377 1
0.378 1
0.379 1
0.38 1
0.381 1
0.382 1
0.383 1
0.384 1
0.385 1
0.386 1
0.387 1
0.388 1
0.389 1
0.39 1
0.391 1
0.392 1
0.393 1
0.394 1
0.395 1
0.396 1
0.397 1
0.398 1
0.399 1
0.4 1
