400
0 0
0.001 0.00505561
0.002 0.0121335
0.003 0.0222447
0.004 0.0374115
0.005 0.049545
0.006 0.0525784
0.007 0.0586451
0.008 0.065723
0.009 0.0748231
0.01 0.0869565
0.011 0.101112
0.012 0.10819
0.013 0.115268
0.014 0.119312
0.015 0.123357
0.016 0.136502
0.017 0.147624
0.018 0.155713
0.019 0.163802
0.02 0.169869
0.021 0.177958
0.022 0.185035
0.023 0.18908
0.024 0.194135
0.025 0.20728
0.026 0.218402
0.027 0.224469
0.028 0.233569
0.029 0.24368
0.03 0.247725
0.031 0.255814
0.032 0.264914
0.033 0.271992
0.034 0.277048
0.035 0.286148
0.036 0.295248
0.037 0.30637
0.038 0.316481
0.039 0.325581
0.04 0.337715
0.041 0.346815
0.042 0.354904
0.043 0.362993
0.044 0.368049
0.045 0.373104
0.046 0.380182
0.047 0.382204
0.048 0.383215
0.049 0.397371
0.05 0.40546
0.051 0.410516
0.052 0.419616
0.053 0.428716
0.054 0.44186
0.055 0.453994
0.056 0.464105
0.057 0.475228
0.058 0.481294
0.059 0.485339
0.06 0.494439
0.061 0.50455
0.062 0.510617
0.063 0.52275
0.064 0.529828
0.065 0.538928
0.066 0.552073
0.067 0.563195
0.068 0.573306
0.069 0.578362
0.07 0.58544
0.071 0.596562
0.072 0.602629
0.073 0.610718
0.074 0.619818
0.075 0.627907
0.076 0.634985
0.077 0.644085
0.078 0.651163
0.079 0.662285
0.08 0.669363
0.081 0.680485
0.082 0.687563
0.083 0.698686
0.084 0.709808
0.085 0.723964
0.086 0.729019
0.087 0.73913
0.088 0.743175
0.089 0.758342
0.09 0.768453
0.091 0.775531
0.092 0.78362
0.093 0.795753
0.094 0.804853
0.095 0.814965
0.096 0.82002
0.097 0.833165
0.098 0.840243
0.099 0.845298
0.1 0.851365
0.101 0.856421
0.102 0.861476
0.103 0.869565
0.104 0.880688
0.105 0.885743
0.106 0.893832
0.107 0.895854
0.108 0.897877
0.109 0.901921
0.11 0.905966
0.111 0.911021
0.112 0.917088
0.113 0.918099
0.114 0.920121
0.115 0.926188
0.116 0.929221
0.117 0.932255
0.118 0.93731
0.119 0.939333
0.12 0.945399
0.121 0.947422
0.122 0.949444
0.123 0.952477
0.124 0.957533
0.125 0.961577
0.126 0.965622
0.127 0.967644
0.128 0.969666
0.129 0.969666
0.13 0.9727
0.131 0.974722
0.132 0.976744
0.133 0.978766
0.134 0.979778
0.135 0.979778
0.136 0.9818
0.137 0.982811
0.138 0.983822
0.139 0.984833
0.14 0.985844
0.141 0.985844
0.142 0.988878
0.143 0.988878
0.144 0.988878
0.145 0.988878
0.146 0.988878
0.147 0.988878
0.148 0.988878
0.149 0.989889
0.15 0.989889
0.151 0.989889
0.152 0.989889
0.153 0.9909
0.154 0.9909
0.155 0.9909
0.156 0.9909
0.157 0.9909
0.158 0.9909
0.159 0.991911
0.16 0.991911
0.161 0.991911
0.162 0.991911
0.163 0.992922
0.164 0.994944
0.165 0.994944
0.166 0.994944
0.167 0.994944
0.168 0.994944
0.169 0.995956
0.17 0.996967
0.171 0.996967
0.172 0.996967
0.173 0.996967
0.174 0.996967
0.175 0.996967
0.176 0.996967
0.177 0.996967
0.178 0.996967
0.179 0.996967
0.18 0.996967
0.181 0.996967
0.182 0.996967
0.183 0.996967
0.184 0.996967
0.185 0.996967
0.186 0.996967
0.187 0.996967
0.188 0.997978
0.189 0.997978
0.19 0.997978
0.191 0.997978
0.192 0.997978
0.193 0.998989
0.194 0.998989
0.195 0.998989
0.196 0.998989
0.197 0.998989
0.198 0.998989
0.199 0.998989
0.2 0.998989
0.201 0.998989
0.202 0.998989
0.203 0.998989
0.204 0.998989
0.205 0.998989
0.206 0.998989
0.207 0.998989
0.208 0.998989
0.209 0.998989
0.21 0.998989
0.211 1
0.212 1
0.213 1
0.214 1
0.215 1
0.216 1
0.217 1
0.218 1
0.219 1
0.22 1
0.221 1
0.222 1
0.223 1
0.224 1
0.225 1
0.226 1
0.227 1
0.228 1
0.229 1
0.23 1
0.231 1
0.232 1
0.233 1
0.234 1
0.235 1
0.236 1
0.237 1
0.238 1
0.239 1
0.24 1
0.241 1
0.242 1
0.243 1
0.244 1
0.245 1
0.246 1
0.247 1
0.248 1
0.249 1
0.25 1
0.251 1
0.252 1
0.253 1
0.254 1
0.255 1
0.256 1
0.257 1
0.258 1
0.259 1
0.26 1
0.261 1
0.262 1
0.263 1
0.264 1
0.265 1
0.266 1
0.267 1
0.268 1
0.269 1
0.27 1
0.271 1
0.272 1
0.273 1
0.274 1
0.275 1
0.276 1
0.277 1
0.278 1
0.279 1
0.28 1
0.281 1
0.282 1
0.283 1
0.284 1
0.285 1
0.286 1
0.287 1
0.288 1
0.289 1
0.29 1
0.291 1
0.292 1
0.293 1
0.294 1
0.295 1
0.296 1
0.297 1
0.298 1
0.299 1
0.3 1
0.301 1
0.302 1
0.303 1
0.304 1
0.305 1
0.306 1
0.307 1
0.308 1
0.309 1
0.31 1
0.311 1
0.312 1
0.313 1
0.314 1
0.315 1
0.316 1
0.317 1
0.318 1
0.319 1
0.32 1
0.321 1
0.322 1
0.323 1
0.324 1
0.325 1
0.326 1
0.327 1
0.328 1
0.329 1
0.33 1
0.331 1
0.332 1
0.333 1
0.334 1
0.335 1
0.336 1
0.337 1
0.338 1
0.339 1
0.34 1
0.341 1
0.342 1
0.343 1
0.344 1
0.345 1
0.346 1
0.347 1
0.348 1
0.349 1
0.35 1
0.351 1
0.352 1
0.353 1
0.354 1
0.355 1
0.356 1
0.357 1
0.358 1
0.359 1
0.36 1
0.361 1
0.362 1
0.363 1
0.364 1
0.365 1
0.366 1
0.367 1
0.368 1
0.369 1
0.37 1
0.371 1
0.372 1
0.373 1
0.374 1
0.375 1
0.376 1
0.377 1
0.378 1
0.379 1
0.38 1
0.381 1
0.382 1
0.383 1
0.384 1
0.385 1
0.386 1
0.387 1
0.388 1
0.389 1
0.39 1
0.391 1
0.392 1
0.393 1
0.394 1
0.395 1
0.396 1
0.397 1
0.398 1
0.399 1
0.4 1
