400
0 0
0.001 0.0144928
0.002 0.0144928
0.003 0.0144928
0.004 0.0144928
0.005 0.0144928
0.006 0.0144928
0.007 0.0144928
0.008 0.0289855
0.009 0.0289855
0.01 0.0289855
0.011 0.0434783
0.012 0.057971
0.013 0.057971
0.014 0.0724638
0.015 0.0724638
0.016 0.0869565
0.017 0.0869565
0.018 0.0869565
0.019 0.0869565
0.02 0.0869565
0.021 0.101449
0.022 0.101449
0.023 0.101449
0.024 0.101449
0.025 0.101449
0.026 0.101449
0.027 0.101449
0.028 0.130435
0.029 0.130435
0.03 0.130435
0.031 0.130435
0.032 0.130435
0.033 0.15942
0.034 0.173913
0.035 0.188406
0.036 0.202899
0.037 0.217391
0.038 0.26087
0.039 0.26087
0.04 0.26087
0.041 0.26087
0.042 0.26087
0.043 0.275362
0.044 0.275362
0.045 0.304348
0.046 0.304348
0.047 0.304348
0.048 0.304348
0.049 0.304348
0.05 0.304348
0.051 0.304348
0.052 0.304348
0.053 0.318841
0.054 0.318841
0.055 0.318841
0.056 0.318841
0.057 0.318841
0.058 0.318841
0.059 0.333333
0.06 0.333333
0.061 0.347826
0.062 0.347826
0.063 0.347826
0.064 0.347826
0.065 0.376812
0.066 0.376812
0.067 0.376812
0.068 0.376812
0.069 0.376812
0.07 0.391304
0.071 0.391304
0.072 0.391304
0.073 0.405797
0.074 0.42029
0.075 0.42029
0.076 0.42029
0.077 0.42029
0.078 0.434783
0.079 0.434783
0.08 0.449275
0.081 0.449275
0.082 0.449275
0.083 0.463768
0.084 0.463768
0.085 0.463768
0.086 0.463768
0.087 0.463768
0.088 0.478261
0.089 0.492754
0.09 0.492754
0.091 0.492754
0.092 0.536232
0.093 0.550725
0.094 0.550725
0.095 0.550725
0.096 0.565217
0.097 0.57971
0.098 0.57971
0.099 0.57971
0.1 0.57971
0.101 0.594203
0.102 0.594203
0.103 0.608696
0.104 0.608696
0.105 0.608696
0.106 0.608696
0.107 0.608696
0.108 0.608696
0.109 0.623188
0.11 0.623188
0.111 0.623188
0.112 0.623188
0.113 0.637681
0.114 0.637681
0.115 0.652174
0.116 0.652174
0.117 0.652174
0.118 0.652174
0.119 0.666667
0.12 0.681159
0.121 0.681159
0.122 0.681159
0.123 0.681159
0.124 0.681159
0.125 0.681159
0.126 0.681159
0.127 0.681159
0.128 0.681159
0.129 0.681159
0.13 0.695652
0.131 0.695652
0.132 0.695652
0.133 0.695652
0.134 0.695652
0.135 0.695652
0.136 0.710145
0.137 0.724638
0.138 0.724638
0.139 0.724638
0.14 0.724638
0.141 0.724638
0.142 0.73913
0.143 0.73913
0.144 0.753623
0.145 0.753623
0.146 0.753623
0.147 0.768116
0.148 0.768116
0.149 0.768116
0.15 0.782609
0.151 0.797101
0.152 0.797101
0.153 0.797101
0.154 0.797101
0.155 0.797101
0.156 0.797101
0.157 0.811594
0.158 0.811594
0.159 0.811594
0.16 0.811594
0.161 0.811594
0.162 0.811594
0.163 0.811594
0.164 0.811594
0.165 0.811594
0.166 0.811594
0.167 0.811594
0.168 0.811594
0.169 0.811594
0.17 0.811594
0.171 0.811594
0.172 0.811594
0.173 0.811594
0.174 0.811594
0.175 0.811594
0.176 0.826087
0.177 0.84058
0.178 0.84058
0.179 0.84058
0.18 0.84058
0.181 0.84058
0.182 0.84058
0.183 0.84058
0.184 0.84058
0.185 0.84058
0.186 0.84058
0.187 0.84058
0.188 0.84058
0.189 0.84058
0.19 0.84058
0.191 0.84058
0.192 0.84058
0.193 0.84058
0.194 0.855072
0.195 0.855072
0.196 0.855072
0.197 0.855072
0.198 0.855072
0.199 0.855072
0.2 0.855072
0.201 0.855072
0.202 0.855072
0.203 0.855072
0.204 0.855072
0.205 0.869565
0.206 0.869565
0.207 0.869565
0.208 0.869565
0.209 0.869565
0.21 0.884058
0.211 0.884058
0.212 0.884058
0.213 0.884058
0.214 0.884058
0.215 0.884058
0.216 0.884058
0.217 0.884058
0.218 0.884058
0.219 0.884058
0.22 0.884058
0.221 0.884058
0.222 0.884058
0.223 0.884058
0.224 0.884058
0.225 0.898551
0.226 0.913043
0.227 0.913043
0.228 0.913043
0.229 0.913043
0.23 0.913043
0.231 0.913043
0.232 0.913043
0.233 0.913043
0.234 0.913043
0.235 0.913043
0.236 0.927536
0.237 0.942029
0.238 0.956522
0.239 0.956522
0.24 0.956522
0.241 0.971015
0.242 0.971015
0.243 0.971015
0.244 0.971015
0.245 0.971015
0.246 0.971015
0.247 0.971015
0.248 0.971015
0.249 0.971015
0.25 0.971015
0.251 0.971015
0.252 0.971015
0.253 0.985507
0.254 0.985507
0.255 0.985507
0.256 0.985507
0.257 0.985507
0.258 0.985507
0.259 0.985507
0.26 0.985507
0.261 0.985507
0.262 0.985507
0.263 0.985507
0.264 0.985507
0.265 0.985507
0.266 0.985507
0.267 0.985507
0.268 0.985507
0.269 0.985507
0.27 0.985507
0.271 1
0.272 1
0.273 1
0.274 1
0.275 1
0.276 1
0.277 1
0.278 1
0.279 1
0.28 1
0.281 1
0.282 1
0.283 1
0.284 1
0.285 1
0.286 1
0.287 1
0.288 1
0.289 1
0.29 1
0.291 1
0.292 1
0.293 1
0.294 1
0.295 1
0.296 1
0.297 1
0.298 1
0.299 1
0.3 1
0.301 1
0.302 1
0.303 1
0.304 1
0.305 1
0.306 1
0.307 1
0.308 1
0.309 1
0.31 1
0.311 1
0.312 1
0.313 1
0.314 1
0.315 1
0.316 1
0.317 1
0.318 1
0.319 1
0.32 1
0.321 1
0.322 1
0.323 1
0.324 1
0.325 1
0.326 1
0.327 1
0.328 1
0.329 1
0.33 1
0.331 1
0.332 1
0.333 1
0.334 1
0.335 1
0.336 1
0.337 1
0.338 1
0.339 1
0.34 1
0.341 1
0.342 1
0.343 1
0.344 1
0.345 1
0.346 1
0.347 1
0.348 1
0.349 1
0.35 1
0.351 1
0.352 1
0.353 1
0.354 1
0.355 1
0.356 1
0.357 1
0.358 1
0.359 1
0.36 1
0.361 1
0.362 1
0.363 1
0.364 1
0.365 1
0.366 1
0.367 1
0.368 1
0.369 1
0.37 1
0.371 1
0.372 1
0.373 1
0.374 1
0.375 1
0.376 1
0.377 1
0.378 1
0.379 1
0.38 1
0.381 1
0.382 1
0.383 1
0.384 1
0.385 1
0.386 1
0.387 1
0.388 1
0.389 1
0.39 1
0.391 1
0.392 1
0.393 1
0.394 1
0.395 1
0.396 1
0.397 1
0.398 1
0.399 1
0.4 1
