400
0 0
0.001 0.0151515
0.002 0.0151515
0.003 0.0151515
0.004 0.0151515
0.005 0.0151515
0.006 0.0151515
0.007 0.030303
0.008 0.030303
0.009 0.0454545
0.01 0.0454545
0.011 0.0454545
0.012 0.0454545
0.013 0.0606061
0.014 0.0757576
0.015 0.0757576
0.016 0.0757576
0.017 0.0757576
0.018 0.0757576
0.019 0.0757576
0.02 0.0757576
0.021 0.0757576
0.022 0.0909091
0.023 0.0909091
0.024 0.0909091
0.025 0.0909091
0.026 0.0909091
0.027 0.0909091
0.028 0.0909091
0.029 0.0909091
0.03 0.0909091
0.031 0.106061
0.032 0.106061
0.033 0.136364
0.034 0.136364
0.035 0.136364
0.036 0.136364
0.037 0.166667
0.038 0.166667
0.039 0.166667
0.04 0.181818
0.041 0.19697
0.042 0.19697
0.043 0.212121
0.044 0.227273
0.045 0.227273
0.046 0.227273
0.047 0.242424
0.048 0.257576
0.049 0.257576
0.05 0.257576
0.051 0.257576
0.052 0.272727
0.053 0.272727
0.054 0.272727
0.055 0.287879
0.056 0.318182
0.057 0.318182
0.058 0.318182
0.059 0.318182
0.06 0.333333
0.061 0.348485
0.062 0.348485
0.063 0.348485
0.064 0.363636
0.065 0.363636
0.066 0.363636
0.067 0.363636
0.068 0.363636
0.069 0.363636
0.07 0.363636
0.071 0.363636
0.072 0.378788
0.073 0.393939
0.074 0.409091
0.075 0.424242
0.076 0.424242
0.077 0.439394
0.078 0.439394
0.079 0.454545
0.08 0.484848
0.081 0.5
0.082 0.515152
0.083 0.515152
0.084 0.515152
0.085 0.530303
0.086 0.530303
0.087 0.530303
0.088 0.530303
0.089 0.530303
0.09 0.530303
0.091 0.530303
0.092 0.545455
0.093 0.560606
0.094 0.560606
0.095 0.560606
0.096 0.575758
0.097 0.590909
0.098 0.590909
0.099 0.590909
0.1 0.590909
0.101 0.590909
0.102 0.590909
0.103 0.606061
0.104 0.606061
0.105 0.606061
0.106 0.606061
0.107 0.606061
0.108 0.621212
0.109 0.621212
0.11 0.636364
0.111 0.651515
0.112 0.666667
0.113 0.666667
0.114 0.666667
0.115 0.681818
0.116 0.681818
0.117 0.69697
0.118 0.69697
0.119 0.727273
0.12 0.727273
0.121 0.742424
0.122 0.742424
0.123 0.742424
0.124 0.757576
0.125 0.757576
0.126 0.787879
0.127 0.787879
0.128 0.787879
0.129 0.787879
0.13 0.787879
0.131 0.787879
0.132 0.787879
0.133 0.787879
0.134 0.787879
0.135 0.787879
0.136 0.787879
0.137 0.787879
0.138 0.80303
0.139 0.80303
0.14 0.80303
0.141 0.80303
0.142 0.80303
0.143 0.80303
0.144 0.80303
0.145 0.80303
0.146 0.80303
0.147 0.80303
0.148 0.80303
0.149 0.833333
0.15 0.833333
0.151 0.833333
0.152 0.848485
0.153 0.848485
0.154 0.848485
0.155 0.848485
0.156 0.848485
0.157 0.863636
0.158 0.863636
0.159 0.863636
0.16 0.863636
0.161 0.878788
0.162 0.878788
0.163 0.878788
0.164 0.878788
0.165 0.878788
0.166 0.878788
0.167 0.893939
0.168 0.893939
0.169 0.893939
0.17 0.893939
0.171 0.893939
0.172 0.909091
0.173 0.909091
0.174 0.924242
0.175 0.924242
0.176 0.924242
0.177 0.924242
0.178 0.924242
0.179 0.924242
0.18 0.924242
0.181 0.924242
0.182 0.924242
0.183 0.924242
0.184 0.924242
0.185 0.939394
0.186 0.939394
0.187 0.939394
0.188 0.939394
0.189 0.939394
0.19 0.939394
0.191 0.939394
0.192 0.939394
0.193 0.939394
0.194 0.939394
0.195 0.939394
0.196 0.939394
0.197 0.939394
0.198 0.939394
0.199 0.939394
0.2 0.939394
0.201 0.939394
0.202 0.939394
0.203 0.939394
0.204 0.939394
0.205 0.939394
0.206 0.939394
0.207 0.939394
0.208 0.954545
0.209 0.954545
0.21 0.954545
0.211 0.954545
0.212 0.954545
0.213 0.969697
0.214 0.969697
0.215 0.969697
0.216 0.969697
0.217 0.969697
0.218 0.969697
0.219 0.969697
0.22 0.969697
0.221 0.969697
0.222 0.969697
0.223 0.969697
0.224 0.969697
0.225 0.969697
0.226 0.969697
0.227 0.984849
0.228 0.984849
0.229 0.984849
0.23 0.984849
0.231 0.984849
0.232 0.984849
0.233 0.984849
0.234 0.984849
0.235 0.984849
0.236 0.984849
0.237 0.984849
0.238 0.984849
0.239 0.984849
0.24 0.984849
0.241 0.984849
0.242 0.984849
0.243 0.984849
0.244 0.984849
0.245 0.984849
0.246 0.984849
0.247 0.984849
0.248 0.984849
0.249 0.984849
0.25 0.984849
0.251 0.984849
0.252 0.984849
0.253 0.984849
0.254 0.984849
0.255 0.984849
0.256 0.984849
0.257 0.984849
0.258 0.984849
0.259 0.984849
0.26 0.984849
0.261 0.984849
0.262 0.984849
0.263 0.984849
0.264 0.984849
0.265 0.984849
0.266 0.984849
0.267 0.984849
0.268 0.984849
0.269 0.984849
0.27 0.984849
0.271 0.984849
0.272 0.984849
0.273 1
0.274 1
0.275 1
0.276 1
0.277 1
0.278 1
0.279 1
0.28 1
0.281 1
0.282 1
0.283 1
0.284 1
0.285 1
0.286 1
0.287 1
0.288 1
0.289 1
0.29 1
0.291 1
0.292 1
0.293 1
0.294 1
0.295 1
0.296 1
0.297 1
0.298 1
0.299 1
0.3 1
0.301 1
0.302 1
0.303 1
0.304 1
0.305 1
0.306 1
0.307 1
0.308 1
0.309 1
0.31 1
0.311 1
0.312 1
0.313 1
0.314 1
0.315 1
0.316 1
0.317 1
0.318 1
0.319 1
0.32 1
0.321 1
0.322 1
0.323 1
0.324 1
0.325 1
0.326 1
0.327 1
0.328 1
0.329 1
0.33 1
0.331 1
0.332 1
0.333 1
0.334 1
0.335 1
0.336 1
0.337 1
0.338 1
0.339 1
0.34 1
0.341 1
0.342 1
0.343 1
0.344 1
0.345 1
0.346 1
0.347 1
0.348 1
0.349 1
0.35 1
0.351 1
0.352 1
0.353 1
0.354 1
0.355 1
0.356 1
0.357 1
0.358 1
0.359 1
0.36 1
0.361 1
0.362 1
0.363 1
0.364 1
0.365 1
0.366 1
0.367 1
0.368 1
0.369 1
0.37 1
0.371 1
0.372 1
0.373 1
0.374 1
0.375 1
0.376 1
0.377 1
0.378 1
0.379 1
0.38 1
0.381 1
0.382 1
0.383 1
0.384 1
0.385 1
0.386 1
0.387 1
0.388 1
0.389 1
0.39 1
0.391 1
0.392 1
0.393 1
0.394 1
0.395 1
0.396 1
0.397 1
0.398 1
0.399 1
0.4 1
