400
0 0
0.001 0
0.002 0
0.003 0
0.004 0
0.005 0
0.006 0
0.007 0
0.008 0
0.009 0
0.01 0.0142857
0.011 0.0285714
0.012 0.0428571
0.013 0.0428571
0.014 0.0428571
0.015 0.0428571
0.016 0.0428571
0.017 0.0428571
0.018 0.0571429
0.019 0.0571429
0.02 0.0714286
0.021 0.0714286
0.022 0.0714286
0.023 0.0857143
0.024 0.0857143
0.025 0.1
0.026 0.1
0.027 0.114286
0.028 0.114286
0.029 0.114286
0.03 0.128571
0.031 0.142857
0.032 0.142857
0.033 0.157143
0.034 0.171429
0.035 0.171429
0.036 0.171429
0.037 0.171429
0.038 0.185714
0.039 0.185714
0.04 0.2
0.041 0.2
0.042 0.2
0.043 0.214286
0.044 0.214286
0.045 0.214286
0.046 0.214286
0.047 0.214286
0.048 0.214286
0.049 0.228571
0.05 0.228571
0.051 0.228571
0.052 0.242857
0.053 0.257143
0.054 0.285714
0.055 0.285714
0.056 0.285714
0.057 0.285714
0.058 0.3
0.059 0.3
0.06 0.328571
0.061 0.328571
0.062 0.357143
0.063 0.385714
0.064 0.385714
0.065 0.385714
0.066 0.4
0.067 0.4
0.068 0.414286
0.069 0.414286
0.07 0.414286
0.071 0.428571
0.072 0.442857
0.073 0.457143
0.074 0.471429
0.075 0.5
0.076 0.514286
0.077 0.514286
0.078 0.528571
0.079 0.528571
0.08 0.528571
0.081 0.542857
0.082 0.542857
0.083 0.542857
0.084 0.557143
0.085 0.557143
0.086 0.557143
0.087 0.557143
0.088 0.557143
0.089 0.557143
0.09 0.557143
0.091 0.557143
0.092 0.557143
0.093 0.571429
0.094 0.571429
0.095 0.585714
0.096 0.585714
0.097 0.6
0.098 0.6
0.099 0.614286
0.1 0.614286
0.101 0.614286
0.102 0.614286
0.103 0.614286
0.104 0.614286
0.105 0.614286
0.106 0.614286
0.107 0.614286
0.108 0.614286
0.109 0.628571
0.11 0.628571
0.111 0.628571
0.112 0.671429
0.113 0.671429
0.114 0.728571
0.115 0.728571
0.116 0.728571
0.117 0.742857
0.118 0.742857
0.119 0.771429
0.12 0.771429
0.121 0.771429
0.122 0.785714
0.123 0.8
0.124 0.8
0.125 0.8
0.126 0.814286
0.127 0.814286
0.128 0.814286
0.129 0.828571
0.13 0.828571
0.131 0.828571
0.132 0.828571
0.133 0.828571
0.134 0.828571
0.135 0.828571
0.136 0.828571
0.137 0.828571
0.138 0.828571
0.139 0.828571
0.14 0.828571
0.141 0.828571
0.142 0.828571
0.143 0.828571
0.144 0.828571
0.145 0.828571
0.146 0.828571
0.147 0.828571
0.148 0.828571
0.149 0.842857
0.15 0.857143
0.151 0.871429
0.152 0.871429
0.153 0.871429
0.154 0.871429
0.155 0.871429
0.156 0.871429
0.157 0.885714
0.158 0.885714
0.159 0.9
0.16 0.9
0.161 0.914286
0.162 0.914286
0.163 0.914286
0.164 0.914286
0.165 0.914286
0.166 0.914286
0.167 0.914286
0.168 0.914286
0.169 0.914286
0.17 0.914286
0.171 0.914286
0.172 0.914286
0.173 0.914286
0.174 0.914286
0.175 0.914286
0.176 0.914286
0.177 0.914286
0.178 0.928571
0.179 0.928571
0.18 0.928571
0.181 0.928571
0.182 0.928571
0.183 0.928571
0.184 0.928571
0.185 0.928571
0.186 0.928571
0.187 0.928571
0.188 0.928571
0.189 0.928571
0.19 0.928571
0.191 0.928571
0.192 0.928571
0.193 0.928571
0.194 0.928571
0.195 0.928571
0.196 0.928571
0.197 0.928571
0.198 0.942857
0.199 0.942857
0.2 0.957143
0.201 0.957143
0.202 0.971429
0.203 0.971429
0.204 0.971429
0.205 0.971429
0.206 0.971429
0.207 0.971429
0.208 0.971429
0.209 0.971429
0.21 0.971429
0.211 0.971429
0.212 0.971429
0.213 0.971429
0.214 0.971429
0.215 0.971429
0.216 0.971429
0.217 0.971429
0.218 0.971429
0.219 0.971429
0.22 0.971429
0.221 0.971429
0.222 0.971429
0.223 0.971429
0.224 0.971429
0.225 0.971429
0.226 0.971429
0.227 0.971429
0.228 0.971429
0.229 0.971429
0.23 0.971429
0.231 0.971429
0.232 0.971429
0.233 0.971429
0.234 0.971429
0.235 0.971429
0.236 0.971429
0.237 0.971429
0.238 0.971429
0.239 0.971429
0.24 0.971429
0.241 0.971429
0.242 0.971429
0.243 0.971429
0.244 0.971429
0.245 0.971429
0.246 0.971429
0.247 0.985714
0.248 0.985714
0.249 0.985714
0.25 0.985714
0.251 0.985714
0.252 0.985714
0.253 0.985714
0.254 0.985714
0.255 0.985714
0.256 0.985714
0.257 0.985714
0.258 0.985714
0.259 0.985714
0.26 0.985714
0.261 0.985714
0.262 0.985714
0.263 0.985714
0.264 0.985714
0.265 0.985714
0.266 0.985714
0.267 0.985714
0.268 0.985714
0.269 0.985714
0.27 0.985714
0.271 0.985714
0.272 0.985714
0.273 0.985714
0.274 0.985714
0.275 0.985714
0.276 0.985714
0.277 0.985714
0.278 0.985714
0.279 0.985714
0.28 0.985714
0.281 0.985714
0.282 0.985714
0.283 0.985714
0.284 0.985714
0.285 0.985714
0.286 0.985714
0.287 0.985714
0.288 0.985714
0.289 0.985714
0.29 0.985714
0.291 0.985714
0.292 0.985714
0.293 0.985714
0.294 0.985714
0.295 0.985714
0.296 0.985714
0.297 0.985714
0.298 0.985714
0.299 0.985714
0.3 0.985714
0.301 0.985714
0.302 0.985714
0.303 0.985714
0.304 0.985714
0.305 0.985714
0.306 0.985714
0.307 0.985714
0.308 0.985714
0.309 0.985714
0.31 0.985714
0.311 0.985714
0.312 0.985714
0.313 1
0.314 1
0.315 1
0.316 1
0.317 1
0.318 1
0.319 1
0.32 1
0.321 1
0.322 1
0.323 1
0.324 1
0.325 1
0.326 1
0.327 1
0.328 1
0.329 1
0.33 1
0.331 1
0.332 1
0.333 1
0.334 1
0.335 1
0.336 1
0.337 1
0.338 1
0.339 1
0.34 1
0.341 1
0.342 1
0.343 1
0.344 1
0.345 1
0.346 1
0.347 1
0.348 1
0.349 1
0.35 1
0.351 1
0.352 1
0.353 1
0.354 1
0.355 1
0.356 1
0.357 1
0.358 1
0.359 1
0.36 1
0.361 1
0.362 1
0.363 1
0.364 1
0.365 1
0.366 1
0.367 1
0.368 1
0.369 1
0.37 1
0.371 1
0.372 1
0.373 1
0.374 1
0.375 1
0.376 1
0.377 1
0.378 1
0.379 1
0.38 1
0.381 1
0.382 1
0.383 1
0.384 1
0.385 1
0.386 1
0.387 1
0.388 1
0.389 1
0.39 1
0.391 1
0.392 1
0.393 1
0.394 1
0.395 1
0.396 1
0.397 1
0.398 1
0.399 1
0.4 1
