400
0 0
0.001 0
0.002 0
0.003 0
0.004 0.00769231
0.005 0.0153846
0.006 0.0230769
0.007 0.0230769
0.008 0.0230769
0.009 0.0307692
0.01 0.0307692
0.011 0.0307692
0.012 0.0461538
0.013 0.0461538
0.014 0.0538462
0.015 0.0538462
0.016 0.0615385
0.017 0.0692308
0.018 0.0692308
0.019 0.0692308
0.02 0.0692308
0.021 0.0692308
0.022 0.0769231
0.023 0.0769231
0.024 0.0769231
0.025 0.0769231
0.026 0.0769231
0.027 0.0846154
0.028 0.0846154
0.029 0.107692
0.03 0.115385
0.031 0.115385
0.032 0.115385
0.033 0.123077
0.034 0.123077
0.035 0.123077
0.036 0.130769
0.037 0.146154
0.038 0.161538
0.039 0.169231
0.04 0.169231
0.041 0.169231
0.042 0.169231
0.043 0.169231
0.044 0.176923
0.045 0.176923
0.046 0.176923
0.047 0.184615
0.048 0.192308
0.049 0.192308
0.05 0.192308
0.051 0.192308
0.052 0.207692
0.053 0.207692
0.054 0.207692
0.055 0.215385
0.056 0.215385
0.057 0.215385
0.058 0.230769
0.059 0.230769
0.06 0.246154
0.061 0.253846
0.062 0.253846
0.063 0.269231
0.064 0.269231
0.065 0.276923
0.066 0.292308
0.067 0.307692
0.068 0.323077
0.069 0.323077
0.07 0.323077
0.071 0.338462
0.072 0.338462
0.073 0.338462
0.074 0.346154
0.075 0.346154
0.076 0.346154
0.077 0.353846
0.078 0.353846
0.079 0.353846
0.08 0.353846
0.081 0.369231
0.082 0.392308
0.083 0.392308
0.084 0.4
0.085 0.407692
0.086 0.407692
0.087 0.407692
0.088 0.407692
0.089 0.407692
0.09 0.415385
0.091 0.423077
0.092 0.430769
0.093 0.446154
0.094 0.446154
0.095 0.446154
0.096 0.476923
0.097 0.476923
0.098 0.484615
0.099 0.484615
0.1 0.492308
0.101 0.507692
0.102 0.507692
0.103 0.507692
0.104 0.515385
0.105 0.523077
0.106 0.569231
0.107 0.584615
0.108 0.592308
0.109 0.6
0.11 0.6
0.111 0.615385
0.112 0.623077
0.113 0.630769
0.114 0.646154
0.115 0.646154
0.116 0.661538
0.117 0.669231
0.118 0.676923
0.119 0.692308
0.12 0.692308
0.121 0.692308
0.122 0.692308
0.123 0.692308
0.124 0.692308
0.125 0.692308
0.126 0.7
0.127 0.707692
0.128 0.707692
0.129 0.707692
0.13 0.707692
0.131 0.723077
0.132 0.723077
0.133 0.730769
0.134 0.730769
0.135 0.730769
0.136 0.738462
0.137 0.738462
0.138 0.738462
0.139 0.753846
0.14 0.761538
0.141 0.761538
0.142 0.776923
0.143 0.776923
0.144 0.784615
0.145 0.792308
0.146 0.792308
0.147 0.792308
0.148 0.792308
0.149 0.792308
0.15 0.807692
0.151 0.807692
0.152 0.815385
0.153 0.823077
0.154 0.830769
0.155 0.830769
0.156 0.830769
0.157 0.830769
0.158 0.830769
0.159 0.830769
0.16 0.838462
0.161 0.846154
0.162 0.846154
0.163 0.846154
0.164 0.846154
0.165 0.846154
0.166 0.853846
0.167 0.853846
0.168 0.853846
0.169 0.853846
0.17 0.853846
0.171 0.861538
0.172 0.861538
0.173 0.861538
0.174 0.869231
0.175 0.869231
0.176 0.869231
0.177 0.869231
0.178 0.869231
0.179 0.869231
0.18 0.869231
0.181 0.869231
0.182 0.869231
0.183 0.869231
0.184 0.869231
0.185 0.869231
0.186 0.869231
0.187 0.869231
0.188 0.869231
0.189 0.869231
0.19 0.876923
0.191 0.876923
0.192 0.876923
0.193 0.892308
0.194 0.892308
0.195 0.9
0.196 0.9
0.197 0.907692
0.198 0.907692
0.199 0.907692
0.2 0.915385
0.201 0.915385
0.202 0.923077
0.203 0.930769
0.204 0.930769
0.205 0.930769
0.206 0.930769
0.207 0.930769
0.208 0.930769
0.209 0.930769
0.21 0.930769
0.211 0.930769
0.212 0.938462
0.213 0.938462
0.214 0.938462
0.215 0.938462
0.216 0.938462
0.217 0.938462
0.218 0.938462
0.219 0.938462
0.22 0.938462
0.221 0.938462
0.222 0.938462
0.223 0.938462
0.224 0.938462
0.225 0.938462
0.226 0.938462
0.227 0.938462
0.228 0.938462
0.229 0.946154
0.23 0.946154
0.231 0.946154
0.232 0.946154
0.233 0.946154
0.234 0.946154
0.235 0.946154
0.236 0.946154
0.237 0.946154
0.238 0.946154
0.239 0.946154
0.24 0.946154
0.241 0.946154
0.242 0.946154
0.243 0.946154
0.244 0.946154
0.245 0.946154
0.246 0.946154
0.247 0.946154
0.248 0.946154
0.249 0.946154
0.25 0.946154
0.251 0.946154
0.252 0.953846
0.253 0.961538
0.254 0.961538
0.255 0.961538
0.256 0.961538
0.257 0.961538
0.258 0.961538
0.259 0.961538
0.26 0.961538
0.261 0.961538
0.262 0.969231
0.263 0.969231
0.264 0.969231
0.265 0.969231
0.266 0.969231
0.267 0.969231
0.268 0.969231
0.269 0.969231
0.27 0.969231
0.271 0.969231
0.272 0.969231
0.273 0.976923
0.274 0.976923
0.275 0.976923
0.276 0.976923
0.277 0.976923
0.278 0.976923
0.279 0.976923
0.28 0.976923
0.281 0.976923
0.282 0.976923
0.283 0.984615
0.284 0.984615
0.285 0.984615
0.286 0.984615
0.287 0.984615
0.288 0.984615
0.289 0.984615
0.29 0.984615
0.291 0.984615
0.292 0.984615
0.293 0.984615
0.294 0.984615
0.295 0.984615
0.296 0.984615
0.297 0.984615
0.298 0.984615
0.299 0.984615
0.3 0.984615
0.301 0.992308
0.302 0.992308
0.303 0.992308
0.304 0.992308
0.305 0.992308
0.306 0.992308
0.307 0.992308
0.308 0.992308
0.309 0.992308
0.31 0.992308
0.311 0.992308
0.312 0.992308
0.313 0.992308
0.314 0.992308
0.315 0.992308
0.316 0.992308
0.317 0.992308
0.318 1
0.319 1
0.32 1
0.321 1
0.322 1
0.323 1
0.324 1
0.325 1
0.326 1
0.327 1
0.328 1
0.329 1
0.33 1
0.331 1
0.332 1
0.333 1
0.334 1
0.335 1
0.336 1
0.337 1
0.338 1
0.339 1
0.34 1
0.341 1
0.342 1
0.343 1
0.344 1
0.345 1
0.346 1
0.347 1
0.348 1
0.349 1
0.35 1
0.351 1
0.352 1
0.353 1
0.354 1
0.355 1
0.356 1
0.357 1
0.358 1
0.359 1
0.36 1
0.361 1
0.362 1
0.363 1
0.364 1
0.365 1
0.366 1
0.367 1
0.368 1
0.369 1
0.37 1
0.371 1
0.372 1
0.373 1
0.374 1
0.375 1
0.376 1
0.377 1
0.378 1
0.379 1
0.38 1
0.381 1
0.382 1
0.383 1
0.384 1
0.385 1
0.386 1
0.387 1
0.388 1
0.389 1
0.39 1
0.391 1
0.392 1
0.393 1
0.394 1
0.395 1
0.396 1
0.397 1
0.398 1
0.399 1
0.4 1
