400
0 0
0.001 0
0.002 0.00892857
0.003 0.00892857
0.004 0.00892857
0.005 0.00892857
0.006 0.0178571
0.007 0.0178571
0.008 0.0267857
0.009 0.0267857
0.01 0.0357143
0.011 0.0446429
0.012 0.0446429
0.013 0.0446429
0.014 0.0446429
0.015 0.0446429
0.016 0.0446429
0.017 0.0625
0.018 0.0714286
0.019 0.0714286
0.02 0.0714286
0.021 0.0803571
0.022 0.0803571
0.023 0.0892857
0.024 0.107143
0.025 0.125
0.026 0.125
0.027 0.125
0.028 0.133929
0.029 0.133929
0.03 0.133929
0.031 0.133929
0.032 0.142857
0.033 0.160714
0.034 0.169643
0.035 0.169643
0.036 0.178571
0.037 0.196429
0.038 0.205357
0.039 0.205357
0.04 0.214286
0.041 0.223214
0.042 0.232143
0.043 0.241071
0.044 0.25
0.045 0.25
0.046 0.276786
0.047 0.285714
0.048 0.294643
0.049 0.321429
0.05 0.321429
0.051 0.321429
0.052 0.357143
0.053 0.375
0.054 0.375
0.055 0.392857
0.056 0.401786
0.057 0.401786
0.058 0.401786
0.059 0.410714
0.06 0.410714
0.061 0.410714
0.062 0.419643
0.063 0.419643
0.064 0.4375
0.065 0.4375
0.066 0.446429
0.067 0.455357
0.068 0.455357
0.069 0.455357
0.07 0.464286
0.071 0.473214
0.072 0.473214
0.073 0.482143
0.074 0.491071
0.075 0.508929
0.076 0.508929
0.077 0.508929
0.078 0.517857
0.079 0.526786
0.08 0.526786
0.081 0.526786
0.082 0.535714
0.083 0.544643
0.084 0.553571
0.085 0.5625
0.086 0.571429
0.087 0.589286
0.088 0.607143
0.089 0.607143
0.09 0.607143
0.091 0.616071
0.092 0.625
0.093 0.625
0.094 0.625
0.095 0.633929
0.096 0.651786
0.097 0.660714
0.098 0.660714
0.099 0.660714
0.1 0.660714
0.101 0.678571
0.102 0.678571
0.103 0.678571
0.104 0.678571
0.105 0.678571
0.106 0.678571
0.107 0.678571
0.108 0.678571
0.109 0.6875
0.11 0.6875
0.111 0.6875
0.112 0.696429
0.113 0.714286
0.114 0.714286
0.115 0.714286
0.116 0.732143
0.117 0.741071
0.118 0.741071
0.119 0.741071
0.12 0.75
0.121 0.75
0.122 0.75
0.123 0.758929
0.124 0.758929
0.125 0.767857
0.126 0.767857
0.127 0.767857
0.128 0.767857
0.129 0.767857
0.13 0.767857
0.131 0.767857
0.132 0.767857
0.133 0.767857
0.134 0.767857
0.135 0.767857
0.136 0.785714
0.137 0.785714
0.138 0.785714
0.139 0.794643
0.14 0.794643
0.141 0.794643
0.142 0.794643
0.143 0.794643
0.144 0.794643
0.145 0.794643
0.146 0.794643
0.147 0.794643
0.148 0.794643
0.149 0.794643
0.15 0.794643
0.151 0.8125
0.152 0.8125
0.153 0.821429
0.154 0.821429
0.155 0.830357
0.156 0.830357
0.157 0.830357
0.158 0.830357
0.159 0.839286
0.16 0.839286
0.161 0.839286
0.162 0.857143
0.163 0.857143
0.164 0.857143
0.165 0.857143
0.166 0.857143
0.167 0.857143
0.168 0.857143
0.169 0.866071
0.17 0.866071
0.171 0.866071
0.172 0.866071
0.173 0.875
0.174 0.875
0.175 0.875
0.176 0.875
0.177 0.875
0.178 0.883929
0.179 0.883929
0.18 0.883929
0.181 0.883929
0.182 0.883929
0.183 0.883929
0.184 0.883929
0.185 0.883929
0.186 0.883929
0.187 0.883929
0.188 0.883929
0.189 0.892857
0.19 0.901786
0.191 0.910714
0.192 0.910714
0.193 0.910714
0.194 0.910714
0.195 0.910714
0.196 0.910714
0.197 0.919643
0.198 0.919643
0.199 0.919643
0.2 0.919643
0.201 0.919643
0.202 0.928571
0.203 0.928571
0.204 0.928571
0.205 0.928571
0.206 0.928571
0.207 0.928571
0.208 0.928571
0.209 0.9375
0.21 0.9375
0.211 0.9375
0.212 0.9375
0.213 0.9375
0.214 0.9375
0.215 0.946429
0.216 0.955357
0.217 0.955357
0.218 0.955357
0.219 0.955357
0.22 0.955357
0.221 0.964286
0.222 0.964286
0.223 0.964286
0.224 0.964286
0.225 0.964286
0.226 0.964286
0.227 0.964286
0.228 0.964286
0.229 0.964286
0.23 0.964286
0.231 0.964286
0.232 0.964286
0.233 0.964286
0.234 0.964286
0.235 0.964286
0.236 0.964286
0.237 0.964286
0.238 0.964286
0.239 0.964286
0.24 0.964286
0.241 0.964286
0.242 0.964286
0.243 0.964286
0.244 0.964286
0.245 0.973214
0.246 0.973214
0.247 0.973214
0.248 0.973214
0.249 0.973214
0.25 0.973214
0.251 0.973214
0.252 0.973214
0.253 0.973214
0.254 0.973214
0.255 0.973214
0.256 0.973214
0.257 0.973214
0.258 0.973214
0.259 0.973214
0.26 0.973214
0.261 0.973214
0.262 0.973214
0.263 0.973214
0.264 0.973214
0.265 0.973214
0.266 0.973214
0.267 0.973214
0.268 0.973214
0.269 0.973214
0.27 0.973214
0.271 0.973214
0.272 0.973214
0.273 0.973214
0.274 0.973214
0.275 0.973214
0.276 0.973214
0.277 0.973214
0.278 0.973214
0.279 0.973214
0.28 0.973214
0.281 0.973214
0.282 0.973214
0.283 0.982143
0.284 0.982143
0.285 0.982143
0.286 0.982143
0.287 0.982143
0.288 0.982143
0.289 0.982143
0.29 0.982143
0.291 0.982143
0.292 0.982143
0.293 0.982143
0.294 0.982143
0.295 0.982143
0.296 0.982143
0.297 0.982143
0.298 0.982143
0.299 0.982143
0.3 0.991071
0.301 0.991071
0.302 0.991071
0.303 0.991071
0.304 0.991071
0.305 0.991071
0.306 0.991071
0.307 0.991071
0.308 0.991071
0.309 0.991071
0.31 0.991071
0.311 0.991071
0.312 0.991071
0.313 0.991071
0.314 1
0.315 1
0.316 1
0.317 1
0.318 1
0.319 1
0.32 1
0.321 1
0.322 1
0.323 1
0.324 1
0.325 1
0.326 1
0.327 1
0.328 1
0.329 1
0.33 1
0.331 1
0.332 1
0.333 1
0.334 1
0.335 1
0.336 1
0.337 1
0.338 1
0.339 1
0.34 1
0.341 1
0.342 1
0.343 1
0.344 1
0.345 1
0.346 1
0.347 1
0.348 1
0.349 1
0.35 1
0.351 1
0.352 1
0.353 1
0.354 1
0.355 1
0.356 1
0.357 1
0.358 1
0.359 1
0.36 1
0.361 1
0.362 1
0.363 1
0.364 1
0.365 1
0.366 1
0.367 1
0.368 1
0.369 1
0.37 1
0.371 1
0.372 1
0.373 1
0.374 1
0.375 1
0.376 1
0.377 1
0.378 1
0.379 1
0.38 1
0.381 1
0.382 1
0.383 1
0.384 1
0.385 1
0.386 1
0.387 1
0.388 1
0.389 1
0.39 1
0.391 1
0.392 1
0.393 1
0.394 1
0.395 1
0.396 1
0.397 1
0.398 1
0.399 1
0.4 1
