400
0 0
0.001 0.0045045
0.002 0.0135135
0.003 0.0225225
0.004 0.0315315
0.005 0.0315315
0.006 0.036036
0.007 0.036036
0.008 0.036036
0.009 0.045045
0.01 0.0495496
0.011 0.0495496
0.012 0.0495496
0.013 0.0675676
0.014 0.0810811
0.015 0.0855856
0.016 0.0990991
0.017 0.103604
0.018 0.117117
0.019 0.121622
0.02 0.130631
0.021 0.135135
0.022 0.135135
0.023 0.13964
0.024 0.148649
0.025 0.153153
0.026 0.153153
0.027 0.157658
0.028 0.171171
0.029 0.171171
0.03 0.184685
0.031 0.198198
0.032 0.198198
0.033 0.211712
0.034 0.211712
0.035 0.220721
0.036 0.220721
0.037 0.225225
0.038 0.225225
0.039 0.22973
0.04 0.234234
0.041 0.247748
0.042 0.247748
0.043 0.261261
0.044 0.261261
0.045 0.274775
0.046 0.274775
0.047 0.279279
0.048 0.288288
0.049 0.288288
0.05 0.292793
0.051 0.301802
0.052 0.306306
0.053 0.31982
0.054 0.328829
0.055 0.337838
0.056 0.342342
0.057 0.351351
0.058 0.36036
0.059 0.369369
0.06 0.378378
0.061 0.378378
0.062 0.391892
0.063 0.396396
0.064 0.40991
0.065 0.414414
0.066 0.427928
0.067 0.432432
0.068 0.436937
0.069 0.445946
0.07 0.445946
0.071 0.45045
0.072 0.45045
0.073 0.454955
0.074 0.463964
0.075 0.472973
0.076 0.472973
0.077 0.472973
0.078 0.481982
0.079 0.495496
0.08 0.5
0.081 0.5
0.082 0.5
0.083 0.504505
0.084 0.513514
0.085 0.527027
0.086 0.540541
0.087 0.545045
0.088 0.558559
0.089 0.558559
0.09 0.563063
0.091 0.567568
0.092 0.567568
0.093 0.567568
0.094 0.576577
0.095 0.581081
0.096 0.581081
0.097 0.585586
0.098 0.594595
0.099 0.599099
0.1 0.603604
0.101 0.608108
0.102 0.621622
0.103 0.621622
0.104 0.626126
0.105 0.653153
0.106 0.662162
0.107 0.662162
0.108 0.675676
0.109 0.689189
0.11 0.702703
0.111 0.702703
0.112 0.711712
0.113 0.720721
0.114 0.720721
0.115 0.720721
0.116 0.72973
0.117 0.738739
0.118 0.738739
0.119 0.738739
0.12 0.743243
0.121 0.752252
0.122 0.752252
0.123 0.752252
0.124 0.761261
0.125 0.77027
0.126 0.774775
0.127 0.779279
0.128 0.788288
0.129 0.797297
0.13 0.801802
0.131 0.810811
0.132 0.810811
0.133 0.810811
0.134 0.810811
0.135 0.815315
0.136 0.81982
0.137 0.824324
0.138 0.824324
0.139 0.833333
0.14 0.833333
0.141 0.837838
0.142 0.851351
0.143 0.86036
0.144 0.86036
0.145 0.86036
0.146 0.86036
0.147 0.86036
0.148 0.864865
0.149 0.864865
0.15 0.864865
0.151 0.864865
0.152 0.869369
0.153 0.869369
0.154 0.873874
0.155 0.873874
0.156 0.878378
0.157 0.878378
0.158 0.878378
0.159 0.882883
0.16 0.882883
0.161 0.882883
0.162 0.887387
0.163 0.887387
0.164 0.887387
0.165 0.905405
0.166 0.905405
0.167 0.905405
0.168 0.905405
0.169 0.905405
0.17 0.905405
0.171 0.905405
0.172 0.905405
0.173 0.90991
0.174 0.90991
0.175 0.90991
0.176 0.90991
0.177 0.923423
0.178 0.923423
0.179 0.923423
0.18 0.923423
0.181 0.923423
0.182 0.923423
0.183 0.923423
0.184 0.923423
0.185 0.923423
0.186 0.923423
0.187 0.927928
0.188 0.932432
0.189 0.932432
0.19 0.941441
0.191 0.941441
0.192 0.941441
0.193 0.945946
0.194 0.945946
0.195 0.945946
0.196 0.95045
0.197 0.95045
0.198 0.95045
0.199 0.954955
0.2 0.959459
0.201 0.959459
0.202 0.959459
0.203 0.959459
0.204 0.959459
0.205 0.959459
0.206 0.959459
0.207 0.959459
0.208 0.959459
0.209 0.959459
0.21 0.959459
0.211 0.959459
0.212 0.959459
0.213 0.959459
0.214 0.968468
0.215 0.968468
0.216 0.968468
0.217 0.968468
0.218 0.968468
0.219 0.968468
0.22 0.972973
0.221 0.977478
0.222 0.977478
0.223 0.977478
0.224 0.977478
0.225 0.977478
0.226 0.977478
0.227 0.977478
0.228 0.977478
0.229 0.977478
0.23 0.977478
0.231 0.977478
0.232 0.977478
0.233 0.977478
0.234 0.977478
0.235 0.977478
0.236 0.977478
0.237 0.977478
0.238 0.977478
0.239 0.977478
0.24 0.977478
0.241 0.977478
0.242 0.977478
0.243 0.977478
0.244 0.977478
0.245 0.977478
0.246 0.977478
0.247 0.977478
0.248 0.981982
0.249 0.981982
0.25 0.981982
0.251 0.981982
0.252 0.981982
0.253 0.981982
0.254 0.981982
0.255 0.981982
0.256 0.981982
0.257 0.981982
0.258 0.981982
0.259 0.981982
0.26 0.981982
0.261 0.981982
0.262 0.981982
0.263 0.981982
0.264 0.981982
0.265 0.981982
0.266 0.981982
0.267 0.981982
0.268 0.981982
0.269 0.981982
0.27 0.981982
0.271 0.981982
0.272 0.981982
0.273 0.981982
0.274 0.981982
0.275 0.981982
0.276 0.981982
0.277 0.981982
0.278 0.981982
0.279 0.981982
0.28 0.981982
0.281 0.981982
0.282 0.981982
0.283 0.981982
0.284 0.981982
0.285 0.981982
0.286 0.981982
0.287 0.981982
0.288 0.981982
0.289 0.981982
0.29 0.981982
0.291 0.990991
0.292 0.990991
0.293 0.990991
0.294 0.990991
0.295 0.990991
0.296 0.990991
0.297 0.990991
0.298 0.990991
0.299 0.990991
0.3 0.995496
0.301 0.995496
0.302 0.995496
0.303 0.995496
0.304 0.995496
0.305 0.995496
0.306 0.995496
0.307 0.995496
0.308 0.995496
0.309 0.995496
0.31 0.995496
0.311 0.995496
0.312 0.995496
0.313 0.995496
0.314 0.995496
0.315 0.995496
0.316 0.995496
0.317 0.995496
0.318 0.995496
0.319 0.995496
0.32 0.995496
0.321 0.995496
0.322 0.995496
0.323 0.995496
0.324 0.995496
0.325 0.995496
0.326 0.995496
0.327 0.995496
0.328 0.995496
0.329 0.995496
0.33 0.995496
0.331 0.995496
0.332 0.995496
0.333 0.995496
0.334 0.995496
0.335 0.995496
0.336 0.995496
0.337 0.995496
0.338 0.995496
0.339 0.995496
0.34 0.995496
0.341 0.995496
0.342 0.995496
0.343 0.995496
0.344 0.995496
0.345 0.995496
0.346 0.995496
0.347 0.995496
0.348 0.995496
0.349 0.995496
0.35 0.995496
0.351 0.995496
0.352 0.995496
0.353 0.995496
0.354 1
0.355 1
0.356 1
0.357 1
0.358 1
0.359 1
0.36 1
0.361 1
0.362 1
0.363 1
0.364 1
0.365 1
0.366 1
0.367 1
0.368 1
0.369 1
0.37 1
0.371 1
0.372 1
0.373 1
0.374 1
0.375 1
0.376 1
0.377 1
0.378 1
0.379 1
0.38 1
0.381 1
0.382 1
0.383 1
0.384 1
0.385 1
0.386 1
0.387 1
0.388 1
0.389 1
0.39 1
0.391 1
0.392 1
0.393 1
0.394 1
0.395 1
0.396 1
0.397 1
0.398 1
0.399 1
0.4 1
