400
0 0
0.001 0.00896057
0.002 0.016129
0.003 0.0215054
0.004 0.0286738
0.005 0.0358423
0.006 0.0412186
0.007 0.0483871
0.008 0.0555556
0.009 0.0609319
0.01 0.0663082
0.011 0.0698925
0.012 0.0752688
0.013 0.0824373
0.014 0.0842294
0.015 0.0949821
0.016 0.0985663
0.017 0.102151
0.018 0.107527
0.019 0.111111
0.02 0.11828
0.021 0.121864
0.022 0.129032
0.023 0.132616
0.024 0.136201
0.025 0.137993
0.026 0.146953
0.027 0.150538
0.028 0.159498
0.029 0.164875
0.03 0.173835
0.031 0.177419
0.032 0.184588
0.033 0.18638
0.034 0.188172
0.035 0.193548
0.036 0.195341
0.037 0.202509
0.038 0.207885
0.039 0.216846
0.04 0.225806
0.041 0.227599
0.042 0.232975
0.043 0.238351
0.044 0.24552
0.045 0.249104
0.046 0.25448
0.047 0.261649
0.048 0.263441
0.049 0.263441
0.05 0.268817
0.051 0.272401
0.052 0.27957
0.053 0.286738
0.054 0.292115
0.055 0.297491
0.056 0.299283
0.057 0.306452
0.058 0.315412
0.059 0.318996
0.06 0.324373
0.061 0.331541
0.062 0.335125
0.063 0.33871
0.064 0.33871
0.065 0.344086
0.066 0.34767
0.067 0.351254
0.068 0.356631
0.069 0.367384
0.07 0.367384
0.071 0.370968
0.072 0.379928
0.073 0.387097
0.074 0.392473
0.075 0.397849
0.076 0.403226
0.077 0.405018
0.078 0.40681
0.079 0.415771
0.08 0.421147
0.081 0.430108
0.082 0.433692
0.083 0.439068
0.084 0.449821
0.085 0.456989
0.086 0.462366
0.087 0.469534
0.088 0.476703
0.089 0.487455
0.09 0.492832
0.091 0.498208
0.092 0.5
0.093 0.508961
0.094 0.512545
0.095 0.517921
0.096 0.523297
0.097 0.53405
0.098 0.539427
0.099 0.544803
0.1 0.548387
0.101 0.557348
0.102 0.55914
0.103 0.569892
0.104 0.578853
0.105 0.582437
0.106 0.586022
0.107 0.594982
0.108 0.603943
0.109 0.603943
0.11 0.612903
0.111 0.614695
0.112 0.621864
0.113 0.623656
0.114 0.630824
0.115 0.636201
0.116 0.641577
0.117 0.646953
0.118 0.654122
0.119 0.657706
0.12 0.663082
0.121 0.670251
0.122 0.679211
0.123 0.682796
0.124 0.691756
0.125 0.702509
0.126 0.707885
0.127 0.715054
0.128 0.716846
0.129 0.724014
0.13 0.727599
0.131 0.732975
0.132 0.743728
0.133 0.74552
0.134 0.747312
0.135 0.752688
0.136 0.763441
0.137 0.767025
0.138 0.772401
0.139 0.781362
0.14 0.781362
0.141 0.795699
0.142 0.797491
0.143 0.801075
0.144 0.808244
0.145 0.81362
0.146 0.818996
0.147 0.822581
0.148 0.827957
0.149 0.829749
0.15 0.833333
0.151 0.83871
0.152 0.842294
0.153 0.845878
0.154 0.84767
0.155 0.851254
0.156 0.854839
0.157 0.854839
0.158 0.858423
0.159 0.863799
0.16 0.867384
0.161 0.869176
0.162 0.870968
0.163 0.874552
0.164 0.876344
0.165 0.878136
0.166 0.879928
0.167 0.883513
0.168 0.883513
0.169 0.883513
0.17 0.883513
0.171 0.885305
0.172 0.888889
0.173 0.892473
0.174 0.896057
0.175 0.896057
0.176 0.896057
0.177 0.896057
0.178 0.896057
0.179 0.896057
0.18 0.896057
0.181 0.896057
0.182 0.903226
0.183 0.905018
0.184 0.90681
0.185 0.90681
0.186 0.908602
0.187 0.910394
0.188 0.910394
0.189 0.913979
0.19 0.915771
0.191 0.917563
0.192 0.917563
0.193 0.917563
0.194 0.921147
0.195 0.922939
0.196 0.922939
0.197 0.922939
0.198 0.922939
0.199 0.922939
0.2 0.922939
0.201 0.922939
0.202 0.922939
0.203 0.924731
0.204 0.924731
0.205 0.924731
0.206 0.924731
0.207 0.924731
0.208 0.926523
0.209 0.928315
0.21 0.928315
0.211 0.930108
0.212 0.930108
0.213 0.930108
0.214 0.9319
0.215 0.9319
0.216 0.933692
0.217 0.933692
0.218 0.935484
0.219 0.937276
0.22 0.939068
0.221 0.94086
0.222 0.94086
0.223 0.94086
0.224 0.942652
0.225 0.942652
0.226 0.942652
0.227 0.942652
0.228 0.942652
0.229 0.944444
0.23 0.944444
0.231 0.944444
0.232 0.946237
0.233 0.948029
0.234 0.948029
0.235 0.951613
0.236 0.951613
0.237 0.955197
0.238 0.956989
0.239 0.956989
0.24 0.956989
0.241 0.960573
0.242 0.960573
0.243 0.960573
0.244 0.960573
0.245 0.960573
0.246 0.962366
0.247 0.962366
0.248 0.962366
0.249 0.962366
0.25 0.962366
0.251 0.962366
0.252 0.962366
0.253 0.962366
0.254 0.964158
0.255 0.964158
0.256 0.967742
0.257 0.967742
0.258 0.969534
0.259 0.969534
0.26 0.969534
0.261 0.969534
0.262 0.969534
0.263 0.971326
0.264 0.971326
0.265 0.971326
0.266 0.973118
0.267 0.973118
0.268 0.973118
0.269 0.973118
0.27 0.973118
0.271 0.97491
0.272 0.97491
0.273 0.97491
0.274 0.97491
0.275 0.97491
0.276 0.976703
0.277 0.978495
0.278 0.978495
0.279 0.980287
0.28 0.980287
0.281 0.982079
0.282 0.982079
0.283 0.983871
0.284 0.985663
0.285 0.985663
0.286 0.985663
0.287 0.985663
0.288 0.985663
0.289 0.985663
0.29 0.987455
0.291 0.987455
0.292 0.989247
0.293 0.989247
0.294 0.991039
0.295 0.991039
0.296 0.992832
0.297 0.992832
0.298 0.992832
0.299 0.992832
0.3 0.994624
0.301 0.994624
0.302 0.994624
0.303 0.994624
0.304 0.994624
0.305 0.994624
0.306 0.994624
0.307 0.994624
0.308 0.994624
0.309 0.994624
0.31 0.994624
0.311 0.994624
0.312 0.994624
0.313 0.994624
0.314 0.994624
0.315 0.994624
0.316 0.994624
0.317 0.994624
0.318 0.994624
0.319 0.994624
0.32 0.994624
0.321 0.994624
0.322 0.994624
0.323 0.994624
0.324 0.994624
0.325 0.994624
0.326 0.994624
0.327 0.994624
0.328 0.994624
0.329 0.994624
0.33 0.994624
0.331 0.994624
0.332 0.994624
0.333 0.994624
0.334 0.994624
0.335 0.994624
0.336 0.994624
0.337 0.994624
0.338 0.994624
0.339 0.994624
0.34 0.994624
0.341 0.994624
0.342 0.994624
0.343 0.994624
0.344 0.998208
0.345 0.998208
0.346 0.998208
0.347 0.998208
0.348 0.998208
0.349 0.998208
0.35 0.998208
0.351 0.998208
0.352 0.998208
0.353 0.998208
0.354 0.998208
0.355 0.998208
0.356 0.998208
0.357 0.998208
0.358 0.998208
0.359 0.998208
0.36 0.998208
0.361 0.998208
0.362 0.998208
0.363 0.998208
0.364 0.998208
0.365 0.998208
0.366 0.998208
0.367 0.998208
0.368 0.998208
0.369 0.998208
0.37 0.998208
0.371 0.998208
0.372 0.998208
0.373 0.998208
0.374 0.998208
0.375 0.998208
0.376 0.998208
0.377 0.998208
0.378 0.998208
0.379 0.998208
0.38 0.998208
0.381 0.998208
0.382 0.998208
0.383 0.998208
0.384 1
0.385 1
0.386 1
0.387 1
0.388 1
0.389 1
0.39 1
0.391 1
0.392 1
0.393 1
0.394 1
0.395 1
0.396 1
0.397 1
0.398 1
0.399 1
0.4 1
