400
0 0
0.001 0.00246914
0.002 0.00740741
0.003 0.0148148
0.004 0.0209877
0.005 0.0246914
0.006 0.0296296
0.007 0.0333333
0.008 0.0358025
0.009 0.0481481
0.01 0.0530864
0.011 0.0617284
0.012 0.0679012
0.013 0.0703704
0.014 0.0740741
0.015 0.0802469
0.016 0.0876543
0.017 0.0938272
0.018 0.0962963
0.019 0.0975309
0.02 0.101235
0.021 0.107407
0.022 0.108642
0.023 0.11358
0.024 0.118519
0.025 0.123457
0.026 0.128395
0.027 0.134568
0.028 0.138272
0.029 0.140741
0.03 0.146914
0.031 0.150617
0.032 0.158025
0.033 0.164198
0.034 0.179012
0.035 0.187654
0.036 0.196296
0.037 0.2
0.038 0.206173
0.039 0.207407
0.04 0.214815
0.041 0.222222
0.042 0.22963
0.043 0.235802
0.044 0.244444
0.045 0.25679
0.046 0.260494
0.047 0.269136
0.048 0.274074
0.049 0.279012
0.05 0.28642
0.051 0.288889
0.052 0.292593
0.053 0.298765
0.054 0.306173
0.055 0.31358
0.056 0.317284
0.057 0.320988
0.058 0.323457
0.059 0.325926
0.06 0.339506
0.061 0.345679
0.062 0.353086
0.063 0.359259
0.064 0.365432
0.065 0.371605
0.066 0.375309
0.067 0.377778
0.068 0.385185
0.069 0.392593
0.07 0.403704
0.071 0.406173
0.072 0.41358
0.073 0.418519
0.074 0.423457
0.075 0.434568
0.076 0.438272
0.077 0.441975
0.078 0.444444
0.079 0.448148
0.08 0.451852
0.081 0.460494
0.082 0.469136
0.083 0.475309
0.084 0.480247
0.085 0.485185
0.086 0.488889
0.087 0.492593
0.088 0.497531
0.089 0.503704
0.09 0.508642
0.091 0.514815
0.092 0.522222
0.093 0.530864
0.094 0.537037
0.095 0.537037
0.096 0.544444
0.097 0.548148
0.098 0.550617
0.099 0.555556
0.1 0.560494
0.101 0.562963
0.102 0.567901
0.103 0.571605
0.104 0.57284
0.105 0.574074
0.106 0.579012
0.107 0.585185
0.108 0.588889
0.109 0.593827
0.11 0.602469
0.111 0.607407
0.112 0.61358
0.113 0.618519
0.114 0.623457
0.115 0.634568
0.116 0.641975
0.117 0.645679
0.118 0.648148
0.119 0.659259
0.12 0.664198
0.121 0.666667
0.122 0.677778
0.123 0.68642
0.124 0.692593
0.125 0.698765
0.126 0.707407
0.127 0.71358
0.128 0.718519
0.129 0.724691
0.13 0.724691
0.131 0.732099
0.132 0.740741
0.133 0.746914
0.134 0.753086
0.135 0.760494
0.136 0.77037
0.137 0.776543
0.138 0.782716
0.139 0.791358
0.14 0.796296
0.141 0.803704
0.142 0.814815
0.143 0.822222
0.144 0.830864
0.145 0.833333
0.146 0.835802
0.147 0.844444
0.148 0.848148
0.149 0.851852
0.15 0.860494
0.151 0.866667
0.152 0.871605
0.153 0.876543
0.154 0.877778
0.155 0.880247
0.156 0.885185
0.157 0.888889
0.158 0.890123
0.159 0.890123
0.16 0.892593
0.161 0.896296
0.162 0.897531
0.163 0.898765
0.164 0.902469
0.165 0.906173
0.166 0.906173
0.167 0.907407
0.168 0.908642
0.169 0.911111
0.17 0.911111
0.171 0.911111
0.172 0.91358
0.173 0.91358
0.174 0.917284
0.175 0.917284
0.176 0.918519
0.177 0.919753
0.178 0.920988
0.179 0.923457
0.18 0.923457
0.181 0.925926
0.182 0.92716
0.183 0.928395
0.184 0.928395
0.185 0.932099
0.186 0.934568
0.187 0.934568
0.188 0.935802
0.189 0.937037
0.19 0.937037
0.191 0.937037
0.192 0.937037
0.193 0.938272
0.194 0.939506
0.195 0.941975
0.196 0.944444
0.197 0.944444
0.198 0.945679
0.199 0.948148
0.2 0.950617
0.201 0.953086
0.202 0.953086
0.203 0.954321
0.204 0.954321
0.205 0.954321
0.206 0.954321
0.207 0.955556
0.208 0.958025
0.209 0.959259
0.21 0.959259
0.211 0.959259
0.212 0.960494
0.213 0.960494
0.214 0.960494
0.215 0.961728
0.216 0.961728
0.217 0.961728
0.218 0.962963
0.219 0.962963
0.22 0.962963
0.221 0.962963
0.222 0.965432
0.223 0.965432
0.224 0.965432
0.225 0.965432
0.226 0.965432
0.227 0.965432
0.228 0.966667
0.229 0.966667
0.23 0.966667
0.231 0.967901
0.232 0.967901
0.233 0.969136
0.234 0.969136
0.235 0.97037
0.236 0.97284
0.237 0.974074
0.238 0.974074
0.239 0.974074
0.24 0.975309
0.241 0.975309
0.242 0.977778
0.243 0.981481
0.244 0.981481
0.245 0.982716
0.246 0.982716
0.247 0.983951
0.248 0.983951
0.249 0.983951
0.25 0.983951
0.251 0.983951
0.252 0.983951
0.253 0.983951
0.254 0.985185
0.255 0.985185
0.256 0.98642
0.257 0.987654
0.258 0.987654
0.259 0.987654
0.26 0.987654
0.261 0.988889
0.262 0.988889
0.263 0.988889
0.264 0.988889
0.265 0.988889
0.266 0.988889
0.267 0.988889
0.268 0.990123
0.269 0.990123
0.27 0.991358
0.271 0.992593
0.272 0.992593
0.273 0.992593
0.274 0.992593
0.275 0.992593
0.276 0.992593
0.277 0.992593
0.278 0.992593
0.279 0.992593
0.28 0.992593
0.281 0.992593
0.282 0.993827
0.283 0.993827
0.284 0.993827
0.285 0.993827
0.286 0.993827
0.287 0.993827
0.288 0.993827
0.289 0.993827
0.29 0.995062
0.291 0.996296
0.292 0.996296
0.293 0.997531
0.294 0.997531
0.295 0.997531
0.296 0.997531
0.297 0.997531
0.298 0.997531
0.299 0.998765
0.3 0.998765
0.301 0.998765
0.302 0.998765
0.303 0.998765
0.304 0.998765
0.305 0.998765
0.306 0.998765
0.307 0.998765
0.308 1
0.309 1
0.31 1
0.311 1
0.312 1
0.313 1
0.314 1
0.315 1
0.316 1
0.317 1
0.318 1
0.319 1
0.32 1
0.321 1
0.322 1
0.323 1
0.324 1
0.325 1
0.326 1
0.327 1
0.328 1
0.329 1
0.33 1
0.331 1
0.332 1
0.333 1
0.334 1
0.335 1
0.336 1
0.337 1
0.338 1
0.339 1
0.34 1
0.341 1
0.342 1
0.343 1
0.344 1
0.345 1
0.346 1
0.347 1
0.348 1
0.349 1
0.35 1
0.351 1
0.352 1
0.353 1
0.354 1
0.355 1
0.356 1
0.357 1
0.358 1
0.359 1
0.36 1
0.361 1
0.362 1
0.363 1
0.364 1
0.365 1
0.366 1
0.367 1
0.368 1
0.369 1
0.37 1
0.371 1
0.372 1
0.373 1
0.374 1
0.375 1
0.376 1
0.377 1
0.378 1
0.379 1
0.38 1
0.381 1
0.382 1
0.383 1
0.384 1
0.385 1
0.386 1
0.387 1
0.388 1
0.389 1
0.39 1
0.391 1
0.392 1
0.393 1
0.394 1
0.395 1
0.396 1
0.397 1
0.398 1
0.399 1
0.4 1
