400
0 0
0.001 0
0.002 0.00242131
0.003 0.00968523
0.004 0.0145278
0.005 0.0181598
0.006 0.0193705
0.007 0.027845
0.008 0.035109
0.009 0.0387409
0.01 0.0460048
0.011 0.0532688
0.012 0.0581114
0.013 0.0677966
0.014 0.0714286
0.015 0.0786925
0.016 0.0847458
0.017 0.0895884
0.018 0.0920097
0.019 0.0992736
0.02 0.106538
0.021 0.106538
0.022 0.112591
0.023 0.122276
0.024 0.12954
0.025 0.134383
0.026 0.134383
0.027 0.138015
0.028 0.144068
0.029 0.151332
0.03 0.153753
0.031 0.162228
0.032 0.16707
0.033 0.171913
0.034 0.179177
0.035 0.186441
0.036 0.191283
0.037 0.199758
0.038 0.20339
0.039 0.208232
0.04 0.213075
0.041 0.217918
0.042 0.22276
0.043 0.225182
0.044 0.233656
0.045 0.236077
0.046 0.248184
0.047 0.25908
0.048 0.260291
0.049 0.266344
0.05 0.272397
0.051 0.27724
0.052 0.283293
0.053 0.289346
0.054 0.292978
0.055 0.297821
0.056 0.307506
0.057 0.31477
0.058 0.318402
0.059 0.325666
0.06 0.331719
0.061 0.336562
0.062 0.345036
0.063 0.348668
0.064 0.355932
0.065 0.358354
0.066 0.363196
0.067 0.369249
0.068 0.372881
0.069 0.382567
0.07 0.38862
0.071 0.393462
0.072 0.395884
0.073 0.401937
0.074 0.40799
0.075 0.415254
0.076 0.418886
0.077 0.422518
0.078 0.427361
0.079 0.434625
0.08 0.441889
0.081 0.450363
0.082 0.456416
0.083 0.46368
0.084 0.469734
0.085 0.476998
0.086 0.483051
0.087 0.487893
0.088 0.491525
0.089 0.493947
0.09 0.498789
0.091 0.506053
0.092 0.512107
0.093 0.51937
0.094 0.524213
0.095 0.532688
0.096 0.53753
0.097 0.546005
0.098 0.553269
0.099 0.560533
0.1 0.562954
0.101 0.570218
0.102 0.575061
0.103 0.577482
0.104 0.582324
0.105 0.588378
0.106 0.600484
0.107 0.601695
0.108 0.606538
0.109 0.612591
0.11 0.619855
0.111 0.627119
0.112 0.634383
0.113 0.640436
0.114 0.642857
0.115 0.6477
0.116 0.652542
0.117 0.659806
0.118 0.662228
0.119 0.668281
0.12 0.673124
0.121 0.680387
0.122 0.68523
0.123 0.688862
0.124 0.696126
0.125 0.699758
0.126 0.705811
0.127 0.709443
0.128 0.714286
0.129 0.72155
0.13 0.723971
0.131 0.733656
0.132 0.736077
0.133 0.742131
0.134 0.748184
0.135 0.750605
0.136 0.75908
0.137 0.767554
0.138 0.774818
0.139 0.783293
0.14 0.791768
0.141 0.800242
0.142 0.800242
0.143 0.802663
0.144 0.807506
0.145 0.811138
0.146 0.817191
0.147 0.822034
0.148 0.829298
0.149 0.837772
0.15 0.840194
0.151 0.847458
0.152 0.85109
0.153 0.857143
0.154 0.863196
0.155 0.863196
0.156 0.868039
0.157 0.869249
0.158 0.87046
0.159 0.871671
0.16 0.876513
0.161 0.880145
0.162 0.881356
0.163 0.881356
0.164 0.886199
0.165 0.887409
0.166 0.88862
0.167 0.889831
0.168 0.893462
0.169 0.895884
0.17 0.899516
0.171 0.901937
0.172 0.903148
0.173 0.904358
0.174 0.905569
0.175 0.905569
0.176 0.905569
0.177 0.90799
0.178 0.90799
0.179 0.90799
0.18 0.90799
0.181 0.90799
0.182 0.909201
0.183 0.910412
0.184 0.911622
0.185 0.911622
0.186 0.912833
0.187 0.914044
0.188 0.914044
0.189 0.914044
0.19 0.914044
0.191 0.914044
0.192 0.915254
0.193 0.916465
0.194 0.916465
0.195 0.916465
0.196 0.917676
0.197 0.917676
0.198 0.917676
0.199 0.917676
0.2 0.917676
0.201 0.917676
0.202 0.918886
0.203 0.920097
0.204 0.921308
0.205 0.922518
0.206 0.922518
0.207 0.923729
0.208 0.924939
0.209 0.92615
0.21 0.928571
0.211 0.928571
0.212 0.928571
0.213 0.929782
0.214 0.929782
0.215 0.932203
0.216 0.933414
0.217 0.935835
0.218 0.938257
0.219 0.938257
0.22 0.939467
0.221 0.940678
0.222 0.943099
0.223 0.943099
0.224 0.943099
0.225 0.943099
0.226 0.946731
0.227 0.947942
0.228 0.947942
0.229 0.949153
0.23 0.949153
0.231 0.949153
0.232 0.951574
0.233 0.952785
0.234 0.953995
0.235 0.955206
0.236 0.956416
0.237 0.956416
0.238 0.957627
0.239 0.957627
0.24 0.958838
0.241 0.960048
0.242 0.961259
0.243 0.961259
0.244 0.961259
0.245 0.96247
0.246 0.96368
0.247 0.964891
0.248 0.968523
0.249 0.972155
0.25 0.972155
0.251 0.973366
0.252 0.973366
0.253 0.973366
0.254 0.973366
0.255 0.975787
0.256 0.976998
0.257 0.976998
0.258 0.978208
0.259 0.979419
0.26 0.979419
0.261 0.98063
0.262 0.98184
0.263 0.98184
0.264 0.983051
0.265 0.983051
0.266 0.983051
0.267 0.984262
0.268 0.984262
0.269 0.984262
0.27 0.985472
0.271 0.985472
0.272 0.985472
0.273 0.985472
0.274 0.985472
0.275 0.986683
0.276 0.987893
0.277 0.989104
0.278 0.989104
0.279 0.991525
0.28 0.992736
0.281 0.992736
0.282 0.992736
0.283 0.992736
0.284 0.992736
0.285 0.992736
0.286 0.992736
0.287 0.993947
0.288 0.993947
0.289 0.995157
0.29 0.995157
0.291 0.995157
0.292 0.996368
0.293 0.996368
0.294 0.996368
0.295 0.996368
0.296 0.997579
0.297 0.997579
0.298 0.997579
0.299 0.997579
0.3 0.997579
0.301 0.997579
0.302 0.998789
0.303 0.998789
0.304 0.998789
0.305 0.998789
0.306 0.998789
0.307 0.998789
0.308 0.998789
0.309 0.998789
0.31 0.998789
0.311 0.998789
0.312 0.998789
0.313 0.998789
0.314 0.998789
0.315 0.998789
0.316 0.998789
0.317 0.998789
0.318 0.998789
0.319 0.998789
0.32 0.998789
0.321 0.998789
0.322 0.998789
0.323 0.998789
0.324 0.998789
0.325 0.998789
0.326 0.998789
0.327 0.998789
0.328 0.998789
0.329 0.998789
0.33 0.998789
0.331 0.998789
0.332 0.998789
0.333 0.998789
0.334 0.998789
0.335 0.998789
0.336 0.998789
0.337 0.998789
0.338 0.998789
0.339 0.998789
0.34 0.998789
0.341 0.998789
0.342 0.998789
0.343 0.998789
0.344 0.998789
0.345 0.998789
0.346 0.998789
0.347 0.998789
0.348 0.998789
0.349 1
0.35 1
0.351 1
0.352 1
0.353 1
0.354 1
0.355 1
0.356 1
0.357 1
0.358 1
0.359 1
0.36 1
0.361 1
0.362 1
0.363 1
0.364 1
0.365 1
0.366 1
0.367 1
0.368 1
0.369 1
0.37 1
0.371 1
0.372 1
0.373 1
0.374 1
0.375 1
0.376 1
0.377 1
0.378 1
0.379 1
0.38 1
0.381 1
0.382 1
0.383 1
0.384 1
0.385 1
0.386 1
0.387 1
0.388 1
0.389 1
0.39 1
0.391 1
0.392 1
0.393 1
0.394 1
0.395 1
0.396 1
0.397 1
0.398 1
0.399 1
0.4 1
