400
0 0
0.001 0.00510725
0.002 0.0122574
0.003 0.0183861
0.004 0.0255363
0.005 0.0326864
0.006 0.0377937
0.007 0.0480082
0.008 0.0561798
0.009 0.0592441
0.01 0.0674157
0.011 0.072523
0.012 0.0796731
0.013 0.0837589
0.014 0.0878447
0.015 0.0919305
0.016 0.103166
0.017 0.11236
0.018 0.124617
0.019 0.13381
0.02 0.143003
0.021 0.147089
0.022 0.153218
0.023 0.160368
0.024 0.170582
0.025 0.173647
0.026 0.181818
0.027 0.192033
0.028 0.201226
0.029 0.208376
0.03 0.213483
0.031 0.221655
0.032 0.230848
0.033 0.235955
0.034 0.242084
0.035 0.24617
0.036 0.249234
0.037 0.254341
0.038 0.263534
0.039 0.269663
0.04 0.275792
0.041 0.284985
0.042 0.28907
0.043 0.295199
0.044 0.300306
0.045 0.306435
0.046 0.314607
0.047 0.322778
0.048 0.329929
0.049 0.335036
0.05 0.34525
0.051 0.348315
0.052 0.354443
0.053 0.358529
0.054 0.361593
0.055 0.372829
0.056 0.376915
0.057 0.37998
0.058 0.389173
0.059 0.396323
0.06 0.399387
0.061 0.406537
0.062 0.413687
0.063 0.420838
0.064 0.427988
0.065 0.431052
0.066 0.435138
0.067 0.447395
0.068 0.453524
0.069 0.459653
0.07 0.467824
0.071 0.47191
0.072 0.478039
0.073 0.488253
0.074 0.496425
0.075 0.502554
0.076 0.509704
0.077 0.515832
0.078 0.519918
0.079 0.525026
0.08 0.532176
0.081 0.537283
0.082 0.544433
0.083 0.550562
0.084 0.555669
0.085 0.562819
0.086 0.573034
0.087 0.579162
0.088 0.586313
0.089 0.593463
0.09 0.597549
0.091 0.601634
0.092 0.604699
0.093 0.614913
0.094 0.622063
0.095 0.624106
0.096 0.629213
0.097 0.635342
0.098 0.640449
0.099 0.648621
0.1 0.657814
0.101 0.660878
0.102 0.667007
0.103 0.66905
0.104 0.674157
0.105 0.680286
0.106 0.684372
0.107 0.690501
0.108 0.697651
0.109 0.701736
0.11 0.71093
0.111 0.711951
0.112 0.715015
0.113 0.721144
0.114 0.730337
0.115 0.743616
0.116 0.74668
0.117 0.751788
0.118 0.758938
0.119 0.760981
0.12 0.764045
0.121 0.777324
0.122 0.783453
0.123 0.78856
0.124 0.79571
0.125 0.801839
0.126 0.804903
0.127 0.811032
0.128 0.81716
0.129 0.821246
0.13 0.825332
0.131 0.830439
0.132 0.838611
0.133 0.842697
0.134 0.845761
0.135 0.848825
0.136 0.852911
0.137 0.856997
0.138 0.858018
0.139 0.86619
0.14 0.874362
0.141 0.874362
0.142 0.878447
0.143 0.882533
0.144 0.891726
0.145 0.897855
0.146 0.903984
0.147 0.907048
0.148 0.914198
0.149 0.917263
0.15 0.920327
0.151 0.925434
0.152 0.926456
0.153 0.930541
0.154 0.933606
0.155 0.935649
0.156 0.939734
0.157 0.940756
0.158 0.941777
0.159 0.94382
0.16 0.94382
0.161 0.944842
0.162 0.945863
0.163 0.947906
0.164 0.948927
0.165 0.949949
0.166 0.95097
0.167 0.951992
0.168 0.951992
0.169 0.951992
0.17 0.951992
0.171 0.956078
0.172 0.958121
0.173 0.958121
0.174 0.958121
0.175 0.958121
0.176 0.958121
0.177 0.960163
0.178 0.961185
0.179 0.961185
0.18 0.961185
0.181 0.961185
0.182 0.963228
0.183 0.963228
0.184 0.963228
0.185 0.963228
0.186 0.964249
0.187 0.964249
0.188 0.965271
0.189 0.965271
0.19 0.966292
0.191 0.966292
0.192 0.967314
0.193 0.968335
0.194 0.969357
0.195 0.969357
0.196 0.970378
0.197 0.971399
0.198 0.971399
0.199 0.972421
0.2 0.973442
0.201 0.975485
0.202 0.975485
0.203 0.975485
0.204 0.976507
0.205 0.976507
0.206 0.976507
0.207 0.976507
0.208 0.97855
0.209 0.979571
0.21 0.979571
0.211 0.979571
0.212 0.979571
0.213 0.979571
0.214 0.979571
0.215 0.980592
0.216 0.982635
0.217 0.982635
0.218 0.983657
0.219 0.983657
0.22 0.984678
0.221 0.984678
0.222 0.984678
0.223 0.984678
0.224 0.984678
0.225 0.984678
0.226 0.9857
0.227 0.9857
0.228 0.986721
0.229 0.986721
0.23 0.986721
0.231 0.986721
0.232 0.987743
0.233 0.988764
0.234 0.988764
0.235 0.988764
0.236 0.989786
0.237 0.989786
0.238 0.989786
0.239 0.990807
0.24 0.990807
0.241 0.990807
0.242 0.991828
0.243 0.991828
0.244 0.99285
0.245 0.99285
0.246 0.99285
0.247 0.99285
0.248 0.99285
0.249 0.99285
0.25 0.993871
0.251 0.993871
0.252 0.993871
0.253 0.993871
0.254 0.993871
0.255 0.993871
0.256 0.994893
0.257 0.994893
0.258 0.994893
0.259 0.994893
0.26 0.994893
0.261 0.994893
0.262 0.995914
0.263 0.995914
0.264 0.995914
0.265 0.995914
0.266 0.995914
0.267 0.995914
0.268 0.995914
0.269 0.995914
0.27 0.995914
0.271 0.995914
0.272 0.995914
0.273 0.995914
0.274 0.995914
0.275 0.995914
0.276 0.995914
0.277 0.995914
0.278 0.996936
0.279 0.996936
0.28 0.996936
0.281 0.996936
0.282 0.996936
0.283 0.996936
0.284 0.996936
0.285 0.996936
0.286 0.997957
0.287 0.997957
0.288 0.997957
0.289 0.997957
0.29 0.997957
0.291 0.997957
0.292 0.997957
0.293 0.997957
0.294 0.997957
0.295 0.997957
0.296 0.997957
0.297 0.997957
0.298 0.997957
0.299 0.997957
0.3 0.997957
0.301 0.997957
0.302 0.997957
0.303 0.998979
0.304 0.998979
0.305 0.998979
0.306 0.998979
0.307 0.998979
0.308 0.998979
0.309 0.998979
0.31 0.998979
0.311 0.998979
0.312 0.998979
0.313 0.998979
0.314 0.998979
0.315 1
0.316 1
0.317 1
0.318 1
0.319 1
0.32 1
0.321 1
0.322 1
0.323 1
0.324 1
0.325 1
0.326 1
0.327 1
0.328 1
0.329 1
0.33 1
0.331 1
0.332 1
0.333 1
0.334 1
0.335 1
0.336 1
0.337 1
0.338 1
0.339 1
0.34 1
0.341 1
0.342 1
0.343 1
0.344 1
0.345 1
0.346 1
0.347 1
0.348 1
0.349 1
0.35 1
0.351 1
0.352 1
0.353 1
0.354 1
0.355 1
0.356 1
0.357 1
0.358 1
0.359 1
0.36 1
0.361 1
0.362 1
0.363 1
0.364 1
0.365 1
0.366 1
0.367 1
0.368 1
0.369 1
0.37 1
0.371 1
0.372 1
0.373 1
0.374 1
0.375 1
0.376 1
0.377 1
0.378 1
0.379 1
0.38 1
0.381 1
0.382 1
0.383 1
0.384 1
0.385 1
0.386 1
0.387 1
0.388 1
0.389 1
0.39 1
0.391 1
0.392 1
0.393 1
0.394 1
0.395 1
0.396 1
0.397 1
0.398 1
0.399 1
0.4 1
