400
0 0
0.001 0.00731707
0.002 0.0154472
0.003 0.0235772
0.004 0.0260163
0.005 0.0308943
0.006 0.0365854
0.007 0.0398374
0.008 0.0447154
0.009 0.0487805
0.01 0.0520325
0.011 0.0585366
0.012 0.0642276
0.013 0.0739837
0.014 0.0853659
0.015 0.0910569
0.016 0.095935
0.017 0.104065
0.018 0.108943
0.019 0.113008
0.02 0.123577
0.021 0.130894
0.022 0.134146
0.023 0.14065
0.024 0.147967
0.025 0.155285
0.026 0.161789
0.027 0.165041
0.028 0.169106
0.029 0.174797
0.03 0.18374
0.031 0.192683
0.032 0.203252
0.033 0.210569
0.034 0.213821
0.035 0.219512
0.036 0.226829
0.037 0.234959
0.038 0.235772
0.039 0.239024
0.04 0.24878
0.041 0.252033
0.042 0.255285
0.043 0.25935
0.044 0.273171
0.045 0.278862
0.046 0.282927
0.047 0.287805
0.048 0.296748
0.049 0.300813
0.05 0.30813
0.051 0.311382
0.052 0.323577
0.053 0.330081
0.054 0.334959
0.055 0.337398
0.056 0.343089
0.057 0.349593
0.058 0.35935
0.059 0.365041
0.06 0.373171
0.061 0.376423
0.062 0.381301
0.063 0.385366
0.064 0.391057
0.065 0.396748
0.066 0.402439
0.067 0.404065
0.068 0.408943
0.069 0.411382
0.07 0.42439
0.071 0.431707
0.072 0.436585
0.073 0.443902
0.074 0.44878
0.075 0.452846
0.076 0.456911
0.077 0.461789
0.078 0.46748
0.079 0.472358
0.08 0.478049
0.081 0.485366
0.082 0.491057
0.083 0.499187
0.084 0.510569
0.085 0.518699
0.086 0.527642
0.087 0.531707
0.088 0.541463
0.089 0.546341
0.09 0.553659
0.091 0.55935
0.092 0.565854
0.093 0.571545
0.094 0.578862
0.095 0.586179
0.096 0.595935
0.097 0.604878
0.098 0.613008
0.099 0.621138
0.1 0.63252
0.101 0.638211
0.102 0.647967
0.103 0.65122
0.104 0.657724
0.105 0.666667
0.106 0.670732
0.107 0.677236
0.108 0.684553
0.109 0.693496
0.11 0.698374
0.111 0.70813
0.112 0.714634
0.113 0.720325
0.114 0.727642
0.115 0.730894
0.116 0.734146
0.117 0.742276
0.118 0.746341
0.119 0.752846
0.12 0.762602
0.121 0.764228
0.122 0.770732
0.123 0.774797
0.124 0.782114
0.125 0.786992
0.126 0.794309
0.127 0.8
0.128 0.804065
0.129 0.807317
0.13 0.809756
0.131 0.815447
0.132 0.821138
0.133 0.827642
0.134 0.833333
0.135 0.836585
0.136 0.842276
0.137 0.846341
0.138 0.85122
0.139 0.856098
0.14 0.863415
0.141 0.86748
0.142 0.871545
0.143 0.87561
0.144 0.876423
0.145 0.879675
0.146 0.882114
0.147 0.882927
0.148 0.886992
0.149 0.888618
0.15 0.892683
0.151 0.898374
0.152 0.902439
0.153 0.904878
0.154 0.909756
0.155 0.911382
0.156 0.911382
0.157 0.913008
0.158 0.914634
0.159 0.917073
0.16 0.921951
0.161 0.92439
0.162 0.928455
0.163 0.930894
0.164 0.934146
0.165 0.935772
0.166 0.936585
0.167 0.938211
0.168 0.939837
0.169 0.941463
0.17 0.943089
0.171 0.944715
0.172 0.946341
0.173 0.947967
0.174 0.947967
0.175 0.94878
0.176 0.94878
0.177 0.949593
0.178 0.95122
0.179 0.95122
0.18 0.952033
0.181 0.952033
0.182 0.952033
0.183 0.952846
0.184 0.953659
0.185 0.954472
0.186 0.955285
0.187 0.956098
0.188 0.956098
0.189 0.956911
0.19 0.957724
0.191 0.958537
0.192 0.95935
0.193 0.95935
0.194 0.960163
0.195 0.960163
0.196 0.960976
0.197 0.963415
0.198 0.966667
0.199 0.968293
0.2 0.969106
0.201 0.969106
0.202 0.969106
0.203 0.969919
0.204 0.969919
0.205 0.970732
0.206 0.971545
0.207 0.971545
0.208 0.971545
0.209 0.971545
0.21 0.971545
0.211 0.971545
0.212 0.971545
0.213 0.971545
0.214 0.972358
0.215 0.973171
0.216 0.973171
0.217 0.973171
0.218 0.973171
0.219 0.973171
0.22 0.974797
0.221 0.977236
0.222 0.978049
0.223 0.978862
0.224 0.979675
0.225 0.979675
0.226 0.979675
0.227 0.980488
0.228 0.980488
0.229 0.981301
0.23 0.981301
0.231 0.981301
0.232 0.982114
0.233 0.98374
0.234 0.98374
0.235 0.98374
0.236 0.98374
0.237 0.984553
0.238 0.985366
0.239 0.986179
0.24 0.986992
0.241 0.986992
0.242 0.986992
0.243 0.986992
0.244 0.988618
0.245 0.988618
0.246 0.988618
0.247 0.988618
0.248 0.988618
0.249 0.989431
0.25 0.989431
0.251 0.989431
0.252 0.990244
0.253 0.991057
0.254 0.991057
0.255 0.993496
0.256 0.994309
0.257 0.994309
0.258 0.994309
0.259 0.994309
0.26 0.994309
0.261 0.994309
0.262 0.994309
0.263 0.994309
0.264 0.994309
0.265 0.995122
0.266 0.995122
0.267 0.995122
0.268 0.995122
0.269 0.995122
0.27 0.995122
0.271 0.995122
0.272 0.995122
0.273 0.995122
0.274 0.995122
0.275 0.995935
0.276 0.995935
0.277 0.995935
0.278 0.995935
0.279 0.996748
0.28 0.996748
0.281 0.996748
0.282 0.996748
0.283 0.996748
0.284 0.996748
0.285 0.996748
0.286 0.996748
0.287 0.996748
0.288 0.996748
0.289 0.996748
0.29 0.996748
0.291 0.996748
0.292 0.996748
0.293 0.996748
0.294 0.996748
0.295 0.996748
0.296 0.997561
0.297 0.997561
0.298 0.997561
0.299 0.998374
0.3 0.999187
0.301 0.999187
0.302 0.999187
0.303 0.999187
0.304 0.999187
0.305 0.999187
0.306 0.999187
0.307 0.999187
0.308 0.999187
0.309 0.999187
0.31 1
0.311 1
0.312 1
0.313 1
0.314 1
0.315 1
0.316 1
0.317 1
0.318 1
0.319 1
0.32 1
0.321 1
0.322 1
0.323 1
0.324 1
0.325 1
0.326 1
0.327 1
0.328 1
0.329 1
0.33 1
0.331 1
0.332 1
0.333 1
0.334 1
0.335 1
0.336 1
0.337 1
0.338 1
0.339 1
0.34 1
0.341 1
0.342 1
0.343 1
0.344 1
0.345 1
0.346 1
0.347 1
0.348 1
0.349 1
0.35 1
0.351 1
0.352 1
0.353 1
0.354 1
0.355 1
0.356 1
0.357 1
0.358 1
0.359 1
0.36 1
0.361 1
0.362 1
0.363 1
0.364 1
0.365 1
0.366 1
0.367 1
0.368 1
0.369 1
0.37 1
0.371 1
0.372 1
0.373 1
0.374 1
0.375 1
0.376 1
0.377 1
0.378 1
0.379 1
0.38 1
0.381 1
0.382 1
0.383 1
0.384 1
0.385 1
0.386 1
0.387 1
0.388 1
0.389 1
0.39 1
0.391 1
0.392 1
0.393 1
0.394 1
0.395 1
0.396 1
0.397 1
0.398 1
0.399 1
0.4 1
