400
0 0
0.001 0.0038432
0.002 0.00999231
0.003 0.0138355
0.004 0.0215219
0.005 0.027671
0.006 0.0330515
0.007 0.0368947
0.008 0.0430438
0.009 0.0491929
0.01 0.0538048
0.011 0.0614912
0.012 0.0668716
0.013 0.0730208
0.014 0.0814758
0.015 0.0868563
0.016 0.0945427
0.017 0.0983859
0.018 0.102998
0.019 0.10761
0.02 0.115296
0.021 0.116833
0.022 0.123751
0.023 0.128363
0.024 0.133743
0.025 0.143736
0.026 0.147579
0.027 0.154497
0.028 0.160646
0.029 0.165257
0.03 0.169869
0.031 0.177556
0.032 0.181399
0.033 0.188317
0.034 0.195234
0.035 0.202152
0.036 0.203689
0.037 0.207533
0.038 0.213682
0.039 0.222137
0.04 0.226749
0.041 0.23136
0.042 0.238278
0.043 0.247502
0.044 0.252114
0.045 0.260569
0.046 0.264412
0.047 0.27133
0.048 0.279016
0.049 0.284397
0.05 0.292852
0.051 0.294389
0.052 0.302844
0.053 0.305919
0.054 0.318985
0.055 0.324366
0.056 0.332821
0.057 0.337433
0.058 0.342045
0.059 0.347425
0.06 0.352037
0.061 0.360492
0.062 0.365872
0.063 0.371253
0.064 0.377402
0.065 0.390469
0.066 0.395849
0.067 0.407379
0.068 0.414297
0.069 0.417371
0.07 0.422752
0.071 0.427364
0.072 0.438125
0.073 0.44658
0.074 0.451191
0.075 0.455035
0.076 0.457341
0.077 0.464258
0.078 0.470407
0.079 0.475788
0.08 0.484243
0.081 0.494235
0.082 0.501153
0.083 0.501153
0.084 0.508071
0.085 0.511145
0.086 0.516526
0.087 0.518832
0.088 0.525749
0.089 0.531899
0.09 0.538816
0.091 0.547271
0.092 0.554958
0.093 0.564181
0.094 0.567256
0.095 0.571099
0.096 0.579554
0.097 0.588009
0.098 0.595696
0.099 0.604151
0.1 0.606457
0.101 0.614143
0.102 0.618755
0.103 0.624135
0.104 0.634128
0.105 0.639508
0.106 0.647963
0.107 0.650269
0.108 0.657955
0.109 0.664873
0.11 0.673328
0.111 0.679477
0.112 0.687932
0.113 0.694081
0.114 0.700999
0.115 0.705611
0.116 0.712529
0.117 0.717909
0.118 0.726364
0.119 0.732513
0.12 0.734819
0.121 0.744043
0.122 0.749424
0.123 0.753267
0.124 0.760184
0.125 0.76249
0.126 0.765565
0.127 0.776326
0.128 0.780938
0.129 0.78555
0.13 0.791699
0.131 0.798616
0.132 0.803997
0.133 0.809377
0.134 0.815527
0.135 0.81937
0.136 0.829362
0.137 0.831668
0.138 0.837048
0.139 0.843198
0.14 0.846272
0.141 0.850115
0.142 0.855496
0.143 0.85857
0.144 0.862414
0.145 0.869331
0.146 0.876249
0.147 0.882398
0.148 0.885473
0.149 0.889316
0.15 0.893928
0.151 0.899308
0.152 0.901614
0.153 0.90392
0.154 0.905457
0.155 0.907763
0.156 0.907763
0.157 0.912375
0.158 0.916218
0.159 0.918524
0.16 0.923905
0.161 0.927748
0.162 0.929285
0.163 0.93236
0.164 0.93236
0.165 0.935434
0.166 0.936203
0.167 0.936972
0.168 0.93774
0.169 0.93774
0.17 0.93774
0.171 0.940046
0.172 0.943121
0.173 0.943889
0.174 0.946195
0.175 0.947733
0.176 0.948501
0.177 0.950038
0.178 0.950807
0.179 0.951576
0.18 0.952344
0.181 0.95465
0.182 0.955419
0.183 0.956188
0.184 0.956188
0.185 0.956188
0.186 0.956188
0.187 0.956956
0.188 0.957725
0.189 0.957725
0.19 0.957725
0.191 0.959262
0.192 0.960799
0.193 0.960799
0.194 0.963105
0.195 0.963874
0.196 0.963874
0.197 0.964643
0.198 0.965411
0.199 0.96618
0.2 0.966948
0.201 0.966948
0.202 0.966948
0.203 0.968486
0.204 0.968486
0.205 0.969254
0.206 0.970792
0.207 0.97156
0.208 0.972329
0.209 0.973866
0.21 0.973866
0.211 0.975404
0.212 0.975404
0.213 0.976172
0.214 0.976941
0.215 0.977709
0.216 0.977709
0.217 0.978478
0.218 0.979247
0.219 0.980784
0.22 0.980784
0.221 0.981553
0.222 0.983859
0.223 0.983859
0.224 0.984627
0.225 0.985396
0.226 0.985396
0.227 0.986164
0.228 0.986933
0.229 0.987702
0.23 0.987702
0.231 0.987702
0.232 0.987702
0.233 0.987702
0.234 0.98847
0.235 0.98847
0.236 0.989239
0.237 0.989239
0.238 0.989239
0.239 0.989239
0.24 0.989239
0.241 0.990008
0.242 0.990008
0.243 0.990008
0.244 0.990776
0.245 0.990776
0.246 0.990776
0.247 0.990776
0.248 0.990776
0.249 0.990776
0.25 0.992314
0.251 0.992314
0.252 0.992314
0.253 0.993082
0.254 0.993082
0.255 0.993851
0.256 0.993851
0.257 0.993851
0.258 0.993851
0.259 0.993851
0.26 0.993851
0.261 0.993851
0.262 0.993851
0.263 0.99462
0.264 0.99462
0.265 0.995388
0.266 0.995388
0.267 0.995388
0.268 0.995388
0.269 0.995388
0.27 0.995388
0.271 0.995388
0.272 0.995388
0.273 0.996157
0.274 0.996157
0.275 0.996925
0.276 0.996925
0.277 0.996925
0.278 0.996925
0.279 0.997694
0.28 0.997694
0.281 0.997694
0.282 0.997694
0.283 0.997694
0.284 0.998463
0.285 0.998463
0.286 0.998463
0.287 0.998463
0.288 0.998463
0.289 0.998463
0.29 0.998463
0.291 0.998463
0.292 0.998463
0.293 0.998463
0.294 0.998463
0.295 0.998463
0.296 0.998463
0.297 0.998463
0.298 0.998463
0.299 0.998463
0.3 0.998463
0.301 0.998463
0.302 0.998463
0.303 0.998463
0.304 0.998463
0.305 0.998463
0.306 0.998463
0.307 0.998463
0.308 0.998463
0.309 0.998463
0.31 0.998463
0.311 0.998463
0.312 0.998463
0.313 0.998463
0.314 0.998463
0.315 0.998463
0.316 0.998463
0.317 0.998463
0.318 0.998463
0.319 0.998463
0.32 0.998463
0.321 0.998463
0.322 0.998463
0.323 0.998463
0.324 0.999231
0.325 0.999231
0.326 0.999231
0.327 0.999231
0.328 0.999231
0.329 0.999231
0.33 0.999231
0.331 0.999231
0.332 0.999231
0.333 0.999231
0.334 0.999231
0.335 0.999231
0.336 0.999231
0.337 0.999231
0.338 0.999231
0.339 0.999231
0.34 0.999231
0.341 0.999231
0.342 0.999231
0.343 0.999231
0.344 0.999231
0.345 1
0.346 1
0.347 1
0.348 1
0.349 1
0.35 1
0.351 1
0.352 1
0.353 1
0.354 1
0.355 1
0.356 1
0.357 1
0.358 1
0.359 1
0.36 1
0.361 1
0.362 1
0.363 1
0.364 1
0.365 1
0.366 1
0.367 1
0.368 1
0.369 1
0.37 1
0.371 1
0.372 1
0.373 1
0.374 1
0.375 1
0.376 1
0.377 1
0.378 1
0.379 1
0.38 1
0.381 1
0.382 1
0.383 1
0.384 1
0.385 1
0.386 1
0.387 1
0.388 1
0.389 1
0.39 1
0.391 1
0.392 1
0.393 1
0.394 1
0.395 1
0.396 1
0.397 1
0.398 1
0.399 1
0.4 1
