400
0 0
0.001 0.0029873
0.002 0.012696
0.003 0.017177
0.004 0.0246453
0.005 0.0306199
0.006 0.0373413
0.007 0.04705
0.008 0.0560119
0.009 0.0634802
0.01 0.0702016
0.011 0.0754294
0.012 0.0843913
0.013 0.0896191
0.014 0.0948469
0.015 0.0978342
0.016 0.102315
0.017 0.11053
0.018 0.119492
0.019 0.12696
0.02 0.134429
0.021 0.142644
0.022 0.148618
0.023 0.156087
0.024 0.159074
0.025 0.166542
0.026 0.172517
0.027 0.176998
0.028 0.183719
0.029 0.190441
0.03 0.195668
0.031 0.198656
0.032 0.200896
0.033 0.206871
0.034 0.213592
0.035 0.21882
0.036 0.226288
0.037 0.229276
0.038 0.239731
0.039 0.244212
0.04 0.252427
0.041 0.258402
0.042 0.265123
0.043 0.270351
0.044 0.281553
0.045 0.288275
0.046 0.29649
0.047 0.300971
0.048 0.303211
0.049 0.309933
0.05 0.318895
0.051 0.326363
0.052 0.334578
0.053 0.340553
0.054 0.34578
0.055 0.354742
0.056 0.363704
0.057 0.370426
0.058 0.379388
0.059 0.382375
0.06 0.385362
0.061 0.39283
0.062 0.397311
0.063 0.401046
0.064 0.40478
0.065 0.410754
0.066 0.416729
0.067 0.424944
0.068 0.430919
0.069 0.439134
0.07 0.445855
0.071 0.45183
0.072 0.458551
0.073 0.466019
0.074 0.471994
0.075 0.476475
0.076 0.48245
0.077 0.488424
0.078 0.498133
0.079 0.49888
0.08 0.501867
0.081 0.507842
0.082 0.512323
0.083 0.51755
0.084 0.522778
0.085 0.530246
0.086 0.536221
0.087 0.539955
0.088 0.546677
0.089 0.553398
0.09 0.563854
0.091 0.570575
0.092 0.578043
0.093 0.583271
0.094 0.587005
0.095 0.590739
0.096 0.59522
0.097 0.600448
0.098 0.610157
0.099 0.619866
0.1 0.628081
0.101 0.635549
0.102 0.639283
0.103 0.643764
0.104 0.651232
0.105 0.659447
0.106 0.668409
0.107 0.675878
0.108 0.682599
0.109 0.687827
0.11 0.692308
0.111 0.699029
0.112 0.706497
0.113 0.712472
0.114 0.718447
0.115 0.723674
0.116 0.727409
0.117 0.731889
0.118 0.739358
0.119 0.746079
0.12 0.752054
0.121 0.756535
0.122 0.769231
0.123 0.775205
0.124 0.779686
0.125 0.786408
0.126 0.793876
0.127 0.802091
0.128 0.808066
0.129 0.813294
0.13 0.818521
0.131 0.825243
0.132 0.829724
0.133 0.833458
0.134 0.835698
0.135 0.840179
0.136 0.847647
0.137 0.851382
0.138 0.856609
0.139 0.862584
0.14 0.868559
0.141 0.87304
0.142 0.876774
0.143 0.880508
0.144 0.884989
0.145 0.890217
0.146 0.897685
0.147 0.902166
0.148 0.904406
0.149 0.906647
0.15 0.90814
0.151 0.911128
0.152 0.916355
0.153 0.921583
0.154 0.925317
0.155 0.928305
0.156 0.932786
0.157 0.93652
0.158 0.941001
0.159 0.943241
0.16 0.943988
0.161 0.944735
0.162 0.946229
0.163 0.949963
0.164 0.952203
0.165 0.953697
0.166 0.954444
0.167 0.95519
0.168 0.956684
0.169 0.958178
0.17 0.958178
0.171 0.959671
0.172 0.960418
0.173 0.961165
0.174 0.961165
0.175 0.964152
0.176 0.965646
0.177 0.96714
0.178 0.968633
0.179 0.968633
0.18 0.970127
0.181 0.972367
0.182 0.973114
0.183 0.973861
0.184 0.973861
0.185 0.973861
0.186 0.975355
0.187 0.975355
0.188 0.975355
0.189 0.976102
0.19 0.976848
0.191 0.976848
0.192 0.977595
0.193 0.977595
0.194 0.978342
0.195 0.978342
0.196 0.979089
0.197 0.979089
0.198 0.979089
0.199 0.979089
0.2 0.979836
0.201 0.979836
0.202 0.979836
0.203 0.981329
0.204 0.981329
0.205 0.981329
0.206 0.982076
0.207 0.982823
0.208 0.982823
0.209 0.98357
0.21 0.984317
0.211 0.985063
0.212 0.98581
0.213 0.986557
0.214 0.986557
0.215 0.986557
0.216 0.987304
0.217 0.987304
0.218 0.987304
0.219 0.987304
0.22 0.988798
0.221 0.988798
0.222 0.988798
0.223 0.988798
0.224 0.988798
0.225 0.988798
0.226 0.989544
0.227 0.990291
0.228 0.990291
0.229 0.990291
0.23 0.990291
0.231 0.991038
0.232 0.991038
0.233 0.991038
0.234 0.991785
0.235 0.991785
0.236 0.991785
0.237 0.991785
0.238 0.991785
0.239 0.991785
0.24 0.991785
0.241 0.992532
0.242 0.992532
0.243 0.992532
0.244 0.993279
0.245 0.994025
0.246 0.994025
0.247 0.994025
0.248 0.994772
0.249 0.995519
0.25 0.995519
0.251 0.995519
0.252 0.996266
0.253 0.996266
0.254 0.996266
0.255 0.996266
0.256 0.996266
0.257 0.996266
0.258 0.996266
0.259 0.996266
0.26 0.996266
0.261 0.996266
0.262 0.996266
0.263 0.996266
0.264 0.996266
0.265 0.996266
0.266 0.996266
0.267 0.996266
0.268 0.996266
0.269 0.997013
0.27 0.997013
0.271 0.997013
0.272 0.997013
0.273 0.997013
0.274 0.997013
0.275 0.997013
0.276 0.997013
0.277 0.997013
0.278 0.997013
0.279 0.997013
0.28 0.997013
0.281 0.997013
0.282 0.99776
0.283 0.99776
0.284 0.998506
0.285 0.998506
0.286 0.998506
0.287 0.998506
0.288 0.998506
0.289 0.998506
0.29 0.998506
0.291 0.998506
0.292 0.998506
0.293 0.998506
0.294 0.998506
0.295 0.998506
0.296 0.999253
0.297 0.999253
0.298 0.999253
0.299 0.999253
0.3 0.999253
0.301 0.999253
0.302 1
0.303 1
0.304 1
0.305 1
0.306 1
0.307 1
0.308 1
0.309 1
0.31 1
0.311 1
0.312 1
0.313 1
0.314 1
0.315 1
0.316 1
0.317 1
0.318 1
0.319 1
0.32 1
0.321 1
0.322 1
0.323 1
0.324 1
0.325 1
0.326 1
0.327 1
0.328 1
0.329 1
0.33 1
0.331 1
0.332 1
0.333 1
0.334 1
0.335 1
0.336 1
0.337 1
0.338 1
0.339 1
0.34 1
0.341 1
0.342 1
0.343 1
0.344 1
0.345 1
0.346 1
0.347 1
0.348 1
0.349 1
0.35 1
0.351 1
0.352 1
0.353 1
0.354 1
0.355 1
0.356 1
0.357 1
0.358 1
0.359 1
0.36 1
0.361 1
0.362 1
0.363 1
0.364 1
0.365 1
0.366 1
0.367 1
0.368 1
0.369 1
0.37 1
0.371 1
0.372 1
0.373 1
0.374 1
0.375 1
0.376 1
0.377 1
0.378 1
0.379 1
0.38 1
0.381 1
0.382 1
0.383 1
0.384 1
0.385 1
0.386 1
0.387 1
0.388 1
0.389 1
0.39 1
0.391 1
0.392 1
0.393 1
0.394 1
0.395 1
0.396 1
0.397 1
0.398 1
0.399 1
0.4 1
