400
0 0
0.001 0.00531915
0.002 0.0144377
0.003 0.0197568
0.004 0.0273556
0.005 0.0334347
0.006 0.0433131
0.007 0.0493921
0.008 0.0577508
0.009 0.0638298
0.01 0.0691489
0.011 0.0775076
0.012 0.0858663
0.013 0.0896657
0.014 0.093465
0.015 0.101064
0.016 0.106383
0.017 0.112462
0.018 0.120061
0.019 0.12462
0.02 0.129179
0.021 0.134498
0.022 0.139818
0.023 0.143617
0.024 0.149696
0.025 0.156535
0.026 0.160334
0.027 0.163374
0.028 0.166413
0.029 0.174012
0.03 0.179331
0.031 0.18617
0.032 0.193769
0.033 0.199088
0.034 0.208207
0.035 0.214286
0.036 0.224924
0.037 0.230243
0.038 0.235562
0.039 0.243161
0.04 0.25
0.041 0.253799
0.042 0.257599
0.043 0.262918
0.044 0.266717
0.045 0.273556
0.046 0.281915
0.047 0.287234
0.048 0.294073
0.049 0.302432
0.05 0.304711
0.051 0.31231
0.052 0.31535
0.053 0.321429
0.054 0.325988
0.055 0.334347
0.056 0.344225
0.057 0.349544
0.058 0.355623
0.059 0.363222
0.06 0.369301
0.061 0.37538
0.062 0.382979
0.063 0.392097
0.064 0.395897
0.065 0.402736
0.066 0.408055
0.067 0.413374
0.068 0.420973
0.069 0.427052
0.07 0.43465
0.071 0.443769
0.072 0.449848
0.073 0.455167
0.074 0.459726
0.075 0.465046
0.076 0.470365
0.077 0.474924
0.078 0.478723
0.079 0.487842
0.08 0.493921
0.081 0.49772
0.082 0.50076
0.083 0.506839
0.084 0.512158
0.085 0.520517
0.086 0.525836
0.087 0.531155
0.088 0.535714
0.089 0.546353
0.09 0.550152
0.091 0.555471
0.092 0.56079
0.093 0.566869
0.094 0.573708
0.095 0.579027
0.096 0.583587
0.097 0.586626
0.098 0.590426
0.099 0.599544
0.1 0.607143
0.101 0.614742
0.102 0.6231
0.103 0.629179
0.104 0.636018
0.105 0.640578
0.106 0.648936
0.107 0.652736
0.108 0.657295
0.109 0.661854
0.11 0.667933
0.111 0.671733
0.112 0.676292
0.113 0.680851
0.114 0.690729
0.115 0.699088
0.116 0.706687
0.117 0.715046
0.118 0.719605
0.119 0.724164
0.12 0.729483
0.121 0.741641
0.122 0.743921
0.123 0.75228
0.124 0.760638
0.125 0.769757
0.126 0.775076
0.127 0.781915
0.128 0.787234
0.129 0.791793
0.13 0.797872
0.131 0.805471
0.132 0.81307
0.133 0.820669
0.134 0.826748
0.135 0.831307
0.136 0.834347
0.137 0.839666
0.138 0.844985
0.139 0.849544
0.14 0.856383
0.141 0.861702
0.142 0.870061
0.143 0.8769
0.144 0.881459
0.145 0.886778
0.146 0.889818
0.147 0.893617
0.148 0.899696
0.149 0.905775
0.15 0.909574
0.151 0.914134
0.152 0.915653
0.153 0.917173
0.154 0.917933
0.155 0.919453
0.156 0.920973
0.157 0.924012
0.158 0.924772
0.159 0.925532
0.16 0.928571
0.161 0.930851
0.162 0.931611
0.163 0.933891
0.164 0.933891
0.165 0.93541
0.166 0.93541
0.167 0.93769
0.168 0.93845
0.169 0.942249
0.17 0.943769
0.171 0.943769
0.172 0.945289
0.173 0.946049
0.174 0.946809
0.175 0.949088
0.176 0.951368
0.177 0.952128
0.178 0.953647
0.179 0.953647
0.18 0.957447
0.181 0.957447
0.182 0.958207
0.183 0.959726
0.184 0.962006
0.185 0.962766
0.186 0.962766
0.187 0.962766
0.188 0.964286
0.189 0.964286
0.19 0.965046
0.191 0.965805
0.192 0.965805
0.193 0.966565
0.194 0.967325
0.195 0.968085
0.196 0.968845
0.197 0.971125
0.198 0.971125
0.199 0.971885
0.2 0.972644
0.201 0.973404
0.202 0.974164
0.203 0.974924
0.204 0.975684
0.205 0.975684
0.206 0.975684
0.207 0.976444
0.208 0.976444
0.209 0.977204
0.21 0.977204
0.211 0.977964
0.212 0.977964
0.213 0.978723
0.214 0.978723
0.215 0.979483
0.216 0.979483
0.217 0.981003
0.218 0.981763
0.219 0.983283
0.22 0.984043
0.221 0.984043
0.222 0.984802
0.223 0.984802
0.224 0.984802
0.225 0.984802
0.226 0.986322
0.227 0.986322
0.228 0.987842
0.229 0.987842
0.23 0.988602
0.231 0.988602
0.232 0.989362
0.233 0.989362
0.234 0.989362
0.235 0.989362
0.236 0.989362
0.237 0.989362
0.238 0.989362
0.239 0.989362
0.24 0.989362
0.241 0.990122
0.242 0.990122
0.243 0.990881
0.244 0.990881
0.245 0.991641
0.246 0.991641
0.247 0.992401
0.248 0.992401
0.249 0.992401
0.25 0.993161
0.251 0.993161
0.252 0.993161
0.253 0.993161
0.254 0.993161
0.255 0.993921
0.256 0.993921
0.257 0.993921
0.258 0.993921
0.259 0.993921
0.26 0.993921
0.261 0.993921
0.262 0.993921
0.263 0.993921
0.264 0.993921
0.265 0.993921
0.266 0.993921
0.267 0.993921
0.268 0.993921
0.269 0.993921
0.27 0.993921
0.271 0.993921
0.272 0.994681
0.273 0.994681
0.274 0.994681
0.275 0.994681
0.276 0.995441
0.277 0.996201
0.278 0.996201
0.279 0.996201
0.28 0.996201
0.281 0.996201
0.282 0.996201
0.283 0.996201
0.284 0.996201
0.285 0.996201
0.286 0.996201
0.287 0.996201
0.288 0.996201
0.289 0.996201
0.29 0.99696
0.291 0.99696
0.292 0.99696
0.293 0.99696
0.294 0.99772
0.295 0.99772
0.296 0.99772
0.297 0.99772
0.298 0.99772
0.299 0.99772
0.3 0.99772
0.301 0.99772
0.302 0.99772
0.303 0.99772
0.304 0.99772
0.305 0.99772
0.306 0.99772
0.307 0.99848
0.308 0.99848
0.309 0.99848
0.31 0.99848
0.311 0.99848
0.312 0.99924
0.313 0.99924
0.314 0.99924
0.315 0.99924
0.316 0.99924
0.317 0.99924
0.318 0.99924
0.319 0.99924
0.32 0.99924
0.321 0.99924
0.322 0.99924
0.323 0.99924
0.324 0.99924
0.325 0.99924
0.326 0.99924
0.327 0.99924
0.328 0.99924
0.329 0.99924
0.33 0.99924
0.331 0.99924
0.332 0.99924
0.333 0.99924
0.334 0.99924
0.335 0.99924
0.336 0.99924
0.337 0.99924
0.338 0.99924
0.339 0.99924
0.34 0.99924
0.341 0.99924
0.342 0.99924
0.343 0.99924
0.344 0.99924
0.345 0.99924
0.346 0.99924
0.347 0.99924
0.348 0.99924
0.349 0.99924
0.35 0.99924
0.351 0.99924
0.352 0.99924
0.353 0.99924
0.354 0.99924
0.355 0.99924
0.356 0.99924
0.357 0.99924
0.358 0.99924
0.359 0.99924
0.36 0.99924
0.361 0.99924
0.362 0.99924
0.363 0.99924
0.364 0.99924
0.365 0.99924
0.366 0.99924
0.367 0.99924
0.368 0.99924
0.369 0.99924
0.37 0.99924
0.371 0.99924
0.372 0.99924
0.373 0.99924
0.374 0.99924
0.375 0.99924
0.376 0.99924
0.377 0.99924
0.378 0.99924
0.379 0.99924
0.38 0.99924
0.381 0.99924
0.382 1
0.383 1
0.384 1
0.385 1
0.386 1
0.387 1
0.388 1
0.389 1
0.39 1
0.391 1
0.392 1
0.393 1
0.394 1
0.395 1
0.396 1
0.397 1
0.398 1
0.399 1
0.4 1
