400
0 0
0.001 0.0057554
0.002 0.0136691
0.003 0.0215827
0.004 0.0273381
0.005 0.0309353
0.006 0.0402878
0.007 0.0489209
0.008 0.052518
0.009 0.0582734
0.01 0.0640288
0.011 0.0733813
0.012 0.081295
0.013 0.0870504
0.014 0.0913669
0.015 0.0964029
0.016 0.105036
0.017 0.115108
0.018 0.120863
0.019 0.130935
0.02 0.134532
0.021 0.140288
0.022 0.143885
0.023 0.152518
0.024 0.158273
0.025 0.166187
0.026 0.170504
0.027 0.176978
0.028 0.178417
0.029 0.182014
0.03 0.193525
0.031 0.198561
0.032 0.205755
0.033 0.213669
0.034 0.219424
0.035 0.226619
0.036 0.231655
0.037 0.238129
0.038 0.243885
0.039 0.254676
0.04 0.259712
0.041 0.264748
0.042 0.266906
0.043 0.272662
0.044 0.279137
0.045 0.285612
0.046 0.292086
0.047 0.3
0.048 0.305755
0.049 0.311511
0.05 0.319424
0.051 0.325899
0.052 0.328777
0.053 0.342446
0.054 0.35036
0.055 0.353957
0.056 0.358993
0.057 0.366187
0.058 0.371942
0.059 0.374101
0.06 0.379137
0.061 0.384892
0.062 0.389209
0.063 0.397122
0.064 0.401439
0.065 0.405755
0.066 0.413669
0.067 0.420144
0.068 0.42518
0.069 0.430216
0.07 0.434532
0.071 0.438849
0.072 0.443885
0.073 0.452518
0.074 0.460432
0.075 0.468345
0.076 0.474101
0.077 0.480576
0.078 0.48777
0.079 0.492806
0.08 0.5
0.081 0.505036
0.082 0.509353
0.083 0.517986
0.084 0.522302
0.085 0.52518
0.086 0.533813
0.087 0.539568
0.088 0.542446
0.089 0.548201
0.09 0.553237
0.091 0.561871
0.092 0.566187
0.093 0.571223
0.094 0.579137
0.095 0.58705
0.096 0.592806
0.097 0.598561
0.098 0.604317
0.099 0.608633
0.1 0.616547
0.101 0.623741
0.102 0.629496
0.103 0.636691
0.104 0.648921
0.105 0.653237
0.106 0.658993
0.107 0.661871
0.108 0.668345
0.109 0.673381
0.11 0.680576
0.111 0.68705
0.112 0.695683
0.113 0.697842
0.114 0.702878
0.115 0.710072
0.116 0.715827
0.117 0.718705
0.118 0.72446
0.119 0.732374
0.12 0.736691
0.121 0.743165
0.122 0.74964
0.123 0.755396
0.124 0.763309
0.125 0.769065
0.126 0.776259
0.127 0.782014
0.128 0.789209
0.129 0.797842
0.13 0.802158
0.131 0.807194
0.132 0.810072
0.133 0.815108
0.134 0.820863
0.135 0.828777
0.136 0.833094
0.137 0.835971
0.138 0.844604
0.139 0.851079
0.14 0.856115
0.141 0.86259
0.142 0.868345
0.143 0.874101
0.144 0.880576
0.145 0.884892
0.146 0.888489
0.147 0.892086
0.148 0.894245
0.149 0.9
0.15 0.903597
0.151 0.904317
0.152 0.907914
0.153 0.91223
0.154 0.915827
0.155 0.917266
0.156 0.918705
0.157 0.918705
0.158 0.918705
0.159 0.919424
0.16 0.922302
0.161 0.92518
0.162 0.927338
0.163 0.928777
0.164 0.932374
0.165 0.934532
0.166 0.934532
0.167 0.935971
0.168 0.935971
0.169 0.936691
0.17 0.93741
0.171 0.938849
0.172 0.941007
0.173 0.941727
0.174 0.943885
0.175 0.945324
0.176 0.945324
0.177 0.947482
0.178 0.948921
0.179 0.95036
0.18 0.951799
0.181 0.952518
0.182 0.953237
0.183 0.953237
0.184 0.954676
0.185 0.954676
0.186 0.956835
0.187 0.958273
0.188 0.958993
0.189 0.958993
0.19 0.958993
0.191 0.960432
0.192 0.960432
0.193 0.960432
0.194 0.961151
0.195 0.961871
0.196 0.961871
0.197 0.961871
0.198 0.96259
0.199 0.963309
0.2 0.964748
0.201 0.966187
0.202 0.966906
0.203 0.966906
0.204 0.967626
0.205 0.968345
0.206 0.969065
0.207 0.971223
0.208 0.971942
0.209 0.972662
0.21 0.972662
0.211 0.972662
0.212 0.973381
0.213 0.973381
0.214 0.976259
0.215 0.976978
0.216 0.976978
0.217 0.976978
0.218 0.976978
0.219 0.976978
0.22 0.976978
0.221 0.976978
0.222 0.977698
0.223 0.977698
0.224 0.978417
0.225 0.979856
0.226 0.980576
0.227 0.981295
0.228 0.982014
0.229 0.982014
0.23 0.982734
0.231 0.982734
0.232 0.983453
0.233 0.983453
0.234 0.983453
0.235 0.983453
0.236 0.983453
0.237 0.983453
0.238 0.983453
0.239 0.983453
0.24 0.984173
0.241 0.984173
0.242 0.984173
0.243 0.986331
0.244 0.98777
0.245 0.98777
0.246 0.988489
0.247 0.988489
0.248 0.989209
0.249 0.989209
0.25 0.989209
0.251 0.989209
0.252 0.989209
0.253 0.989928
0.254 0.989928
0.255 0.989928
0.256 0.989928
0.257 0.991367
0.258 0.992086
0.259 0.992806
0.26 0.993525
0.261 0.993525
0.262 0.993525
0.263 0.993525
0.264 0.994245
0.265 0.994245
0.266 0.994245
0.267 0.994245
0.268 0.994245
0.269 0.994964
0.27 0.994964
0.271 0.994964
0.272 0.994964
0.273 0.994964
0.274 0.994964
0.275 0.994964
0.276 0.994964
0.277 0.994964
0.278 0.994964
0.279 0.995683
0.28 0.995683
0.281 0.995683
0.282 0.995683
0.283 0.995683
0.284 0.996403
0.285 0.996403
0.286 0.996403
0.287 0.996403
0.288 0.996403
0.289 0.996403
0.29 0.996403
0.291 0.996403
0.292 0.996403
0.293 0.996403
0.294 0.996403
0.295 0.996403
0.296 0.996403
0.297 0.996403
0.298 0.996403
0.299 0.996403
0.3 0.996403
0.301 0.996403
0.302 0.996403
0.303 0.996403
0.304 0.996403
0.305 0.996403
0.306 0.996403
0.307 0.996403
0.308 0.996403
0.309 0.997122
0.31 0.997122
0.311 0.997122
0.312 0.997122
0.313 0.997122
0.314 0.997122
0.315 0.997122
0.316 0.997122
0.317 0.997122
0.318 0.997122
0.319 0.997122
0.32 0.997122
0.321 0.997122
0.322 0.997122
0.323 0.997122
0.324 0.997122
0.325 0.997122
0.326 0.997122
0.327 0.997122
0.328 0.997122
0.329 0.997842
0.33 0.998561
0.331 0.998561
0.332 0.998561
0.333 0.998561
0.334 0.998561
0.335 0.998561
0.336 0.998561
0.337 0.999281
0.338 0.999281
0.339 0.999281
0.34 0.999281
0.341 0.999281
0.342 0.999281
0.343 0.999281
0.344 0.999281
0.345 0.999281
0.346 1
0.347 1
0.348 1
0.349 1
0.35 1
0.351 1
0.352 1
0.353 1
0.354 1
0.355 1
0.356 1
0.357 1
0.358 1
0.359 1
0.36 1
0.361 1
0.362 1
0.363 1
0.364 1
0.365 1
0.366 1
0.367 1
0.368 1
0.369 1
0.37 1
0.371 1
0.372 1
0.373 1
0.374 1
0.375 1
0.376 1
0.377 1
0.378 1
0.379 1
0.38 1
0.381 1
0.382 1
0.383 1
0.384 1
0.385 1
0.386 1
0.387 1
0.388 1
0.389 1
0.39 1
0.391 1
0.392 1
0.393 1
0.394 1
0.395 1
0.396 1
0.397 1
0.398 1
0.399 1
0.4 1
