400
0 0
0.001 0.0106101
0.002 0.0185676
0.003 0.0291777
0.004 0.0380195
0.005 0.0415561
0.006 0.0521662
0.007 0.0583554
0.008 0.0671972
0.009 0.0778072
0.01 0.0839965
0.011 0.0884173
0.012 0.091954
0.013 0.0981432
0.014 0.105217
0.015 0.109637
0.016 0.113174
0.017 0.121132
0.018 0.125553
0.019 0.134394
0.02 0.137047
0.021 0.145889
0.022 0.149425
0.023 0.161804
0.024 0.167993
0.025 0.173298
0.026 0.175066
0.027 0.184792
0.028 0.190097
0.029 0.197171
0.03 0.205128
0.031 0.208665
0.032 0.215738
0.033 0.219275
0.034 0.228117
0.035 0.236958
0.036 0.238727
0.037 0.244916
0.038 0.247569
0.039 0.253758
0.04 0.259947
0.041 0.268789
0.042 0.275862
0.043 0.282051
0.044 0.290009
0.045 0.296198
0.046 0.301503
0.047 0.305924
0.048 0.31565
0.049 0.32626
0.05 0.331565
0.051 0.342175
0.052 0.348364
0.053 0.354553
0.054 0.359859
0.055 0.367816
0.056 0.378426
0.057 0.384615
0.058 0.393457
0.059 0.400531
0.06 0.403183
0.061 0.408488
0.062 0.413793
0.063 0.41733
0.064 0.419982
0.065 0.427056
0.066 0.432361
0.067 0.441202
0.068 0.445623
0.069 0.452697
0.07 0.458886
0.071 0.469496
0.072 0.480106
0.073 0.490716
0.074 0.498674
0.075 0.509284
0.076 0.516357
0.077 0.522546
0.078 0.526967
0.079 0.534925
0.08 0.545535
0.081 0.549072
0.082 0.557029
0.083 0.564103
0.084 0.569408
0.085 0.574713
0.086 0.581786
0.087 0.585323
0.088 0.596817
0.089 0.609195
0.09 0.618921
0.091 0.625995
0.092 0.6313
0.093 0.634836
0.094 0.641026
0.095 0.643678
0.096 0.649867
0.097 0.654288
0.098 0.666667
0.099 0.669319
0.1 0.682582
0.101 0.690539
0.102 0.697613
0.103 0.704686
0.104 0.71176
0.105 0.717949
0.106 0.725022
0.107 0.73298
0.108 0.746242
0.109 0.751547
0.11 0.755084
0.111 0.762157
0.112 0.769231
0.113 0.773652
0.114 0.781609
0.115 0.785146
0.116 0.797524
0.117 0.808134
0.118 0.815208
0.119 0.820513
0.12 0.82847
0.121 0.83908
0.122 0.841733
0.123 0.847038
0.124 0.851459
0.125 0.859416
0.126 0.862069
0.127 0.86649
0.128 0.874447
0.129 0.878868
0.13 0.88771
0.131 0.893899
0.132 0.89832
0.133 0.904509
0.134 0.910698
0.135 0.917772
0.136 0.923077
0.137 0.924845
0.138 0.927498
0.139 0.929266
0.14 0.932803
0.141 0.933687
0.142 0.935455
0.143 0.938992
0.144 0.938992
0.145 0.939876
0.146 0.94076
0.147 0.943413
0.148 0.944297
0.149 0.94695
0.15 0.94695
0.151 0.94695
0.152 0.948718
0.153 0.949602
0.154 0.949602
0.155 0.949602
0.156 0.949602
0.157 0.95137
0.158 0.95137
0.159 0.952255
0.16 0.953139
0.161 0.954023
0.162 0.954023
0.163 0.954907
0.164 0.954907
0.165 0.956676
0.166 0.956676
0.167 0.95756
0.168 0.95756
0.169 0.959328
0.17 0.959328
0.171 0.959328
0.172 0.960212
0.173 0.961981
0.174 0.964633
0.175 0.964633
0.176 0.965517
0.177 0.967286
0.178 0.96817
0.179 0.969054
0.18 0.969054
0.181 0.969054
0.182 0.969938
0.183 0.971706
0.184 0.972591
0.185 0.972591
0.186 0.972591
0.187 0.972591
0.188 0.973475
0.189 0.973475
0.19 0.973475
0.191 0.973475
0.192 0.975243
0.193 0.975243
0.194 0.976127
0.195 0.976127
0.196 0.976127
0.197 0.976127
0.198 0.977011
0.199 0.977011
0.2 0.977011
0.201 0.977011
0.202 0.977011
0.203 0.977896
0.204 0.979664
0.205 0.979664
0.206 0.979664
0.207 0.981432
0.208 0.982317
0.209 0.982317
0.21 0.982317
0.211 0.982317
0.212 0.983201
0.213 0.983201
0.214 0.984085
0.215 0.984085
0.216 0.984085
0.217 0.984085
0.218 0.984969
0.219 0.984969
0.22 0.986737
0.221 0.986737
0.222 0.986737
0.223 0.988506
0.224 0.990274
0.225 0.990274
0.226 0.990274
0.227 0.990274
0.228 0.990274
0.229 0.990274
0.23 0.990274
0.231 0.990274
0.232 0.990274
0.233 0.990274
0.234 0.990274
0.235 0.990274
0.236 0.990274
0.237 0.990274
0.238 0.991158
0.239 0.992042
0.24 0.992042
0.241 0.992042
0.242 0.992042
0.243 0.992042
0.244 0.992042
0.245 0.992042
0.246 0.992042
0.247 0.992042
0.248 0.992042
0.249 0.993811
0.25 0.993811
0.251 0.994695
0.252 0.994695
0.253 0.994695
0.254 0.994695
0.255 0.994695
0.256 0.994695
0.257 0.994695
0.258 0.994695
0.259 0.994695
0.26 0.995579
0.261 0.995579
0.262 0.995579
0.263 0.996463
0.264 0.996463
0.265 0.996463
0.266 0.998232
0.267 0.998232
0.268 0.998232
0.269 0.999116
0.27 0.999116
0.271 0.999116
0.272 0.999116
0.273 0.999116
0.274 0.999116
0.275 0.999116
0.276 0.999116
0.277 0.999116
0.278 1
0.279 1
0.28 1
0.281 1
0.282 1
0.283 1
0.284 1
0.285 1
0.286 1
0.287 1
0.288 1
0.289 1
0.29 1
0.291 1
0.292 1
0.293 1
0.294 1
0.295 1
0.296 1
0.297 1
0.298 1
0.299 1
0.3 1
0.301 1
0.302 1
0.303 1
0.304 1
0.305 1
0.306 1
0.307 1
0.308 1
0.309 1
0.31 1
0.311 1
0.312 1
0.313 1
0.314 1
0.315 1
0.316 1
0.317 1
0.318 1
0.319 1
0.32 1
0.321 1
0.322 1
0.323 1
0.324 1
0.325 1
0.326 1
0.327 1
0.328 1
0.329 1
0.33 1
0.331 1
0.332 1
0.333 1
0.334 1
0.335 1
0.336 1
0.337 1
0.338 1
0.339 1
0.34 1
0.341 1
0.342 1
0.343 1
0.344 1
0.345 1
0.346 1
0.347 1
0.348 1
0.349 1
0.35 1
0.351 1
0.352 1
0.353 1
0.354 1
0.355 1
0.356 1
0.357 1
0.358 1
0.359 1
0.36 1
0.361 1
0.362 1
0.363 1
0.364 1
0.365 1
0.366 1
0.367 1
0.368 1
0.369 1
0.37 1
0.371 1
0.372 1
0.373 1
0.374 1
0.375 1
0.376 1
0.377 1
0.378 1
0.379 1
0.38 1
0.381 1
0.382 1
0.383 1
0.384 1
0.385 1
0.386 1
0.387 1
0.388 1
0.389 1
0.39 1
0.391 1
0.392 1
0.393 1
0.394 1
0.395 1
0.396 1
0.397 1
0.398 1
0.399 1
0.4 1
