400
0 0
0.001 0.00508475
0.002 0.00847458
0.003 0.0161017
0.004 0.0220339
0.005 0.0279661
0.006 0.0313559
0.007 0.0381356
0.008 0.0457627
0.009 0.0559322
0.01 0.0635593
0.011 0.0728814
0.012 0.0771186
0.013 0.0779661
0.014 0.0830508
0.015 0.0881356
0.016 0.0957627
0.017 0.104237
0.018 0.107627
0.019 0.113559
0.02 0.121186
0.021 0.127119
0.022 0.131356
0.023 0.134746
0.024 0.140678
0.025 0.14661
0.026 0.154237
0.027 0.158475
0.028 0.166102
0.029 0.170339
0.03 0.177119
0.031 0.183051
0.032 0.186441
0.033 0.199153
0.034 0.205085
0.035 0.211864
0.036 0.222881
0.037 0.228814
0.038 0.234746
0.039 0.238136
0.04 0.24322
0.041 0.247458
0.042 0.250847
0.043 0.259322
0.044 0.263559
0.045 0.266949
0.046 0.272881
0.047 0.280508
0.048 0.287288
0.049 0.292373
0.05 0.295763
0.051 0.3
0.052 0.30678
0.053 0.314407
0.054 0.317797
0.055 0.332203
0.056 0.337288
0.057 0.342373
0.058 0.349153
0.059 0.354237
0.06 0.357627
0.061 0.361864
0.062 0.366102
0.063 0.371186
0.064 0.382203
0.065 0.390678
0.066 0.397458
0.067 0.401695
0.068 0.411017
0.069 0.417797
0.07 0.426271
0.071 0.431356
0.072 0.435593
0.073 0.441525
0.074 0.449153
0.075 0.454237
0.076 0.457627
0.077 0.465254
0.078 0.472034
0.079 0.478814
0.08 0.485593
0.081 0.491525
0.082 0.497458
0.083 0.507627
0.084 0.511017
0.085 0.516949
0.086 0.521186
0.087 0.528814
0.088 0.538136
0.089 0.544068
0.09 0.547458
0.091 0.555085
0.092 0.560169
0.093 0.562712
0.094 0.569492
0.095 0.572881
0.096 0.576271
0.097 0.579661
0.098 0.588983
0.099 0.594068
0.1 0.600847
0.101 0.609322
0.102 0.618644
0.103 0.627966
0.104 0.635593
0.105 0.642373
0.106 0.645763
0.107 0.654237
0.108 0.658475
0.109 0.660169
0.11 0.667797
0.111 0.675424
0.112 0.679661
0.113 0.686441
0.114 0.694068
0.115 0.701695
0.116 0.707627
0.117 0.715254
0.118 0.721186
0.119 0.725424
0.12 0.733898
0.121 0.739831
0.122 0.75
0.123 0.757627
0.124 0.764407
0.125 0.769492
0.126 0.779661
0.127 0.786441
0.128 0.79322
0.129 0.800847
0.13 0.807627
0.131 0.816102
0.132 0.822034
0.133 0.828814
0.134 0.835593
0.135 0.841525
0.136 0.84661
0.137 0.854237
0.138 0.859322
0.139 0.866102
0.14 0.869492
0.141 0.874576
0.142 0.879661
0.143 0.883051
0.144 0.888136
0.145 0.89661
0.146 0.901695
0.147 0.90678
0.148 0.910169
0.149 0.912712
0.15 0.916102
0.151 0.916102
0.152 0.922034
0.153 0.925424
0.154 0.929661
0.155 0.931356
0.156 0.932203
0.157 0.936441
0.158 0.938136
0.159 0.938136
0.16 0.939831
0.161 0.941525
0.162 0.944068
0.163 0.947458
0.164 0.947458
0.165 0.948305
0.166 0.949153
0.167 0.950847
0.168 0.951695
0.169 0.951695
0.17 0.952542
0.171 0.95339
0.172 0.955932
0.173 0.958475
0.174 0.958475
0.175 0.959322
0.176 0.961864
0.177 0.961864
0.178 0.962712
0.179 0.962712
0.18 0.963559
0.181 0.963559
0.182 0.965254
0.183 0.966102
0.184 0.966102
0.185 0.966102
0.186 0.966102
0.187 0.966949
0.188 0.968644
0.189 0.969492
0.19 0.969492
0.191 0.969492
0.192 0.970339
0.193 0.970339
0.194 0.970339
0.195 0.970339
0.196 0.970339
0.197 0.971186
0.198 0.971186
0.199 0.972881
0.2 0.972881
0.201 0.972881
0.202 0.974576
0.203 0.974576
0.204 0.974576
0.205 0.975424
0.206 0.976271
0.207 0.976271
0.208 0.976271
0.209 0.977119
0.21 0.977119
0.211 0.977119
0.212 0.977119
0.213 0.977119
0.214 0.977119
0.215 0.977966
0.216 0.978814
0.217 0.978814
0.218 0.979661
0.219 0.979661
0.22 0.979661
0.221 0.979661
0.222 0.979661
0.223 0.980508
0.224 0.980508
0.225 0.980508
0.226 0.980508
0.227 0.980508
0.228 0.980508
0.229 0.981356
0.23 0.982203
0.231 0.982203
0.232 0.983898
0.233 0.986441
0.234 0.987288
0.235 0.988983
0.236 0.989831
0.237 0.989831
0.238 0.990678
0.239 0.990678
0.24 0.990678
0.241 0.990678
0.242 0.990678
0.243 0.990678
0.244 0.991525
0.245 0.991525
0.246 0.991525
0.247 0.991525
0.248 0.991525
0.249 0.991525
0.25 0.991525
0.251 0.991525
0.252 0.991525
0.253 0.991525
0.254 0.992373
0.255 0.992373
0.256 0.992373
0.257 0.992373
0.258 0.992373
0.259 0.992373
0.26 0.992373
0.261 0.992373
0.262 0.992373
0.263 0.99322
0.264 0.994068
0.265 0.994068
0.266 0.994915
0.267 0.994915
0.268 0.994915
0.269 0.995763
0.27 0.995763
0.271 0.995763
0.272 0.995763
0.273 0.995763
0.274 0.995763
0.275 0.99661
0.276 0.99661
0.277 0.99661
0.278 0.99661
0.279 0.99661
0.28 0.99661
0.281 0.99661
0.282 0.997458
0.283 0.997458
0.284 0.997458
0.285 0.997458
0.286 0.997458
0.287 0.997458
0.288 0.997458
0.289 0.997458
0.29 0.997458
0.291 0.997458
0.292 0.997458
0.293 0.997458
0.294 0.998305
0.295 0.998305
0.296 0.998305
0.297 0.998305
0.298 0.998305
0.299 0.998305
0.3 0.998305
0.301 0.998305
0.302 0.998305
0.303 0.998305
0.304 0.998305
0.305 0.998305
0.306 0.998305
0.307 0.998305
0.308 0.998305
0.309 0.998305
0.31 0.998305
0.311 0.998305
0.312 0.998305
0.313 0.998305
0.314 0.998305
0.315 0.998305
0.316 0.998305
0.317 0.998305
0.318 0.998305
0.319 0.998305
0.32 0.998305
0.321 0.998305
0.322 0.998305
0.323 0.998305
0.324 0.998305
0.325 0.998305
0.326 0.998305
0.327 0.998305
0.328 0.998305
0.329 0.998305
0.33 0.999153
0.331 0.999153
0.332 0.999153
0.333 0.999153
0.334 0.999153
0.335 0.999153
0.336 0.999153
0.337 0.999153
0.338 0.999153
0.339 0.999153
0.34 0.999153
0.341 0.999153
0.342 0.999153
0.343 0.999153
0.344 0.999153
0.345 0.999153
0.346 0.999153
0.347 0.999153
0.348 0.999153
0.349 0.999153
0.35 0.999153
0.351 0.999153
0.352 0.999153
0.353 0.999153
0.354 0.999153
0.355 0.999153
0.356 0.999153
0.357 0.999153
0.358 0.999153
0.359 0.999153
0.36 0.999153
0.361 0.999153
0.362 0.999153
0.363 0.999153
0.364 0.999153
0.365 0.999153
0.366 0.999153
0.367 0.999153
0.368 0.999153
0.369 0.999153
0.37 0.999153
0.371 0.999153
0.372 0.999153
0.373 0.999153
0.374 0.999153
0.375 0.999153
0.376 0.999153
0.377 0.999153
0.378 0.999153
0.379 0.999153
0.38 0.999153
0.381 0.999153
0.382 0.999153
0.383 0.999153
0.384 0.999153
0.385 0.999153
0.386 0.999153
0.387 0.999153
0.388 0.999153
0.389 0.999153
0.39 0.999153
0.391 0.999153
0.392 0.999153
0.393 0.999153
0.394 0.999153
0.395 0.999153
0.396 0.999153
0.397 0.999153
0.398 0.999153
0.399 1
0.4 1
