400
0 0
0.001 0.00649351
0.002 0.0148423
0.003 0.0204082
0.004 0.0306122
0.005 0.0371058
0.006 0.0435993
0.007 0.0519481
0.008 0.0602968
0.009 0.0732839
0.01 0.0760668
0.011 0.0834879
0.012 0.0927644
0.013 0.0983302
0.014 0.106679
0.015 0.112245
0.016 0.116883
0.017 0.12616
0.018 0.130798
0.019 0.135436
0.02 0.141002
0.021 0.146568
0.022 0.151206
0.023 0.153061
0.024 0.162338
0.025 0.166976
0.026 0.172542
0.027 0.181818
0.028 0.188312
0.029 0.192022
0.03 0.194805
0.031 0.201299
0.032 0.210575
0.033 0.216141
0.034 0.22449
0.035 0.230056
0.036 0.237477
0.037 0.244898
0.038 0.251391
0.039 0.257885
0.04 0.269944
0.041 0.27551
0.042 0.281076
0.043 0.285714
0.044 0.294063
0.045 0.300557
0.046 0.310761
0.047 0.317254
0.048 0.325603
0.049 0.329314
0.05 0.331169
0.051 0.339518
0.052 0.343228
0.053 0.348794
0.054 0.353432
0.055 0.356215
0.056 0.361781
0.057 0.37013
0.058 0.375696
0.059 0.382189
0.06 0.387755
0.061 0.392393
0.062 0.399814
0.063 0.40538
0.064 0.415584
0.065 0.42115
0.066 0.424861
0.067 0.432282
0.068 0.435065
0.069 0.446197
0.07 0.450835
0.071 0.461967
0.072 0.467532
0.073 0.472171
0.074 0.476809
0.075 0.485158
0.076 0.491651
0.077 0.501855
0.078 0.507421
0.079 0.514842
0.08 0.520408
0.081 0.525974
0.082 0.534323
0.083 0.538961
0.084 0.54731
0.085 0.555659
0.086 0.561224
0.087 0.56679
0.088 0.570501
0.089 0.577922
0.09 0.588126
0.091 0.596475
0.092 0.599258
0.093 0.601113
0.094 0.606679
0.095 0.6141
0.096 0.621521
0.097 0.627087
0.098 0.628942
0.099 0.631725
0.1 0.638219
0.101 0.64564
0.102 0.656772
0.103 0.666048
0.104 0.671614
0.105 0.678108
0.106 0.689239
0.107 0.695733
0.108 0.699443
0.109 0.705009
0.11 0.709647
0.111 0.719852
0.112 0.721707
0.113 0.72449
0.114 0.725417
0.115 0.737477
0.116 0.74397
0.117 0.750464
0.118 0.757885
0.119 0.764378
0.12 0.7718
0.121 0.777365
0.122 0.782004
0.123 0.78757
0.124 0.793135
0.125 0.806122
0.126 0.813544
0.127 0.820037
0.128 0.829314
0.129 0.836735
0.13 0.842301
0.131 0.850649
0.132 0.853432
0.133 0.857143
0.134 0.867347
0.135 0.869202
0.136 0.871985
0.137 0.878479
0.138 0.883117
0.139 0.887755
0.14 0.890538
0.141 0.891466
0.142 0.896104
0.143 0.897959
0.144 0.90167
0.145 0.903525
0.146 0.906308
0.147 0.911874
0.148 0.912801
0.149 0.915584
0.15 0.916512
0.151 0.919295
0.152 0.920223
0.153 0.922078
0.154 0.924861
0.155 0.927644
0.156 0.929499
0.157 0.930427
0.158 0.934137
0.159 0.934137
0.16 0.938775
0.161 0.940631
0.162 0.940631
0.163 0.941558
0.164 0.942486
0.165 0.943414
0.166 0.946197
0.167 0.947124
0.168 0.948052
0.169 0.94898
0.17 0.94898
0.171 0.94898
0.172 0.949907
0.173 0.950835
0.174 0.95269
0.175 0.953618
0.176 0.955473
0.177 0.955473
0.178 0.955473
0.179 0.955473
0.18 0.956401
0.181 0.956401
0.182 0.956401
0.183 0.958256
0.184 0.959184
0.185 0.959184
0.186 0.959184
0.187 0.959184
0.188 0.961039
0.189 0.961039
0.19 0.961967
0.191 0.961967
0.192 0.963822
0.193 0.963822
0.194 0.963822
0.195 0.963822
0.196 0.96475
0.197 0.96475
0.198 0.96475
0.199 0.965677
0.2 0.965677
0.201 0.965677
0.202 0.967532
0.203 0.967532
0.204 0.96846
0.205 0.96846
0.206 0.96846
0.207 0.970315
0.208 0.970315
0.209 0.971243
0.21 0.971243
0.211 0.971243
0.212 0.972171
0.213 0.973098
0.214 0.975881
0.215 0.976809
0.216 0.977737
0.217 0.977737
0.218 0.977737
0.219 0.977737
0.22 0.977737
0.221 0.977737
0.222 0.978664
0.223 0.978664
0.224 0.979592
0.225 0.980519
0.226 0.980519
0.227 0.981447
0.228 0.982375
0.229 0.982375
0.23 0.983302
0.231 0.985158
0.232 0.986085
0.233 0.986085
0.234 0.986085
0.235 0.987013
0.236 0.987013
0.237 0.987013
0.238 0.987013
0.239 0.987013
0.24 0.987013
0.241 0.987013
0.242 0.987013
0.243 0.987941
0.244 0.987941
0.245 0.987941
0.246 0.988868
0.247 0.989796
0.248 0.989796
0.249 0.990724
0.25 0.990724
0.251 0.991651
0.252 0.991651
0.253 0.991651
0.254 0.992579
0.255 0.992579
0.256 0.993506
0.257 0.993506
0.258 0.993506
0.259 0.993506
0.26 0.993506
0.261 0.993506
0.262 0.994434
0.263 0.994434
0.264 0.994434
0.265 0.994434
0.266 0.994434
0.267 0.994434
0.268 0.994434
0.269 0.995362
0.27 0.995362
0.271 0.995362
0.272 0.995362
0.273 0.995362
0.274 0.996289
0.275 0.996289
0.276 0.996289
0.277 0.996289
0.278 0.996289
0.279 0.996289
0.28 0.996289
0.281 0.996289
0.282 0.996289
0.283 0.996289
0.284 0.996289
0.285 0.996289
0.286 0.996289
0.287 0.996289
0.288 0.996289
0.289 0.996289
0.29 0.996289
0.291 0.996289
0.292 0.998145
0.293 0.998145
0.294 0.999072
0.295 0.999072
0.296 0.999072
0.297 0.999072
0.298 0.999072
0.299 0.999072
0.3 0.999072
0.301 0.999072
0.302 0.999072
0.303 0.999072
0.304 0.999072
0.305 0.999072
0.306 0.999072
0.307 0.999072
0.308 0.999072
0.309 0.999072
0.31 0.999072
0.311 0.999072
0.312 0.999072
0.313 0.999072
0.314 0.999072
0.315 0.999072
0.316 0.999072
0.317 0.999072
0.318 0.999072
0.319 0.999072
0.32 0.999072
0.321 0.999072
0.322 0.999072
0.323 0.999072
0.324 0.999072
0.325 0.999072
0.326 0.999072
0.327 0.999072
0.328 0.999072
0.329 0.999072
0.33 0.999072
0.331 0.999072
0.332 0.999072
0.333 0.999072
0.334 0.999072
0.335 0.999072
0.336 0.999072
0.337 0.999072
0.338 0.999072
0.339 0.999072
0.34 0.999072
0.341 0.999072
0.342 0.999072
0.343 0.999072
0.344 1
0.345 1
0.346 1
0.347 1
0.348 1
0.349 1
0.35 1
0.351 1
0.352 1
0.353 1
0.354 1
0.355 1
0.356 1
0.357 1
0.358 1
0.359 1
0.36 1
0.361 1
0.362 1
0.363 1
0.364 1
0.365 1
0.366 1
0.367 1
0.368 1
0.369 1
0.37 1
0.371 1
0.372 1
0.373 1
0.374 1
0.375 1
0.376 1
0.377 1
0.378 1
0.379 1
0.38 1
0.381 1
0.382 1
0.383 1
0.384 1
0.385 1
0.386 1
0.387 1
0.388 1
0.389 1
0.39 1
0.391 1
0.392 1
0.393 1
0.394 1
0.395 1
0.396 1
0.397 1
0.398 1
0.399 1
0.4 1
