400
0 0
0.001 0.00674374
0.002 0.017341
0.003 0.022158
0.004 0.0298651
0.005 0.0356455
0.006 0.0404624
0.007 0.0472062
0.008 0.0529865
0.009 0.0558767
0.01 0.0626204
0.011 0.0674374
0.012 0.0780347
0.013 0.0847784
0.014 0.0944123
0.015 0.0982659
0.016 0.104046
0.017 0.109827
0.018 0.117534
0.019 0.120424
0.02 0.123314
0.021 0.127168
0.022 0.131021
0.023 0.137765
0.024 0.139692
0.025 0.144509
0.026 0.149326
0.027 0.156069
0.028 0.162813
0.029 0.165703
0.03 0.176301
0.031 0.180154
0.032 0.184971
0.033 0.188825
0.034 0.192678
0.035 0.201349
0.036 0.209056
0.037 0.210983
0.038 0.226397
0.039 0.239884
0.04 0.242775
0.041 0.249518
0.042 0.261079
0.043 0.271676
0.044 0.27553
0.045 0.279383
0.046 0.285164
0.047 0.289981
0.048 0.298651
0.049 0.305395
0.05 0.312139
0.051 0.322736
0.052 0.330443
0.053 0.33815
0.054 0.342004
0.055 0.352601
0.056 0.359345
0.057 0.364162
0.058 0.369942
0.059 0.373796
0.06 0.376686
0.061 0.384393
0.062 0.390173
0.063 0.3921
0.064 0.399807
0.065 0.405588
0.066 0.413295
0.067 0.420039
0.068 0.426782
0.069 0.434489
0.07 0.439306
0.071 0.44316
0.072 0.447977
0.073 0.455684
0.074 0.463391
0.075 0.471098
0.076 0.476879
0.077 0.483622
0.078 0.489403
0.079 0.495183
0.08 0.501927
0.081 0.506744
0.082 0.510597
0.083 0.517341
0.084 0.521195
0.085 0.531792
0.086 0.538536
0.087 0.547206
0.088 0.55395
0.089 0.558767
0.09 0.563584
0.091 0.568401
0.092 0.577071
0.093 0.582852
0.094 0.590559
0.095 0.595376
0.096 0.603083
0.097 0.612717
0.098 0.620424
0.099 0.625241
0.1 0.631985
0.101 0.639692
0.102 0.646435
0.103 0.653179
0.104 0.657033
0.105 0.662813
0.106 0.669557
0.107 0.679191
0.108 0.685934
0.109 0.693642
0.11 0.702312
0.111 0.710019
0.112 0.716763
0.113 0.72158
0.114 0.726397
0.115 0.728324
0.116 0.736994
0.117 0.742775
0.118 0.748555
0.119 0.755299
0.12 0.761079
0.121 0.763969
0.122 0.773603
0.123 0.779383
0.124 0.786127
0.125 0.789017
0.126 0.800578
0.127 0.805395
0.128 0.813102
0.129 0.817919
0.13 0.823699
0.131 0.831407
0.132 0.837187
0.133 0.843931
0.134 0.845857
0.135 0.855491
0.136 0.858382
0.137 0.863198
0.138 0.876686
0.139 0.879576
0.14 0.887283
0.141 0.891137
0.142 0.897881
0.143 0.898844
0.144 0.905588
0.145 0.908478
0.146 0.912331
0.147 0.917148
0.148 0.918112
0.149 0.919075
0.15 0.921002
0.151 0.921002
0.152 0.921002
0.153 0.923892
0.154 0.927746
0.155 0.929672
0.156 0.929672
0.157 0.930636
0.158 0.931599
0.159 0.933526
0.16 0.935453
0.161 0.935453
0.162 0.936416
0.163 0.93738
0.164 0.939306
0.165 0.94027
0.166 0.94027
0.167 0.94027
0.168 0.94027
0.169 0.942197
0.17 0.94316
0.171 0.944123
0.172 0.945087
0.173 0.945087
0.174 0.945087
0.175 0.94605
0.176 0.947013
0.177 0.947013
0.178 0.947013
0.179 0.947013
0.18 0.947977
0.181 0.947977
0.182 0.947977
0.183 0.94894
0.184 0.950867
0.185 0.95183
0.186 0.952794
0.187 0.953757
0.188 0.953757
0.189 0.955684
0.19 0.955684
0.191 0.956647
0.192 0.957611
0.193 0.957611
0.194 0.957611
0.195 0.958574
0.196 0.958574
0.197 0.959538
0.198 0.962428
0.199 0.962428
0.2 0.963391
0.201 0.964355
0.202 0.965318
0.203 0.965318
0.204 0.965318
0.205 0.965318
0.206 0.966281
0.207 0.966281
0.208 0.967245
0.209 0.968208
0.21 0.969171
0.211 0.971098
0.212 0.972062
0.213 0.972062
0.214 0.972062
0.215 0.972062
0.216 0.972062
0.217 0.973025
0.218 0.973025
0.219 0.973988
0.22 0.973988
0.221 0.974952
0.222 0.974952
0.223 0.975915
0.224 0.975915
0.225 0.976879
0.226 0.977842
0.227 0.977842
0.228 0.977842
0.229 0.977842
0.23 0.978805
0.231 0.979769
0.232 0.979769
0.233 0.979769
0.234 0.979769
0.235 0.979769
0.236 0.979769
0.237 0.979769
0.238 0.980732
0.239 0.981696
0.24 0.981696
0.241 0.981696
0.242 0.981696
0.243 0.981696
0.244 0.982659
0.245 0.982659
0.246 0.982659
0.247 0.982659
0.248 0.982659
0.249 0.983622
0.25 0.985549
0.251 0.985549
0.252 0.985549
0.253 0.986513
0.254 0.986513
0.255 0.986513
0.256 0.986513
0.257 0.986513
0.258 0.987476
0.259 0.987476
0.26 0.987476
0.261 0.987476
0.262 0.988439
0.263 0.988439
0.264 0.988439
0.265 0.988439
0.266 0.988439
0.267 0.988439
0.268 0.988439
0.269 0.988439
0.27 0.989403
0.271 0.989403
0.272 0.989403
0.273 0.989403
0.274 0.989403
0.275 0.989403
0.276 0.989403
0.277 0.990366
0.278 0.990366
0.279 0.990366
0.28 0.990366
0.281 0.990366
0.282 0.990366
0.283 0.991329
0.284 0.991329
0.285 0.991329
0.286 0.992293
0.287 0.992293
0.288 0.992293
0.289 0.992293
0.29 0.992293
0.291 0.992293
0.292 0.992293
0.293 0.993256
0.294 0.993256
0.295 0.993256
0.296 0.99422
0.297 0.99422
0.298 0.99422
0.299 0.995183
0.3 0.995183
0.301 0.995183
0.302 0.995183
0.303 0.995183
0.304 0.995183
0.305 0.995183
0.306 0.995183
0.307 0.995183
0.308 0.995183
0.309 0.995183
0.31 0.995183
0.311 0.996146
0.312 0.996146
0.313 0.996146
0.314 0.996146
0.315 0.996146
0.316 0.996146
0.317 0.996146
0.318 0.996146
0.319 0.996146
0.32 0.996146
0.321 0.996146
0.322 0.996146
0.323 0.996146
0.324 0.996146
0.325 0.996146
0.326 0.996146
0.327 0.996146
0.328 0.998073
0.329 0.998073
0.33 0.998073
0.331 0.998073
0.332 0.998073
0.333 0.998073
0.334 0.998073
0.335 0.998073
0.336 0.999037
0.337 0.999037
0.338 0.999037
0.339 0.999037
0.34 0.999037
0.341 0.999037
0.342 0.999037
0.343 0.999037
0.344 0.999037
0.345 0.999037
0.346 0.999037
0.347 0.999037
0.348 0.999037
0.349 0.999037
0.35 0.999037
0.351 0.999037
0.352 0.999037
0.353 0.999037
0.354 0.999037
0.355 0.999037
0.356 0.999037
0.357 0.999037
0.358 0.999037
0.359 0.999037
0.36 0.999037
0.361 0.999037
0.362 0.999037
0.363 0.999037
0.364 0.999037
0.365 0.999037
0.366 0.999037
0.367 0.999037
0.368 0.999037
0.369 0.999037
0.37 0.999037
0.371 0.999037
0.372 0.999037
0.373 0.999037
0.374 0.999037
0.375 1
0.376 1
0.377 1
0.378 1
0.379 1
0.38 1
0.381 1
0.382 1
0.383 1
0.384 1
0.385 1
0.386 1
0.387 1
0.388 1
0.389 1
0.39 1
0.391 1
0.392 1
0.393 1
0.394 1
0.395 1
0.396 1
0.397 1
0.398 1
0.399 1
0.4 1
