400
0 0
0.001 0.00282752
0.002 0.00754006
0.003 0.0131951
0.004 0.0245052
0.005 0.0339303
0.006 0.0386428
0.007 0.0461828
0.008 0.0556079
0.009 0.063148
0.01 0.068803
0.011 0.0744581
0.012 0.0838831
0.013 0.0857681
0.014 0.0904807
0.015 0.0961357
0.016 0.102733
0.017 0.109331
0.018 0.114986
0.019 0.124411
0.02 0.129123
0.021 0.140434
0.022 0.147974
0.023 0.153629
0.024 0.158341
0.025 0.167766
0.026 0.176249
0.027 0.180961
0.028 0.187559
0.029 0.189444
0.03 0.200754
0.031 0.207352
0.032 0.213007
0.033 0.218662
0.034 0.228087
0.035 0.235627
0.036 0.241282
0.037 0.242224
0.038 0.250707
0.039 0.257304
0.04 0.262959
0.041 0.268615
0.042 0.276155
0.043 0.282752
0.044 0.290292
0.045 0.295005
0.046 0.301602
0.047 0.307257
0.048 0.311027
0.049 0.313855
0.05 0.31951
0.051 0.33082
0.052 0.337418
0.053 0.341188
0.054 0.344958
0.055 0.354383
0.056 0.363808
0.057 0.367578
0.058 0.374175
0.059 0.374175
0.06 0.381715
0.061 0.3836
0.062 0.385485
0.063 0.39114
0.064 0.396795
0.065 0.404336
0.066 0.405278
0.067 0.411876
0.068 0.420358
0.069 0.428841
0.07 0.430726
0.071 0.440151
0.072 0.445806
0.073 0.456173
0.074 0.466541
0.075 0.471254
0.076 0.475024
0.077 0.482564
0.078 0.489161
0.079 0.496701
0.08 0.502356
0.081 0.508954
0.082 0.513666
0.083 0.516494
0.084 0.521206
0.085 0.531574
0.086 0.536287
0.087 0.542884
0.088 0.546654
0.089 0.553252
0.09 0.558907
0.091 0.563619
0.092 0.569274
0.093 0.576814
0.094 0.582469
0.095 0.586239
0.096 0.589067
0.097 0.596607
0.098 0.603205
0.099 0.611687
0.1 0.617342
0.101 0.62017
0.102 0.624882
0.103 0.63148
0.104 0.637135
0.105 0.640905
0.106 0.645617
0.107 0.649387
0.108 0.6541
0.109 0.65787
0.11 0.664467
0.111 0.66918
0.112 0.677663
0.113 0.682375
0.114 0.692743
0.115 0.69934
0.116 0.708765
0.117 0.711593
0.118 0.71819
0.119 0.72573
0.12 0.730443
0.121 0.734213
0.122 0.740811
0.123 0.744581
0.124 0.750236
0.125 0.757776
0.126 0.763431
0.127 0.770028
0.128 0.778511
0.129 0.787936
0.13 0.794533
0.131 0.801131
0.132 0.805844
0.133 0.807729
0.134 0.815269
0.135 0.821866
0.136 0.828464
0.137 0.837889
0.138 0.843544
0.139 0.854854
0.14 0.860509
0.141 0.866164
0.142 0.874647
0.143 0.878417
0.144 0.882187
0.145 0.890669
0.146 0.895382
0.147 0.901979
0.148 0.906692
0.149 0.909519
0.15 0.912347
0.151 0.918002
0.152 0.920829
0.153 0.926484
0.154 0.931197
0.155 0.93591
0.156 0.937795
0.157 0.942507
0.158 0.94345
0.159 0.944392
0.16 0.944392
0.161 0.944392
0.162 0.946277
0.163 0.94722
0.164 0.948162
0.165 0.949105
0.166 0.949105
0.167 0.950047
0.168 0.951932
0.169 0.952875
0.17 0.953817
0.171 0.95476
0.172 0.95476
0.173 0.955702
0.174 0.956645
0.175 0.956645
0.176 0.957587
0.177 0.957587
0.178 0.957587
0.179 0.957587
0.18 0.95853
0.181 0.95853
0.182 0.960415
0.183 0.960415
0.184 0.961357
0.185 0.961357
0.186 0.961357
0.187 0.9623
0.188 0.964185
0.189 0.96607
0.19 0.967012
0.191 0.967012
0.192 0.967012
0.193 0.967012
0.194 0.967012
0.195 0.967012
0.196 0.967955
0.197 0.96984
0.198 0.96984
0.199 0.96984
0.2 0.96984
0.201 0.96984
0.202 0.970782
0.203 0.970782
0.204 0.971725
0.205 0.971725
0.206 0.972667
0.207 0.97361
0.208 0.97361
0.209 0.974552
0.21 0.974552
0.211 0.974552
0.212 0.974552
0.213 0.974552
0.214 0.974552
0.215 0.974552
0.216 0.974552
0.217 0.974552
0.218 0.975495
0.219 0.975495
0.22 0.975495
0.221 0.976437
0.222 0.978322
0.223 0.979265
0.224 0.979265
0.225 0.979265
0.226 0.980207
0.227 0.980207
0.228 0.98115
0.229 0.98115
0.23 0.98115
0.231 0.982092
0.232 0.983035
0.233 0.983035
0.234 0.983035
0.235 0.983035
0.236 0.983977
0.237 0.983977
0.238 0.983977
0.239 0.983977
0.24 0.98492
0.241 0.98492
0.242 0.98492
0.243 0.985862
0.244 0.985862
0.245 0.985862
0.246 0.987747
0.247 0.98869
0.248 0.989632
0.249 0.990575
0.25 0.990575
0.251 0.990575
0.252 0.990575
0.253 0.990575
0.254 0.990575
0.255 0.990575
0.256 0.990575
0.257 0.991517
0.258 0.991517
0.259 0.991517
0.26 0.991517
0.261 0.99246
0.262 0.99246
0.263 0.993402
0.264 0.993402
0.265 0.994345
0.266 0.995287
0.267 0.995287
0.268 0.995287
0.269 0.995287
0.27 0.99623
0.271 0.99623
0.272 0.99623
0.273 0.99623
0.274 0.99623
0.275 0.99623
0.276 0.99623
0.277 0.99623
0.278 0.99623
0.279 0.997172
0.28 0.997172
0.281 0.997172
0.282 0.997172
0.283 0.998115
0.284 0.998115
0.285 0.998115
0.286 0.998115
0.287 0.998115
0.288 0.998115
0.289 0.998115
0.29 0.998115
0.291 0.998115
0.292 0.998115
0.293 0.999057
0.294 0.999057
0.295 0.999057
0.296 0.999057
0.297 0.999057
0.298 0.999057
0.299 0.999057
0.3 0.999057
0.301 0.999057
0.302 0.999057
0.303 0.999057
0.304 0.999057
0.305 0.999057
0.306 0.999057
0.307 0.999057
0.308 0.999057
0.309 0.999057
0.31 0.999057
0.311 0.999057
0.312 0.999057
0.313 0.999057
0.314 0.999057
0.315 0.999057
0.316 0.999057
0.317 0.999057
0.318 0.999057
0.319 0.999057
0.32 0.999057
0.321 0.999057
0.322 0.999057
0.323 0.999057
0.324 0.999057
0.325 0.999057
0.326 0.999057
0.327 0.999057
0.328 0.999057
0.329 0.999057
0.33 0.999057
0.331 0.999057
0.332 0.999057
0.333 0.999057
0.334 0.999057
0.335 0.999057
0.336 1
0.337 1
0.338 1
0.339 1
0.34 1
0.341 1
0.342 1
0.343 1
0.344 1
0.345 1
0.346 1
0.347 1
0.348 1
0.349 1
0.35 1
0.351 1
0.352 1
0.353 1
0.354 1
0.355 1
0.356 1
0.357 1
0.358 1
0.359 1
0.36 1
0.361 1
0.362 1
0.363 1
0.364 1
0.365 1
0.366 1
0.367 1
0.368 1
0.369 1
0.37 1
0.371 1
0.372 1
0.373 1
0.374 1
0.375 1
0.376 1
0.377 1
0.378 1
0.379 1
0.38 1
0.381 1
0.382 1
0.383 1
0.384 1
0.385 1
0.386 1
0.387 1
0.388 1
0.389 1
0.39 1
0.391 1
0.392 1
0.393 1
0.394 1
0.395 1
0.396 1
0.397 1
0.398 1
0.399 1
0.4 1
