400
0 0
0.001 0.00331126
0.002 0.00883002
0.003 0.0154525
0.004 0.0209713
0.005 0.0231788
0.006 0.0309051
0.007 0.0375276
0.008 0.0397351
0.009 0.0441501
0.01 0.0485651
0.011 0.0584989
0.012 0.0629139
0.013 0.0662252
0.014 0.0684327
0.015 0.0728477
0.016 0.0827815
0.017 0.0971302
0.018 0.102649
0.019 0.108168
0.02 0.112583
0.021 0.121413
0.022 0.13245
0.023 0.14128
0.024 0.146799
0.025 0.151214
0.026 0.157837
0.027 0.164459
0.028 0.171082
0.029 0.178808
0.03 0.188742
0.031 0.198675
0.032 0.209713
0.033 0.213024
0.034 0.220751
0.035 0.221854
0.036 0.227373
0.037 0.235099
0.038 0.242826
0.039 0.250552
0.04 0.256071
0.041 0.261589
0.042 0.269316
0.043 0.275938
0.044 0.285872
0.045 0.291391
0.046 0.298013
0.047 0.301325
0.048 0.309051
0.049 0.31457
0.05 0.317881
0.051 0.322296
0.052 0.324503
0.053 0.327815
0.054 0.337748
0.055 0.34989
0.056 0.357616
0.057 0.365342
0.058 0.375276
0.059 0.378587
0.06 0.384106
0.061 0.388521
0.062 0.397351
0.063 0.400662
0.064 0.409492
0.065 0.418322
0.066 0.428256
0.067 0.434879
0.068 0.443709
0.069 0.450331
0.07 0.459161
0.071 0.469095
0.072 0.472406
0.073 0.48234
0.074 0.486755
0.075 0.49117
0.076 0.495585
0.077 0.5
0.078 0.505519
0.079 0.516556
0.08 0.520971
0.081 0.534216
0.082 0.541943
0.083 0.545254
0.084 0.55298
0.085 0.560706
0.086 0.568433
0.087 0.575055
0.088 0.583885
0.089 0.589404
0.09 0.596026
0.091 0.603753
0.092 0.610375
0.093 0.61479
0.094 0.618102
0.095 0.628035
0.096 0.633554
0.097 0.637969
0.098 0.645695
0.099 0.653422
0.1 0.661148
0.101 0.66777
0.102 0.674393
0.103 0.68543
0.104 0.689845
0.105 0.700883
0.106 0.704194
0.107 0.709713
0.108 0.714128
0.109 0.721854
0.11 0.729581
0.111 0.735099
0.112 0.740618
0.113 0.751656
0.114 0.758278
0.115 0.764901
0.116 0.766004
0.117 0.770419
0.118 0.778146
0.119 0.783664
0.12 0.792494
0.121 0.806843
0.122 0.81457
0.123 0.816777
0.124 0.8234
0.125 0.830022
0.126 0.839956
0.127 0.846578
0.128 0.850993
0.129 0.857616
0.13 0.862031
0.131 0.868653
0.132 0.870861
0.133 0.875276
0.134 0.879691
0.135 0.884106
0.136 0.890728
0.137 0.896247
0.138 0.897351
0.139 0.901766
0.14 0.907285
0.141 0.915011
0.142 0.917219
0.143 0.919426
0.144 0.922737
0.145 0.924945
0.146 0.92936
0.147 0.930464
0.148 0.933775
0.149 0.934879
0.15 0.934879
0.151 0.93819
0.152 0.93819
0.153 0.939294
0.154 0.941501
0.155 0.942605
0.156 0.942605
0.157 0.943709
0.158 0.943709
0.159 0.943709
0.16 0.943709
0.161 0.944812
0.162 0.945916
0.163 0.945916
0.164 0.94702
0.165 0.94702
0.166 0.948124
0.167 0.948124
0.168 0.948124
0.169 0.948124
0.17 0.949227
0.171 0.950331
0.172 0.950331
0.173 0.950331
0.174 0.952539
0.175 0.953642
0.176 0.953642
0.177 0.95585
0.178 0.958057
0.179 0.958057
0.18 0.959161
0.181 0.959161
0.182 0.959161
0.183 0.960265
0.184 0.960265
0.185 0.962472
0.186 0.962472
0.187 0.962472
0.188 0.962472
0.189 0.963576
0.19 0.963576
0.191 0.963576
0.192 0.965784
0.193 0.965784
0.194 0.965784
0.195 0.967991
0.196 0.967991
0.197 0.969095
0.198 0.969095
0.199 0.970199
0.2 0.970199
0.201 0.970199
0.202 0.971302
0.203 0.971302
0.204 0.972406
0.205 0.972406
0.206 0.972406
0.207 0.97351
0.208 0.97351
0.209 0.975717
0.21 0.975717
0.211 0.975717
0.212 0.975717
0.213 0.976821
0.214 0.979029
0.215 0.979029
0.216 0.980132
0.217 0.980132
0.218 0.981236
0.219 0.983444
0.22 0.983444
0.221 0.983444
0.222 0.986755
0.223 0.986755
0.224 0.987859
0.225 0.987859
0.226 0.987859
0.227 0.987859
0.228 0.987859
0.229 0.987859
0.23 0.987859
0.231 0.988962
0.232 0.988962
0.233 0.988962
0.234 0.988962
0.235 0.988962
0.236 0.988962
0.237 0.988962
0.238 0.988962
0.239 0.990066
0.24 0.99117
0.241 0.99117
0.242 0.99117
0.243 0.99117
0.244 0.99117
0.245 0.99117
0.246 0.99117
0.247 0.99117
0.248 0.99117
0.249 0.99117
0.25 0.99117
0.251 0.99117
0.252 0.99117
0.253 0.99117
0.254 0.99117
0.255 0.992274
0.256 0.992274
0.257 0.992274
0.258 0.992274
0.259 0.992274
0.26 0.992274
0.261 0.992274
0.262 0.993377
0.263 0.994481
0.264 0.994481
0.265 0.994481
0.266 0.994481
0.267 0.995585
0.268 0.995585
0.269 0.995585
0.27 0.995585
0.271 0.995585
0.272 0.995585
0.273 0.995585
0.274 0.995585
0.275 0.995585
0.276 0.995585
0.277 0.995585
0.278 0.995585
0.279 0.995585
0.28 0.995585
0.281 0.995585
0.282 0.995585
0.283 0.995585
0.284 0.995585
0.285 0.995585
0.286 0.995585
0.287 0.996689
0.288 0.996689
0.289 0.996689
0.29 0.996689
0.291 0.996689
0.292 0.996689
0.293 0.997793
0.294 0.997793
0.295 0.997793
0.296 0.997793
0.297 0.997793
0.298 0.997793
0.299 0.997793
0.3 0.997793
0.301 0.997793
0.302 0.997793
0.303 0.997793
0.304 0.997793
0.305 0.997793
0.306 0.997793
0.307 0.997793
0.308 0.997793
0.309 0.997793
0.31 0.997793
0.311 0.997793
0.312 0.998896
0.313 0.998896
0.314 0.998896
0.315 0.998896
0.316 0.998896
0.317 0.998896
0.318 0.998896
0.319 1
0.32 1
0.321 1
0.322 1
0.323 1
0.324 1
0.325 1
0.326 1
0.327 1
0.328 1
0.329 1
0.33 1
0.331 1
0.332 1
0.333 1
0.334 1
0.335 1
0.336 1
0.337 1
0.338 1
0.339 1
0.34 1
0.341 1
0.342 1
0.343 1
0.344 1
0.345 1
0.346 1
0.347 1
0.348 1
0.349 1
0.35 1
0.351 1
0.352 1
0.353 1
0.354 1
0.355 1
0.356 1
0.357 1
0.358 1
0.359 1
0.36 1
0.361 1
0.362 1
0.363 1
0.364 1
0.365 1
0.366 1
0.367 1
0.368 1
0.369 1
0.37 1
0.371 1
0.372 1
0.373 1
0.374 1
0.375 1
0.376 1
0.377 1
0.378 1
0.379 1
0.38 1
0.381 1
0.382 1
0.383 1
0.384 1
0.385 1
0.386 1
0.387 1
0.388 1
0.389 1
0.39 1
0.391 1
0.392 1
0.393 1
0.394 1
0.395 1
0.396 1
0.397 1
0.398 1
0.399 1
0.4 1
