400
0 0
0.001 0.00515464
0.002 0.00773196
0.003 0.0115979
0.004 0.0270619
0.005 0.0296392
0.006 0.0322165
0.007 0.0412371
0.008 0.0528351
0.009 0.064433
0.01 0.0721649
0.011 0.0798969
0.012 0.0837629
0.013 0.0876289
0.014 0.0927835
0.015 0.101804
0.016 0.106959
0.017 0.113402
0.018 0.123711
0.019 0.127577
0.02 0.135309
0.021 0.137887
0.022 0.143041
0.023 0.149485
0.024 0.154639
0.025 0.162371
0.026 0.170103
0.027 0.177835
0.028 0.181701
0.029 0.186856
0.03 0.193299
0.031 0.20232
0.032 0.208763
0.033 0.213918
0.034 0.216495
0.035 0.226804
0.036 0.231959
0.037 0.239691
0.038 0.239691
0.039 0.247423
0.04 0.251289
0.041 0.257732
0.042 0.264175
0.043 0.270619
0.044 0.280928
0.045 0.286082
0.046 0.287371
0.047 0.291237
0.048 0.298969
0.049 0.298969
0.05 0.30799
0.051 0.314433
0.052 0.31701
0.053 0.323454
0.054 0.326031
0.055 0.328608
0.056 0.338918
0.057 0.346649
0.058 0.356959
0.059 0.362113
0.06 0.367268
0.061 0.371134
0.062 0.380155
0.063 0.385309
0.064 0.390464
0.065 0.39433
0.066 0.39433
0.067 0.403351
0.068 0.41366
0.069 0.426546
0.07 0.43299
0.071 0.44201
0.072 0.451031
0.073 0.457474
0.074 0.46134
0.075 0.463918
0.076 0.475515
0.077 0.481959
0.078 0.489691
0.079 0.498711
0.08 0.503866
0.081 0.515464
0.082 0.521907
0.083 0.534794
0.084 0.541237
0.085 0.552835
0.086 0.563144
0.087 0.568299
0.088 0.576031
0.089 0.585052
0.09 0.591495
0.091 0.594072
0.092 0.597938
0.093 0.604381
0.094 0.608247
0.095 0.612113
0.096 0.617268
0.097 0.622423
0.098 0.626289
0.099 0.628866
0.1 0.630155
0.101 0.632732
0.102 0.640464
0.103 0.648196
0.104 0.653351
0.105 0.662371
0.106 0.666237
0.107 0.675258
0.108 0.680412
0.109 0.684278
0.11 0.693299
0.111 0.701031
0.112 0.707474
0.113 0.715206
0.114 0.726804
0.115 0.737113
0.116 0.739691
0.117 0.744845
0.118 0.757732
0.119 0.761598
0.12 0.768041
0.121 0.771907
0.122 0.779639
0.123 0.789948
0.124 0.795103
0.125 0.804124
0.126 0.80799
0.127 0.819588
0.128 0.82732
0.129 0.833763
0.13 0.83634
0.131 0.842783
0.132 0.850515
0.133 0.859536
0.134 0.864691
0.135 0.869845
0.136 0.872423
0.137 0.878866
0.138 0.886598
0.139 0.893041
0.14 0.896907
0.141 0.899485
0.142 0.899485
0.143 0.905928
0.144 0.909794
0.145 0.911082
0.146 0.916237
0.147 0.917526
0.148 0.921392
0.149 0.923969
0.15 0.925258
0.151 0.934278
0.152 0.939433
0.153 0.940722
0.154 0.94201
0.155 0.943299
0.156 0.945876
0.157 0.947165
0.158 0.947165
0.159 0.948454
0.16 0.95232
0.161 0.95232
0.162 0.953608
0.163 0.953608
0.164 0.956186
0.165 0.956186
0.166 0.957474
0.167 0.957474
0.168 0.958763
0.169 0.960052
0.17 0.960052
0.171 0.960052
0.172 0.962629
0.173 0.963918
0.174 0.965206
0.175 0.965206
0.176 0.966495
0.177 0.966495
0.178 0.967783
0.179 0.967783
0.18 0.969072
0.181 0.970361
0.182 0.971649
0.183 0.971649
0.184 0.971649
0.185 0.971649
0.186 0.974227
0.187 0.974227
0.188 0.975515
0.189 0.975515
0.19 0.975515
0.191 0.975515
0.192 0.975515
0.193 0.975515
0.194 0.975515
0.195 0.975515
0.196 0.976804
0.197 0.978093
0.198 0.979381
0.199 0.979381
0.2 0.979381
0.201 0.98067
0.202 0.98067
0.203 0.98067
0.204 0.98067
0.205 0.98067
0.206 0.98067
0.207 0.98067
0.208 0.98067
0.209 0.98067
0.21 0.98067
0.211 0.98067
0.212 0.98067
0.213 0.98067
0.214 0.98067
0.215 0.98067
0.216 0.98067
0.217 0.981959
0.218 0.981959
0.219 0.983247
0.22 0.983247
0.221 0.984536
0.222 0.984536
0.223 0.984536
0.224 0.985825
0.225 0.985825
0.226 0.985825
0.227 0.985825
0.228 0.985825
0.229 0.985825
0.23 0.987113
0.231 0.987113
0.232 0.987113
0.233 0.987113
0.234 0.987113
0.235 0.987113
0.236 0.987113
0.237 0.987113
0.238 0.988402
0.239 0.988402
0.24 0.989691
0.241 0.989691
0.242 0.989691
0.243 0.989691
0.244 0.989691
0.245 0.989691
0.246 0.989691
0.247 0.989691
0.248 0.989691
0.249 0.989691
0.25 0.989691
0.251 0.990979
0.252 0.990979
0.253 0.990979
0.254 0.992268
0.255 0.992268
0.256 0.992268
0.257 0.992268
0.258 0.992268
0.259 0.993557
0.26 0.994845
0.261 0.994845
0.262 0.994845
0.263 0.996134
0.264 0.996134
0.265 0.996134
0.266 0.996134
0.267 0.996134
0.268 0.996134
0.269 0.996134
0.27 0.996134
0.271 0.996134
0.272 0.996134
0.273 0.996134
0.274 0.996134
0.275 0.996134
0.276 0.996134
0.277 0.996134
0.278 0.996134
0.279 0.996134
0.28 0.996134
0.281 0.996134
0.282 0.996134
0.283 0.997423
0.284 0.997423
0.285 0.997423
0.286 0.997423
0.287 0.997423
0.288 0.997423
0.289 0.997423
0.29 0.997423
0.291 0.998711
0.292 0.998711
0.293 0.998711
0.294 0.998711
0.295 0.998711
0.296 0.998711
0.297 0.998711
0.298 0.998711
0.299 0.998711
0.3 0.998711
0.301 0.998711
0.302 0.998711
0.303 0.998711
0.304 0.998711
0.305 0.998711
0.306 0.998711
0.307 0.998711
0.308 0.998711
0.309 0.998711
0.31 0.998711
0.311 0.998711
0.312 0.998711
0.313 0.998711
0.314 0.998711
0.315 0.998711
0.316 0.998711
0.317 0.998711
0.318 0.998711
0.319 0.998711
0.32 0.998711
0.321 0.998711
0.322 0.998711
0.323 0.998711
0.324 0.998711
0.325 0.998711
0.326 0.998711
0.327 0.998711
0.328 0.998711
0.329 0.998711
0.33 0.998711
0.331 0.998711
0.332 0.998711
0.333 0.998711
0.334 0.998711
0.335 0.998711
0.336 0.998711
0.337 0.998711
0.338 0.998711
0.339 0.998711
0.34 0.998711
0.341 0.998711
0.342 1
0.343 1
0.344 1
0.345 1
0.346 1
0.347 1
0.348 1
0.349 1
0.35 1
0.351 1
0.352 1
0.353 1
0.354 1
0.355 1
0.356 1
0.357 1
0.358 1
0.359 1
0.36 1
0.361 1
0.362 1
0.363 1
0.364 1
0.365 1
0.366 1
0.367 1
0.368 1
0.369 1
0.37 1
0.371 1
0.372 1
0.373 1
0.374 1
0.375 1
0.376 1
0.377 1
0.378 1
0.379 1
0.38 1
0.381 1
0.382 1
0.383 1
0.384 1
0.385 1
0.386 1
0.387 1
0.388 1
0.389 1
0.39 1
0.391 1
0.392 1
0.393 1
0.394 1
0.395 1
0.396 1
0.397 1
0.398 1
0.399 1
0.4 1
