400
0 0
0.001 0.016632
0.002 0.016632
0.003 0.02079
0.004 0.029106
0.005 0.033264
0.006 0.039501
0.007 0.045738
0.008 0.0602911
0.009 0.0644491
0.01 0.0706861
0.011 0.0769231
0.012 0.0831601
0.013 0.0873181
0.014 0.0914761
0.015 0.0956341
0.016 0.0997921
0.017 0.116424
0.018 0.122661
0.019 0.130977
0.02 0.143451
0.021 0.147609
0.022 0.153846
0.023 0.160083
0.024 0.16632
0.025 0.176715
0.026 0.185031
0.027 0.193347
0.028 0.199584
0.029 0.2079
0.03 0.209979
0.031 0.216216
0.032 0.220374
0.033 0.230769
0.034 0.243243
0.035 0.245322
0.036 0.247401
0.037 0.253638
0.038 0.261954
0.039 0.266112
0.04 0.278586
0.041 0.29106
0.042 0.297297
0.043 0.305613
0.044 0.305613
0.045 0.31185
0.046 0.320166
0.047 0.328482
0.048 0.33264
0.049 0.334719
0.05 0.338877
0.051 0.343035
0.052 0.343035
0.053 0.347193
0.054 0.355509
0.055 0.357588
0.056 0.359667
0.057 0.365904
0.058 0.372141
0.059 0.376299
0.06 0.386694
0.061 0.399168
0.062 0.409563
0.063 0.417879
0.064 0.424116
0.065 0.424116
0.066 0.432432
0.067 0.438669
0.068 0.444906
0.069 0.451143
0.07 0.45738
0.071 0.476091
0.072 0.482328
0.073 0.486486
0.074 0.496881
0.075 0.503119
0.076 0.507277
0.077 0.515593
0.078 0.523909
0.079 0.538462
0.08 0.54262
0.081 0.544699
0.082 0.550936
0.083 0.569647
0.084 0.573805
0.085 0.575884
0.086 0.586279
0.087 0.596674
0.088 0.602911
0.089 0.609148
0.09 0.615385
0.091 0.621622
0.092 0.62578
0.093 0.629938
0.094 0.638254
0.095 0.642412
0.096 0.64657
0.097 0.652807
0.098 0.66736
0.099 0.669439
0.1 0.683992
0.101 0.68815
0.102 0.698545
0.103 0.698545
0.104 0.704782
0.105 0.706861
0.106 0.715177
0.107 0.721414
0.108 0.72973
0.109 0.731809
0.11 0.742204
0.111 0.75052
0.112 0.754678
0.113 0.758836
0.114 0.767152
0.115 0.773389
0.116 0.787942
0.117 0.7921
0.118 0.800416
0.119 0.810811
0.12 0.819127
0.121 0.825364
0.122 0.831601
0.123 0.83368
0.124 0.837838
0.125 0.844075
0.126 0.848233
0.127 0.858628
0.128 0.864865
0.129 0.871102
0.13 0.879418
0.131 0.885655
0.132 0.887734
0.133 0.887734
0.134 0.898129
0.135 0.900208
0.136 0.908524
0.137 0.912682
0.138 0.912682
0.139 0.91684
0.14 0.91684
0.141 0.920998
0.142 0.929314
0.143 0.93763
0.144 0.939709
0.145 0.941788
0.146 0.943867
0.147 0.945946
0.148 0.950104
0.149 0.95842
0.15 0.95842
0.151 0.95842
0.152 0.95842
0.153 0.95842
0.154 0.95842
0.155 0.95842
0.156 0.960499
0.157 0.960499
0.158 0.960499
0.159 0.962578
0.16 0.964657
0.161 0.964657
0.162 0.964657
0.163 0.964657
0.164 0.964657
0.165 0.964657
0.166 0.964657
0.167 0.966736
0.168 0.966736
0.169 0.968815
0.17 0.970894
0.171 0.970894
0.172 0.975052
0.173 0.975052
0.174 0.975052
0.175 0.977131
0.176 0.977131
0.177 0.977131
0.178 0.977131
0.179 0.977131
0.18 0.977131
0.181 0.97921
0.182 0.97921
0.183 0.97921
0.184 0.97921
0.185 0.97921
0.186 0.97921
0.187 0.97921
0.188 0.97921
0.189 0.97921
0.19 0.97921
0.191 0.97921
0.192 0.981289
0.193 0.985447
0.194 0.985447
0.195 0.985447
0.196 0.985447
0.197 0.985447
0.198 0.985447
0.199 0.985447
0.2 0.985447
0.201 0.985447
0.202 0.985447
0.203 0.985447
0.204 0.985447
0.205 0.985447
0.206 0.985447
0.207 0.985447
0.208 0.985447
0.209 0.985447
0.21 0.985447
0.211 0.985447
0.212 0.987526
0.213 0.987526
0.214 0.987526
0.215 0.987526
0.216 0.989605
0.217 0.989605
0.218 0.991684
0.219 0.991684
0.22 0.991684
0.221 0.991684
0.222 0.991684
0.223 0.991684
0.224 0.991684
0.225 0.993763
0.226 0.993763
0.227 0.993763
0.228 0.993763
0.229 0.995842
0.23 0.995842
0.231 0.995842
0.232 0.995842
0.233 0.995842
0.234 0.995842
0.235 0.995842
0.236 0.995842
0.237 0.995842
0.238 0.995842
0.239 0.997921
0.24 0.997921
0.241 0.997921
0.242 0.997921
0.243 0.997921
0.244 0.997921
0.245 0.997921
0.246 0.997921
0.247 0.997921
0.248 0.997921
0.249 0.997921
0.25 0.997921
0.251 0.997921
0.252 0.997921
0.253 0.997921
0.254 0.997921
0.255 0.997921
0.256 0.997921
0.257 0.997921
0.258 0.997921
0.259 0.997921
0.26 0.997921
0.261 0.997921
0.262 0.997921
0.263 0.997921
0.264 0.997921
0.265 0.997921
0.266 0.997921
0.267 0.997921
0.268 1
0.269 1
0.27 1
0.271 1
0.272 1
0.273 1
0.274 1
0.275 1
0.276 1
0.277 1
0.278 1
0.279 1
0.28 1
0.281 1
0.282 1
0.283 1
0.284 1
0.285 1
0.286 1
0.287 1
0.288 1
0.289 1
0.29 1
0.291 1
0.292 1
0.293 1
0.294 1
0.295 1
0.296 1
0.297 1
0.298 1
0.299 1
0.3 1
0.301 1
0.302 1
0.303 1
0.304 1
0.305 1
0.306 1
0.307 1
0.308 1
0.309 1
0.31 1
0.311 1
0.312 1
0.313 1
0.314 1
0.315 1
0.316 1
0.317 1
0.318 1
0.319 1
0.32 1
0.321 1
0.322 1
0.323 1
0.324 1
0.325 1
0.326 1
0.327 1
0.328 1
0.329 1
0.33 1
0.331 1
0.332 1
0.333 1
0.334 1
0.335 1
0.336 1
0.337 1
0.338 1
0.339 1
0.34 1
0.341 1
0.342 1
0.343 1
0.344 1
0.345 1
0.346 1
0.347 1
0.348 1
0.349 1
0.35 1
0.351 1
0.352 1
0.353 1
0.354 1
0.355 1
0.356 1
0.357 1
0.358 1
0.359 1
0.36 1
0.361 1
0.362 1
0.363 1
0.364 1
0.365 1
0.366 1
0.367 1
0.368 1
0.369 1
0.37 1
0.371 1
0.372 1
0.373 1
0.374 1
0.375 1
0.376 1
0.377 1
0.378 1
0.379 1
0.38 1
0.381 1
0.382 1
0.383 1
0.384 1
0.385 1
0.386 1
0.387 1
0.388 1
0.389 1
0.39 1
0.391 1
0.392 1
0.393 1
0.394 1
0.395 1
0.396 1
0.397 1
0.398 1
0.399 1
0.4 1
