400
0 0
0.001 0.00315457
0.002 0.0126183
0.003 0.0189274
0.004 0.022082
0.005 0.0315457
0.006 0.0410095
0.007 0.044164
0.008 0.0473186
0.009 0.0473186
0.01 0.0473186
0.011 0.0567823
0.012 0.0630915
0.013 0.0725552
0.014 0.0725552
0.015 0.0788644
0.016 0.0820189
0.017 0.100946
0.018 0.104101
0.019 0.107256
0.02 0.113565
0.021 0.116719
0.022 0.126183
0.023 0.138801
0.024 0.14511
0.025 0.148265
0.026 0.15142
0.027 0.157729
0.028 0.157729
0.029 0.164038
0.03 0.176656
0.031 0.179811
0.032 0.18612
0.033 0.192429
0.034 0.201893
0.035 0.211356
0.036 0.217666
0.037 0.233438
0.038 0.255521
0.039 0.268139
0.04 0.277603
0.041 0.280757
0.042 0.287066
0.043 0.290221
0.044 0.293375
0.045 0.302839
0.046 0.315457
0.047 0.321767
0.048 0.328076
0.049 0.328076
0.05 0.334385
0.051 0.340694
0.052 0.353312
0.053 0.359621
0.054 0.365931
0.055 0.369085
0.056 0.375394
0.057 0.384858
0.058 0.388013
0.059 0.391167
0.06 0.397476
0.061 0.397476
0.062 0.40694
0.063 0.40694
0.064 0.416404
0.065 0.419558
0.066 0.432177
0.067 0.435331
0.068 0.444795
0.069 0.444795
0.07 0.451104
0.071 0.451104
0.072 0.460568
0.073 0.466877
0.074 0.473186
0.075 0.476341
0.076 0.485804
0.077 0.492114
0.078 0.501577
0.079 0.511041
0.08 0.514196
0.081 0.51735
0.082 0.529968
0.083 0.529968
0.084 0.533123
0.085 0.548896
0.086 0.555205
0.087 0.561514
0.088 0.564669
0.089 0.567823
0.09 0.580442
0.091 0.586751
0.092 0.596215
0.093 0.608833
0.094 0.615142
0.095 0.62776
0.096 0.630915
0.097 0.637224
0.098 0.643533
0.099 0.649842
0.1 0.652997
0.101 0.662461
0.102 0.66877
0.103 0.671924
0.104 0.678233
0.105 0.690852
0.106 0.700315
0.107 0.722397
0.108 0.731861
0.109 0.74448
0.11 0.753943
0.111 0.766562
0.112 0.769716
0.113 0.785489
0.114 0.785489
0.115 0.788644
0.116 0.798107
0.117 0.798107
0.118 0.807571
0.119 0.81388
0.12 0.817035
0.121 0.829653
0.122 0.845426
0.123 0.861199
0.124 0.867508
0.125 0.876972
0.126 0.880126
0.127 0.886435
0.128 0.899054
0.129 0.914827
0.13 0.917981
0.131 0.92429
0.132 0.930599
0.133 0.930599
0.134 0.930599
0.135 0.930599
0.136 0.930599
0.137 0.936909
0.138 0.946372
0.139 0.949527
0.14 0.949527
0.141 0.949527
0.142 0.952681
0.143 0.952681
0.144 0.955836
0.145 0.958991
0.146 0.958991
0.147 0.958991
0.148 0.9653
0.149 0.971609
0.15 0.971609
0.151 0.971609
0.152 0.971609
0.153 0.971609
0.154 0.971609
0.155 0.971609
0.156 0.971609
0.157 0.971609
0.158 0.971609
0.159 0.971609
0.16 0.971609
0.161 0.971609
0.162 0.971609
0.163 0.971609
0.164 0.971609
0.165 0.974763
0.166 0.974763
0.167 0.974763
0.168 0.974763
0.169 0.974763
0.17 0.974763
0.171 0.974763
0.172 0.977918
0.173 0.977918
0.174 0.977918
0.175 0.977918
0.176 0.977918
0.177 0.977918
0.178 0.977918
0.179 0.977918
0.18 0.977918
0.181 0.977918
0.182 0.977918
0.183 0.977918
0.184 0.981073
0.185 0.981073
0.186 0.981073
0.187 0.981073
0.188 0.981073
0.189 0.981073
0.19 0.981073
0.191 0.981073
0.192 0.981073
0.193 0.981073
0.194 0.981073
0.195 0.981073
0.196 0.981073
0.197 0.981073
0.198 0.981073
0.199 0.984227
0.2 0.984227
0.201 0.984227
0.202 0.984227
0.203 0.984227
0.204 0.984227
0.205 0.984227
0.206 0.984227
0.207 0.984227
0.208 0.984227
0.209 0.984227
0.21 0.984227
0.211 0.984227
0.212 0.984227
0.213 0.984227
0.214 0.984227
0.215 0.984227
0.216 0.984227
0.217 0.984227
0.218 0.984227
0.219 0.984227
0.22 0.984227
0.221 0.984227
0.222 0.984227
0.223 0.984227
0.224 0.984227
0.225 0.984227
0.226 0.984227
0.227 0.984227
0.228 0.984227
0.229 0.984227
0.23 0.984227
0.231 0.984227
0.232 0.984227
0.233 0.984227
0.234 0.984227
0.235 0.984227
0.236 0.984227
0.237 0.984227
0.238 0.984227
0.239 0.984227
0.24 0.984227
0.241 0.984227
0.242 0.984227
0.243 0.984227
0.244 0.984227
0.245 0.984227
0.246 0.984227
0.247 0.984227
0.248 0.984227
0.249 0.984227
0.25 0.984227
0.251 0.984227
0.252 0.984227
0.253 0.984227
0.254 0.984227
0.255 0.984227
0.256 0.984227
0.257 0.984227
0.258 0.984227
0.259 0.984227
0.26 0.984227
0.261 0.984227
0.262 0.984227
0.263 0.984227
0.264 0.984227
0.265 0.984227
0.266 0.984227
0.267 0.987382
0.268 0.987382
0.269 0.987382
0.27 0.987382
0.271 0.987382
0.272 0.987382
0.273 0.990536
0.274 0.990536
0.275 0.990536
0.276 0.990536
0.277 0.990536
0.278 0.990536
0.279 0.990536
0.28 0.990536
0.281 0.990536
0.282 0.990536
0.283 0.990536
0.284 0.990536
0.285 0.990536
0.286 0.990536
0.287 0.990536
0.288 0.990536
0.289 0.990536
0.29 0.990536
0.291 0.990536
0.292 0.990536
0.293 0.993691
0.294 0.993691
0.295 0.993691
0.296 0.993691
0.297 0.993691
0.298 0.993691
0.299 0.993691
0.3 0.993691
0.301 0.996845
0.302 0.996845
0.303 0.996845
0.304 0.996845
0.305 0.996845
0.306 0.996845
0.307 0.996845
0.308 0.996845
0.309 0.996845
0.31 0.996845
0.311 0.996845
0.312 0.996845
0.313 0.996845
0.314 0.996845
0.315 0.996845
0.316 0.996845
0.317 0.996845
0.318 0.996845
0.319 0.996845
0.32 0.996845
0.321 0.996845
0.322 0.996845
0.323 0.996845
0.324 0.996845
0.325 0.996845
0.326 0.996845
0.327 0.996845
0.328 0.996845
0.329 0.996845
0.33 0.996845
0.331 0.996845
0.332 0.996845
0.333 0.996845
0.334 0.996845
0.335 0.996845
0.336 0.996845
0.337 0.996845
0.338 0.996845
0.339 0.996845
0.34 0.996845
0.341 0.996845
0.342 0.996845
0.343 0.996845
0.344 0.996845
0.345 0.996845
0.346 0.996845
0.347 0.996845
0.348 0.996845
0.349 0.996845
0.35 0.996845
0.351 0.996845
0.352 0.996845
0.353 0.996845
0.354 0.996845
0.355 0.996845
0.356 0.996845
0.357 0.996845
0.358 0.996845
0.359 0.996845
0.36 0.996845
0.361 0.996845
0.362 0.996845
0.363 0.996845
0.364 0.996845
0.365 0.996845
0.366 0.996845
0.367 0.996845
0.368 0.996845
0.369 0.996845
0.37 0.996845
0.371 0.996845
0.372 0.996845
0.373 0.996845
0.374 1
0.375 1
0.376 1
0.377 1
0.378 1
0.379 1
0.38 1
0.381 1
0.382 1
0.383 1
0.384 1
0.385 1
0.386 1
0.387 1
0.388 1
0.389 1
0.39 1
0.391 1
0.392 1
0.393 1
0.394 1
0.395 1
0.396 1
0.397 1
0.398 1
0.399 1
0.4 1
