400
0 0
0.001 0.00369004
0.002 0.0110701
0.003 0.0147601
0.004 0.0258303
0.005 0.0258303
0.006 0.0295203
0.007 0.0295203
0.008 0.0332103
0.009 0.0442804
0.01 0.0516605
0.011 0.0553506
0.012 0.0590406
0.013 0.0627306
0.014 0.0627306
0.015 0.0701107
0.016 0.0774908
0.017 0.0774908
0.018 0.0922509
0.019 0.0922509
0.02 0.095941
0.021 0.095941
0.022 0.095941
0.023 0.099631
0.024 0.107011
0.025 0.110701
0.026 0.114391
0.027 0.118081
0.028 0.129151
0.029 0.132841
0.03 0.136531
0.031 0.140221
0.032 0.143911
0.033 0.151292
0.034 0.166052
0.035 0.166052
0.036 0.173432
0.037 0.177122
0.038 0.180812
0.039 0.184502
0.04 0.188192
0.041 0.199262
0.042 0.199262
0.043 0.199262
0.044 0.202952
0.045 0.202952
0.046 0.206642
0.047 0.217712
0.048 0.217712
0.049 0.225092
0.05 0.225092
0.051 0.232472
0.052 0.236162
0.053 0.247232
0.054 0.254613
0.055 0.261993
0.056 0.265683
0.057 0.265683
0.058 0.273063
0.059 0.273063
0.06 0.273063
0.061 0.276753
0.062 0.280443
0.063 0.284133
0.064 0.291513
0.065 0.291513
0.066 0.302583
0.067 0.306273
0.068 0.313653
0.069 0.313653
0.07 0.317343
0.071 0.321033
0.072 0.332103
0.073 0.335793
0.074 0.350554
0.075 0.350554
0.076 0.361624
0.077 0.365314
0.078 0.365314
0.079 0.376384
0.08 0.380074
0.081 0.383764
0.082 0.391144
0.083 0.398524
0.084 0.402214
0.085 0.409594
0.086 0.413284
0.087 0.424354
0.088 0.424354
0.089 0.424354
0.09 0.428044
0.091 0.431734
0.092 0.439114
0.093 0.442804
0.094 0.464945
0.095 0.476015
0.096 0.483395
0.097 0.490775
0.098 0.501845
0.099 0.509225
0.1 0.516605
0.101 0.516605
0.102 0.520295
0.103 0.531365
0.104 0.531365
0.105 0.535055
0.106 0.546125
0.107 0.546125
0.108 0.553506
0.109 0.557196
0.11 0.560886
0.111 0.575646
0.112 0.575646
0.113 0.575646
0.114 0.583026
0.115 0.586716
0.116 0.590406
0.117 0.594096
0.118 0.594096
0.119 0.601476
0.12 0.601476
0.121 0.605166
0.122 0.608856
0.123 0.627306
0.124 0.627306
0.125 0.630996
0.126 0.634686
0.127 0.638376
0.128 0.642066
0.129 0.656827
0.13 0.667897
0.131 0.671587
0.132 0.675277
0.133 0.682657
0.134 0.682657
0.135 0.682657
0.136 0.693727
0.137 0.701107
0.138 0.701107
0.139 0.708487
0.14 0.715867
0.141 0.723247
0.142 0.723247
0.143 0.734317
0.144 0.734317
0.145 0.738007
0.146 0.741697
0.147 0.752768
0.148 0.763838
0.149 0.767528
0.15 0.771218
0.151 0.778598
0.152 0.789668
0.153 0.789668
0.154 0.800738
0.155 0.811808
0.156 0.815498
0.157 0.819188
0.158 0.822878
0.159 0.826568
0.16 0.830258
0.161 0.837638
0.162 0.845018
0.163 0.848708
0.164 0.863469
0.165 0.863469
0.166 0.863469
0.167 0.867159
0.168 0.874539
0.169 0.878229
0.17 0.878229
0.171 0.892989
0.172 0.892989
0.173 0.892989
0.174 0.892989
0.175 0.896679
0.176 0.900369
0.177 0.904059
0.178 0.911439
0.179 0.915129
0.18 0.918819
0.181 0.933579
0.182 0.933579
0.183 0.933579
0.184 0.940959
0.185 0.940959
0.186 0.948339
0.187 0.95203
0.188 0.95941
0.189 0.9631
0.19 0.97048
0.191 0.97048
0.192 0.97048
0.193 0.97048
0.194 0.97417
0.195 0.97417
0.196 0.97417
0.197 0.97417
0.198 0.97417
0.199 0.97786
0.2 0.97786
0.201 0.97786
0.202 0.97786
0.203 0.97786
0.204 0.97786
0.205 0.97786
0.206 0.98155
0.207 0.98155
0.208 0.98524
0.209 0.98524
0.21 0.98524
0.211 0.98524
0.212 0.98524
0.213 0.98524
0.214 0.98893
0.215 0.98893
0.216 0.98893
0.217 0.98893
0.218 0.98893
0.219 0.98893
0.22 0.98893
0.221 0.98893
0.222 0.98893
0.223 0.98893
0.224 0.98893
0.225 0.98893
0.226 0.98893
0.227 0.98893
0.228 0.98893
0.229 0.98893
0.23 0.98893
0.231 0.98893
0.232 0.98893
0.233 0.98893
0.234 0.98893
0.235 0.98893
0.236 0.98893
0.237 0.98893
0.238 0.98893
0.239 0.98893
0.24 0.99262
0.241 0.99262
0.242 0.99262
0.243 0.99262
0.244 0.99262
0.245 0.99262
0.246 0.99262
0.247 0.99262
0.248 0.99262
0.249 0.99262
0.25 0.99262
0.251 0.99262
0.252 0.99262
0.253 0.99262
0.254 0.99262
0.255 0.99262
0.256 0.99262
0.257 0.99262
0.258 0.99262
0.259 0.99262
0.26 0.99262
0.261 0.99262
0.262 0.99262
0.263 0.99262
0.264 0.99262
0.265 0.99262
0.266 0.99631
0.267 0.99631
0.268 0.99631
0.269 0.99631
0.27 0.99631
0.271 0.99631
0.272 0.99631
0.273 0.99631
0.274 0.99631
0.275 0.99631
0.276 0.99631
0.277 0.99631
0.278 0.99631
0.279 0.99631
0.28 0.99631
0.281 0.99631
0.282 0.99631
0.283 0.99631
0.284 0.99631
0.285 0.99631
0.286 0.99631
0.287 0.99631
0.288 0.99631
0.289 0.99631
0.29 0.99631
0.291 0.99631
0.292 0.99631
0.293 0.99631
0.294 0.99631
0.295 0.99631
0.296 0.99631
0.297 0.99631
0.298 0.99631
0.299 0.99631
0.3 0.99631
0.301 0.99631
0.302 0.99631
0.303 0.99631
0.304 0.99631
0.305 0.99631
0.306 0.99631
0.307 0.99631
0.308 0.99631
0.309 0.99631
0.31 0.99631
0.311 0.99631
0.312 0.99631
0.313 0.99631
0.314 0.99631
0.315 0.99631
0.316 0.99631
0.317 0.99631
0.318 0.99631
0.319 0.99631
0.32 0.99631
0.321 0.99631
0.322 0.99631
0.323 0.99631
0.324 0.99631
0.325 0.99631
0.326 1
0.327 1
0.328 1
0.329 1
0.33 1
0.331 1
0.332 1
0.333 1
0.334 1
0.335 1
0.336 1
0.337 1
0.338 1
0.339 1
0.34 1
0.341 1
0.342 1
0.343 1
0.344 1
0.345 1
0.346 1
0.347 1
0.348 1
0.349 1
0.35 1
0.351 1
0.352 1
0.353 1
0.354 1
0.355 1
0.356 1
0.357 1
0.358 1
0.359 1
0.36 1
0.361 1
0.362 1
0.363 1
0.364 1
0.365 1
0.366 1
0.367 1
0.368 1
0.369 1
0.37 1
0.371 1
0.372 1
0.373 1
0.374 1
0.375 1
0.376 1
0.377 1
0.378 1
0.379 1
0.38 1
0.381 1
0.382 1
0.383 1
0.384 1
0.385 1
0.386 1
0.387 1
0.388 1
0.389 1
0.39 1
0.391 1
0.392 1
0.393 1
0.394 1
0.395 1
0.396 1
0.397 1
0.398 1
0.399 1
0.4 1
