323
-33.5 0.00469484
-33.3 0.00469484
-33.1 0.00469484
-32.9 0.00469484
-32.7 0.00469484
-32.5 0.00938967
-32.3 0.00938967
-32.1 0.00938967
-31.9 0.00938967
-31.7 0.00938967
-31.5 0.00938967
-31.3 0.00938967
-31.1 0.00938967
-30.9 0.00938967
-30.7 0.00938967
-30.5 0.00938967
-30.3 0.00938967
-30.1 0.00938967
-29.9 0.00938967
-29.7 0.00938967
-29.5 0.00938967
-29.3 0.00938967
-29.1 0.0140845
-28.9 0.0140845
-28.7 0.0140845
-28.5 0.0140845
-28.3 0.0140845
-28.1 0.0140845
-27.9 0.0187793
-27.7 0.0234742
-27.5 0.0234742
-27.3 0.0234742
-27.1 0.0234742
-26.9 0.0234742
-26.7 0.0234742
-26.5 0.0234742
-26.3 0.0234742
-26.1 0.0234742
-25.9 0.028169
-25.7 0.0328638
-25.5 0.0328638
-25.3 0.0375587
-25.1 0.0422535
-24.9 0.0469484
-24.7 0.056338
-24.5 0.0657277
-24.3 0.0704225
-24.1 0.0704225
-23.9 0.0704225
-23.7 0.0798122
-23.5 0.0798122
-23.3 0.0938967
-23.1 0.103286
-22.9 0.112676
-22.7 0.117371
-22.5 0.117371
-22.3 0.122066
-22.1 0.126761
-21.9 0.126761
-21.7 0.13615
-21.5 0.13615
-21.3 0.14554
-21.1 0.14554
-20.9 0.15493
-20.7 0.15493
-20.5 0.15493
-20.3 0.169014
-20.1 0.169014
-19.9 0.169014
-19.7 0.173709
-19.5 0.183099
-19.3 0.192488
-19.1 0.206573
-18.9 0.215962
-18.7 0.230047
-18.5 0.239437
-18.3 0.248826
-18.1 0.248826
-17.9 0.248826
-17.7 0.248826
-17.5 0.258216
-17.3 0.258216
-17.1 0.258216
-16.9 0.262911
-16.7 0.2723
-16.5 0.276995
-16.3 0.28169
-16.1 0.28169
-15.9 0.29108
-15.7 0.300469
-15.5 0.305164
-15.3 0.323944
-15.1 0.333333
-14.9 0.361502
-14.7 0.366197
-14.5 0.366197
-14.3 0.366197
-14.1 0.375587
-13.9 0.389671
-13.7 0.399061
-13.5 0.403756
-13.3 0.403756
-13.1 0.408451
-12.9 0.41784
-12.7 0.42723
-12.5 0.42723
-12.3 0.43662
-12.1 0.446009
-11.9 0.450704
-11.7 0.455399
-11.5 0.464789
-11.3 0.474178
-11.1 0.483568
-10.9 0.492958
-10.7 0.497653
-10.5 0.507042
-10.3 0.511737
-10.1 0.521127
-9.9 0.521127
-9.7 0.539906
-9.5 0.539906
-9.3 0.544601
-9.1 0.544601
-8.9 0.558685
-8.7 0.558685
-8.5 0.56338
-8.3 0.568075
-8.1 0.586854
-7.9 0.596244
-7.7 0.600939
-7.5 0.610329
-7.3 0.624413
-7.1 0.624413
-6.9 0.629108
-6.7 0.638498
-6.5 0.638498
-6.3 0.643192
-6.1 0.657277
-5.9 0.661972
-5.7 0.666667
-5.5 0.671362
-5.3 0.671362
-5.1 0.671362
-4.9 0.680751
-4.7 0.685446
-4.5 0.704225
-4.3 0.713615
-4.1 0.71831
-3.9 0.7277
-3.7 0.732394
-3.5 0.746479
-3.3 0.755869
-3.1 0.760563
-2.9 0.765258
-2.7 0.774648
-2.5 0.784038
-2.3 0.793427
-2.1 0.793427
-1.9 0.793427
-1.7 0.807512
-1.5 0.821596
-1.3 0.821596
-1.1 0.830986
-0.9 0.835681
-0.7 0.840376
-0.5 0.84507
-0.3 0.84507
-0.0999996 0.85446
0.1 0.859155
0.3 0.86385
0.5 0.86385
0.7 0.86385
0.9 0.86385
1.1 0.873239
1.3 0.873239
1.5 0.882629
1.7 0.882629
1.9 0.882629
2.1 0.887324
2.3 0.887324
2.5 0.892019
2.7 0.892019
2.9 0.906103
3.1 0.906103
3.3 0.906103
3.5 0.906103
3.7 0.906103
3.9 0.906103
4.1 0.906103
4.3 0.906103
4.5 0.906103
4.7 0.920188
4.9 0.924883
5.1 0.929577
5.3 0.929577
5.5 0.929577
5.7 0.929577
5.9 0.929577
6.1 0.934272
6.3 0.938967
6.5 0.943662
6.7 0.948357
6.9 0.948357
7.1 0.953052
7.3 0.962441
7.5 0.962441
7.7 0.962441
7.9 0.962441
8.1 0.967136
8.3 0.967136
8.5 0.967136
8.7 0.967136
8.9 0.967136
9.1 0.967136
9.3 0.967136
9.5 0.967136
9.7 0.967136
9.9 0.967136
10.1 0.967136
10.3 0.967136
10.5 0.967136
10.7 0.967136
10.9 0.967136
11.1 0.967136
11.3 0.967136
11.5 0.967136
11.7 0.967136
11.9 0.967136
12.1 0.967136
12.3 0.967136
12.5 0.971831
12.7 0.971831
12.9 0.976526
13.1 0.976526
13.3 0.976526
13.5 0.976526
13.7 0.976526
13.9 0.976526
14.1 0.981221
14.3 0.981221
14.5 0.981221
14.7 0.981221
14.9 0.981221
15.1 0.981221
15.3 0.981221
15.5 0.981221
15.7 0.981221
15.9 0.981221
16.1 0.981221
16.3 0.981221
16.5 0.985915
16.7 0.985915
16.9 0.985915
17.1 0.985915
17.3 0.985915
17.5 0.985915
17.7 0.985915
17.9 0.985915
18.1 0.985915
18.3 0.985915
18.5 0.985915
18.7 0.985915
18.9 0.985915
19.1 0.985915
19.3 0.985915
19.5 0.985915
19.7 0.985915
19.9 0.985915
20.1 0.985915
20.3 0.985915
20.5 0.99061
20.7 0.99061
20.9 0.99061
21.1 0.99061
21.3 0.99061
21.5 0.99061
21.7 0.99061
21.9 0.99061
22.1 0.99061
22.3 0.99061
22.5 0.99061
22.7 0.99061
22.9 0.99061
23.1 0.99061
23.3 0.99061
23.5 0.99061
23.7 0.99061
23.9 0.99061
24.1 0.99061
24.3 0.99061
24.5 0.99061
24.7 0.99061
24.9 0.99061
25.1 0.99061
25.3 0.99061
25.5 0.995305
25.7 0.995305
25.9 0.995305
26.1 0.995305
26.3 0.995305
26.5 0.995305
26.7 0.995305
26.9 0.995305
27.1 0.995305
27.3 0.995305
27.5 0.995305
27.7 0.995305
27.9 0.995305
28.1 0.995305
28.3 0.995305
28.5 0.995305
28.7 0.995305
28.9 0.995305
29.1 0.995305
29.3 0.995305
29.5 0.995305
29.7 0.995305
29.9 0.995305
30.1 0.995305
30.3 0.995305
30.5 0.995305
30.7 0.995305
30.9 1
