400
0.001 0.00597439
0.002 0.0122697
0.003 0.0183052
0.004 0.0248602
0.005 0.0312471
0.006 0.0373132
0.007 0.0437613
0.008 0.0495065
0.009 0.0555267
0.01 0.0613483
0.011 0.0674296
0.012 0.0736179
0.013 0.0806008
0.014 0.0870489
0.015 0.0929621
0.016 0.0994255
0.017 0.105629
0.018 0.112108
0.019 0.117807
0.02 0.124332
0.021 0.13107
0.022 0.137136
0.023 0.143401
0.024 0.14962
0.025 0.156862
0.026 0.163356
0.027 0.169835
0.028 0.175519
0.029 0.181676
0.03 0.188293
0.031 0.194527
0.032 0.200746
0.033 0.207194
0.034 0.213978
0.035 0.220273
0.036 0.226049
0.037 0.232436
0.038 0.239465
0.039 0.245699
0.04 0.251902
0.041 0.258014
0.042 0.264233
0.043 0.270651
0.044 1.27661
0.045 1.28266
0.046 1.28935
0.047 1.29553
0.048 1.30171
0.049 1.3081
0.05 1.31379
0.051 1.32017
0.052 1.32647
0.053 1.3325
0.054 1.33857
0.055 1.34459
0.056 1.35099
0.057 1.35654
0.058 1.36332
0.059 1.37002
0.06 1.37578
0.061 1.38207
0.062 1.38878
0.063 1.39478
0.064 1.40135
0.065 1.40815
0.066 1.41445
0.067 1.421
0.068 1.42683
0.069 1.43364
0.07 1.43986
0.071 1.44603
0.072 1.45266
0.073 1.45933
0.074 1.4657
0.075 1.47312
0.076 1.47974
0.077 1.48599
0.078 1.4925
0.079 1.49869
0.08 1.50494
0.081 1.51151
0.082 1.51771
0.083 1.52417
0.084 1.53053
0.085 1.53695
0.086 1.54332
0.087 1.54969
0.088 1.55664
0.089 1.56315
0.09 1.56913
0.091 1.57548
0.092 1.58198
0.093 1.58829
0.094 1.59515
0.095 1.60181
0.096 1.60817
0.097 1.61386
0.098 1.62019
0.099 1.62737
0.1 1.63355
0.101 1.64042
0.102 1.64695
0.103 1.65371
0.104 1.66083
0.105 1.66817
0.106 1.67508
0.107 1.68133
0.108 1.68834
0.109 1.69483
0.11 1.70136
0.111 1.70819
0.112 1.71479
0.113 1.72087
0.114 1.72788
0.115 1.73447
0.116 1.74052
0.117 1.74723
0.118 1.75387
0.119 1.76003
0.12 1.76653
0.121 1.7723
0.122 1.77873
0.123 1.78538
0.124 1.79183
0.125 1.7978
0.126 1.80437
0.127 1.81064
0.128 1.81733
0.129 1.82399
0.13 1.83073
0.131 1.83683
0.132 1.84263
0.133 1.84894
0.134 1.85513
0.135 1.86141
0.136 1.8674
0.137 1.87356
0.138 1.87975
0.139 1.88559
0.14 1.89165
0.141 1.89701
0.142 1.90222
0.143 1.9073
0.144 1.91255
0.145 1.91735
0.146 1.92203
0.147 1.92647
0.148 1.93071
0.149 1.9345
0.15 1.93868
0.151 1.94266
0.152 1.94675
0.153 1.95057
0.154 1.95389
0.155 1.95699
0.156 1.95994
0.157 1.9626
0.158 1.96547
0.159 1.96793
0.16 1.9703
0.161 1.97263
0.162 1.97468
0.163 1.97653
0.164 1.97839
0.165 1.98014
0.166 1.98139
0.167 1.98301
0.168 1.98431
0.169 1.98571
0.17 1.98694
0.171 1.98791
0.172 1.98885
0.173 1.98966
0.174 1.99039
0.175 1.99095
0.176 1.99166
0.177 1.99205
0.178 1.99254
0.179 1.99297
0.18 1.9934
0.181 1.99361
0.182 1.99389
0.183 1.99415
0.184 1.99456
0.185 1.99476
0.186 1.99503
0.187 1.9952
0.188 1.99535
0.189 1.99563
0.19 1.99578
0.191 1.99589
0.192 1.99601
0.193 1.99615
0.194 1.99627
0.195 1.99635
0.196 1.99639
0.197 1.99642
0.198 1.99653
0.199 1.99656
0.2 1.99664
0.201 1.99671
0.202 1.99676
0.203 1.99681
0.204 1.99682
0.205 1.99685
0.206 1.9969
0.207 1.9969
0.208 1.99697
0.209 1.99702
0.21 1.99708
0.211 1.99711
0.212 1.99717
0.213 1.9972
0.214 1.99722
0.215 1.99726
0.216 1.9973
0.217 1.99736
0.218 1.9974
0.219 1.99742
0.22 1.99746
0.221 1.99749
0.222 1.99751
0.223 1.99756
0.224 1.9976
0.225 1.99765
0.226 1.99766
0.227 1.99774
0.228 1.99777
0.229 1.99782
0.23 1.99788
0.231 1.99789
0.232 1.99797
0.233 1.998
0.234 1.998
0.235 1.99807
0.236 1.99812
0.237 1.99814
0.238 1.99818
0.239 1.9982
0.24 1.99821
0.241 1.99823
0.242 1.99827
0.243 1.99827
0.244 1.99829
0.245 1.9983
0.246 1.99833
0.247 1.99833
0.248 1.9984
0.249 1.99843
0.25 1.99846
0.251 1.99847
0.252 1.99853
0.253 1.99855
0.254 1.99856
0.255 1.99856
0.256 1.99858
0.257 1.99861
0.258 1.99866
0.259 1.99869
0.26 1.9987
0.261 1.99873
0.262 1.99878
0.263 1.99878
0.264 1.99879
0.265 1.99881
0.266 1.99885
0.267 1.99887
0.268 1.99888
0.269 1.9989
0.27 1.9989
0.271 1.99896
0.272 1.99898
0.273 1.99899
0.274 1.99899
0.275 1.99901
0.276 1.99901
0.277 1.99901
0.278 1.99904
0.279 1.99905
0.28 1.9991
0.281 1.9991
0.282 1.9991
0.283 1.9991
0.284 1.9991
0.285 1.9991
0.286 1.9991
0.287 1.99913
0.288 1.99913
0.289 1.99914
0.29 1.99916
0.291 1.99917
0.292 1.99917
0.293 1.99917
0.294 1.99919
0.295 1.99919
0.296 1.99922
0.297 1.99924
0.298 1.99927
0.299 1.9993
0.3 1.9993
0.301 1.99931
0.302 1.99931
0.303 1.99933
0.304 1.99933
0.305 1.99933
0.306 1.99933
0.307 1.99933
0.308 1.99934
0.309 1.99934
0.31 1.99939
0.311 1.9994
0.312 1.99942
0.313 1.99942
0.314 1.99943
0.315 1.99945
0.316 1.99947
0.317 1.99947
0.318 1.99947
0.319 1.99947
0.32 1.99947
0.321 1.99947
0.322 1.99947
0.323 1.99948
0.324 1.99948
0.325 1.99948
0.326 1.99948
0.327 1.99951
0.328 1.99953
0.329 1.99953
0.33 1.99953
0.331 1.99956
0.332 1.99956
0.333 1.99956
0.334 1.99956
0.335 1.99956
0.336 1.99957
0.337 1.99957
0.338 1.99959
0.339 1.99962
0.34 1.99963
0.341 1.99963
0.342 1.99963
0.343 1.99963
0.344 1.99965
0.345 1.99966
0.346 1.99968
0.347 1.99968
0.348 1.99968
0.349 1.99969
0.35 1.99969
0.351 1.99969
0.352 1.99971
0.353 1.99971
0.354 1.99973
0.355 1.99974
0.356 1.99974
0.357 1.99974
0.358 1.99974
0.359 1.99976
0.36 1.99977
0.361 1.99979
0.362 1.99979
0.363 1.9998
0.364 1.9998
0.365 1.99983
0.366 1.99986
0.367 1.99986
0.368 1.99988
0.369 1.99988
0.37 1.99989
0.371 1.99989
0.372 1.99989
0.373 1.99989
0.374 1.99989
0.375 1.99989
0.376 1.99991
0.377 1.99992
0.378 1.99992
0.379 1.99992
0.38 1.99992
0.381 1.99992
0.382 1.99992
0.383 1.99992
0.384 1.99992
0.385 1.99992
0.386 1.99992
0.387 1.99992
0.388 1.99992
0.389 1.99992
0.39 1.99992
0.391 1.99992
0.392 1.99994
0.393 1.99994
0.394 1.99995
0.395 1.99995
0.396 1.99995
0.397 1.99997
0.398 1.99997
0.399 1.99997
0.4 2
