700
0.001 0.00384984
0.002 0.00779987
0.003 0.011478
0.004 0.015428
0.005 0.0192063
0.006 0.023142
0.007 0.0267342
0.008 0.0305841
0.009 0.0345055
0.01 0.0383553
0.011 0.0422767
0.012 0.0463126
0.013 0.0500909
0.014 0.0542985
0.015 0.0585348
0.016 0.0622558
0.017 0.0660913
0.018 0.0695834
0.019 0.0729896
0.02 0.0770398
0.021 0.0809469
0.022 0.0849541
0.023 0.0890473
0.024 0.0928112
0.025 0.0972336
0.026 0.101684
0.027 0.105205
0.028 0.109112
0.029 0.113177
0.03 0.117041
0.031 0.121063
0.032 0.125055
0.033 0.128963
0.034 0.132913
0.035 0.13682
0.036 0.140655
0.037 0.144691
0.038 0.148827
0.039 0.153092
0.04 0.157414
0.041 0.161565
0.042 0.165758
0.043 0.17018
0.044 0.174202
0.045 0.178252
0.046 0.18246
0.047 0.186682
0.048 0.190546
0.049 0.19441
0.05 0.198002
0.051 0.20178
0.052 0.206317
0.053 0.209895
0.054 0.213588
0.055 0.218067
0.056 0.22196
0.057 0.226182
0.058 0.230447
0.059 0.234583
0.06 0.238848
0.061 0.242941
0.062 0.246962
0.063 0.251184
0.064 0.255206
0.065 0.259929
0.066 0.263936
0.067 0.2678
0.068 0.271578
0.069 0.275972
0.07 0.280266
0.071 0.28433
0.072 0.288495
0.073 0.292559
0.074 0.296023
0.075 0.299987
0.076 0.303637
0.077 0.307515
0.078 0.311365
0.079 0.315115
0.08 0.319308
0.081 0.323186
0.082 0.327208
0.083 0.331101
0.084 0.335151
0.085 0.338843
0.086 0.343051
0.087 0.346886
0.088 0.350436
0.089 0.353971
0.09 0.357563
0.091 0.361484
0.092 0.36532
0.093 0.36947
0.094 0.373392
0.095 0.377428
0.096 0.381521
0.097 0.385657
0.098 0.38955
0.099 0.393757
0.1 0.397693
0.101 0.401757
0.102 0.405894
0.103 0.409972
0.104 0.41398
0.105 0.418216
0.106 0.422209
0.107 0.426402
0.108 0.43018
0.109 0.434159
0.11 0.438081
0.111 0.442288
0.112 0.446367
0.113 0.45066
0.114 0.454782
0.115 0.458804
0.116 0.463112
0.117 0.466847
0.118 0.470969
0.119 0.475148
0.12 0.47894
0.121 0.483119
0.122 0.48727
0.123 0.491406
0.124 0.495456
0.125 0.499578
0.126 0.5037
0.127 0.507678
0.128 0.511857
0.129 0.515936
0.13 0.520029
0.131 0.524137
0.132 0.528001
0.133 0.532094
0.134 0.535858
0.135 0.539779
0.136 0.543601
0.137 0.547722
0.138 0.551916
0.139 0.556338
0.14 0.560431
0.141 0.564853
0.142 0.56929
0.143 0.573541
0.144 0.577863
0.145 0.582142
0.146 0.586235
0.147 0.5904
0.148 0.594436
0.149 0.598586
0.15 0.603223
0.151 0.607874
0.152 0.612096
0.153 0.615903
0.154 0.619853
0.155 0.624275
0.156 0.628469
0.157 0.632347
0.158 0.636355
0.159 0.640634
0.16 0.645013
0.161 0.649693
0.162 0.65423
0.163 0.657879
0.164 0.662187
0.165 0.666609
0.166 0.670703
0.167 0.675454
0.168 0.680148
0.169 0.684499
0.17 0.689494
0.171 0.694074
0.172 0.698195
0.173 0.703018
0.174 0.707999
0.175 0.712307
0.176 0.717001
0.177 0.721151
0.178 0.725674
0.179 0.730282
0.18 0.734747
0.181 0.739012
0.182 0.743649
0.183 0.747928
0.184 0.752365
0.185 0.756387
0.186 0.760938
0.187 0.765131
0.188 0.769754
0.189 0.773875
0.19 0.778298
0.191 0.782677
0.192 0.787185
0.193 0.791665
0.194 0.79633
0.195 0.800796
0.196 0.805676
0.197 0.809726
0.198 0.814449
0.199 0.818843
0.2 0.82295
0.201 0.827272
0.202 0.831351
0.203 0.835716
0.204 0.839995
0.205 0.843831
0.206 0.848597
0.207 0.853076
0.208 0.85727
0.209 0.861477
0.21 0.865742
0.211 0.869964
0.212 0.874072
0.213 0.878007
0.214 0.881914
0.215 0.885464
0.216 0.889213
0.217 0.893163
0.218 0.897271
0.219 0.900892
0.22 0.90447
0.221 0.907704
0.222 0.910724
0.223 0.913915
0.224 0.917522
0.225 0.920785
0.226 0.924062
0.227 0.926939
0.228 0.929944
0.229 0.932778
0.23 0.93554
0.231 0.938703
0.232 0.941394
0.233 0.943984
0.234 0.946775
0.235 0.949394
0.236 0.95207
0.237 0.95456
0.238 0.956679
0.239 0.959312
0.24 0.961659
0.241 0.963462
0.242 0.965609
0.243 0.967369
0.244 0.969273
0.245 0.971162
0.246 0.972851
0.247 0.974597
0.248 0.975999
0.249 0.977545
0.25 0.97942
0.251 0.98088
0.252 0.982254
0.253 0.983542
0.254 0.984644
0.255 0.985731
0.256 0.986876
0.257 0.987735
0.258 0.98888
0.259 0.989939
0.26 0.990769
0.261 0.991513
0.262 0.992129
0.263 0.992944
0.264 0.993588
0.265 0.994104
0.266 0.99459
0.267 0.995005
0.268 0.995406
0.269 0.995807
0.27 0.996164
0.271 0.996622
0.272 0.996923
0.273 0.997209
0.274 0.997424
0.275 0.997667
0.276 0.997868
0.277 0.998039
0.278 0.998182
0.279 0.998311
0.28 0.99844
0.281 0.998569
0.282 0.998726
0.283 0.998841
0.284 0.998927
0.285 0.998998
0.286 0.99907
0.287 0.99917
0.288 0.999184
0.289 0.999256
0.29 0.999284
0.291 0.999299
0.292 0.999313
0.293 0.999342
0.294 0.99937
0.295 0.999428
0.296 0.99947
0.297 0.999499
0.298 0.999499
0.299 0.999499
0.3 0.999542
0.301 0.999585
0.302 0.999585
0.303 0.999628
0.304 0.999628
0.305 0.999628
0.306 0.999628
0.307 0.999657
0.308 0.999657
0.309 0.999671
0.31 0.999685
0.311 0.999699
0.312 0.999699
0.313 0.999699
0.314 0.999714
0.315 0.999714
0.316 0.999728
0.317 0.999728
0.318 0.999728
0.319 0.999742
0.32 0.999757
0.321 0.999757
0.322 0.999771
0.323 0.999771
0.324 0.999771
0.325 0.999771
0.326 0.999785
0.327 0.999785
0.328 0.999785
0.329 0.9998
0.33 0.9998
0.331 0.9998
0.332 0.9998
0.333 0.9998
0.334 0.9998
0.335 0.9998
0.336 0.9998
0.337 0.9998
0.338 0.9998
0.339 0.9998
0.34 0.9998
0.341 0.999814
0.342 0.999814
0.343 0.999814
0.344 0.999814
0.345 0.999828
0.346 0.999828
0.347 0.999828
0.348 0.999828
0.349 0.999828
0.35 0.999828
0.351 0.999828
0.352 0.999828
0.353 0.999828
0.354 0.999828
0.355 0.999828
0.356 0.999843
0.357 0.999843
0.358 0.999843
0.359 0.999843
0.36 0.999843
0.361 0.999843
0.362 0.999843
0.363 0.999843
0.364 0.999857
0.365 0.999871
0.366 0.999886
0.367 0.999886
0.368 0.9999
0.369 0.9999
0.37 0.9999
0.371 0.9999
0.372 0.9999
0.373 0.999914
0.374 0.999914
0.375 0.999914
0.376 0.999928
0.377 0.999928
0.378 0.999928
0.379 0.999928
0.38 0.999928
0.381 0.999928
0.382 0.999928
0.383 0.999928
0.384 0.999928
0.385 0.999928
0.386 0.999928
0.387 0.999928
0.388 0.999928
0.389 0.999928
0.39 0.999928
0.391 0.999928
0.392 0.999928
0.393 0.999928
0.394 0.999928
0.395 0.999943
0.396 0.999943
0.397 0.999943
0.398 0.999943
0.399 0.999943
0.4 0.999957
0.401 0.999957
0.402 0.999957
0.403 0.999957
0.404 0.999957
0.405 0.999957
0.406 0.999957
0.407 0.999957
0.408 0.999957
0.409 0.999957
0.41 0.999957
0.411 0.999957
0.412 0.999957
0.413 0.999957
0.414 0.999957
0.415 0.999957
0.416 0.999957
0.417 0.999957
0.418 0.999957
0.419 0.999957
0.42 0.999971
0.421 0.999971
0.422 0.999971
0.423 0.999971
0.424 0.999971
0.425 0.999971
0.426 0.999971
0.427 0.999971
0.428 0.999971
0.429 0.999971
0.43 0.999971
0.431 0.999971
0.432 0.999971
0.433 0.999971
0.434 0.999971
0.435 0.999971
0.436 0.999971
0.437 0.999971
0.438 0.999971
0.439 0.999971
0.44 0.999971
0.441 0.999971
0.442 0.999971
0.443 0.999971
0.444 0.999971
0.445 0.999971
0.446 0.999971
0.447 0.999971
0.448 0.999971
0.449 0.999971
0.45 0.999971
0.451 0.999971
0.452 0.999971
0.453 0.999986
0.454 0.999986
0.455 0.999986
0.456 0.999986
0.457 0.999986
0.458 0.999986
0.459 0.999986
0.46 0.999986
0.461 0.999986
0.462 0.999986
0.463 0.999986
0.464 0.999986
0.465 0.999986
0.466 0.999986
0.467 0.999986
0.468 0.999986
0.469 0.999986
0.47 0.999986
0.471 0.999986
0.472 0.999986
0.473 0.999986
0.474 0.999986
0.475 0.999986
0.476 0.999986
0.477 0.999986
0.478 0.999986
0.479 0.999986
0.48 0.999986
0.481 0.999986
0.482 0.999986
0.483 0.999986
0.484 0.999986
0.485 0.999986
0.486 0.999986
0.487 0.999986
0.488 0.999986
0.489 0.999986
0.49 0.999986
0.491 0.999986
0.492 0.999986
0.493 0.999986
0.494 0.999986
0.495 0.999986
0.496 0.999986
0.497 0.999986
0.498 0.999986
0.499 0.999986
0.5 0.999986
0.501 0.999986
0.502 0.999986
0.503 1
0.504 1
0.505 1
0.506 1
0.507 1
0.508 1
0.509 1
0.51 1
0.511 1
0.512 1
0.513 1
0.514 1
0.515 1
0.516 1
0.517 1
0.518 1
0.519 1
0.52 1
0.521 1
0.522 1
0.523 1
0.524 1
0.525 1
0.526 1
0.527 1
0.528 1
0.529 1
0.53 1
0.531 1
0.532 1
0.533 1
0.534 1
0.535 1
0.536 1
0.537 1
0.538 1
0.539 1
0.54 1
0.541 1
0.542 1
0.543 1
0.544 1
0.545 1
0.546 1
0.547 1
0.548 1
0.549 1
0.55 1
0.551 1
0.552 1
0.553 1
0.554 1
0.555 1
0.556 1
0.557 1
0.558 1
0.559 1
0.56 1
0.561 1
0.562 1
0.563 1
0.564 1
0.565 1
0.566 1
0.567 1
0.568 1
0.569 1
0.57 1
0.571 1
0.572 1
0.573 1
0.574 1
0.575 1
0.576 1
0.577 1
0.578 1
0.579 1
0.58 1
0.581 1
0.582 1
0.583 1
0.584 1
0.585 1
0.586 1
0.587 1
0.588 1
0.589 1
0.59 1
0.591 1
0.592 1
0.593 1
0.594 1
0.595 1
0.596 1
0.597 1
0.598 1
0.599 1
0.6 1
0.601 1
0.602 1
0.603 1
0.604 1
0.605 1
0.606 1
0.607 1
0.608 1
0.609 1
0.61 1
0.611 1
0.612 1
0.613 1
0.614 1
0.615 1
0.616 1
0.617 1
0.618 1
0.619 1
0.62 1
0.621 1
0.622 1
0.623 1
0.624 1
0.625 1
0.626 1
0.627 1
0.628 1
0.629 1
0.63 1
0.631 1
0.632 1
0.633 1
0.634 1
0.635 1
0.636 1
0.637 1
0.638 1
0.639 1
0.64 1
0.641 1
0.642 1
0.643 1
0.644 1
0.645 1
0.646 1
0.647 1
0.648 1
0.649 1
0.65 1
0.651 1
0.652 1
0.653 1
0.654 1
0.655 1
0.656 1
0.657 1
0.658 1
0.659 1
0.66 1
0.661 1
0.662 1
0.663 1
0.664 1
0.665 1
0.666 1
0.667 1
0.668 1
0.669 1
0.67 1
0.671 1
0.672 1
0.673 1
0.674 1
0.675 1
0.676 1
0.677 1
0.678 1
0.679 1
0.68 1
0.681 1
0.682 1
0.683 1
0.684 1
0.685 1
0.686 1
0.687 1
0.688 1
0.689 1
0.69 1
0.691 1
0.692 1
0.693 1
0.694 1
0.695 1
0.696 1
0.697 1
0.698 1
0.699 1
0.7 1
