400
0.001 0.0181818
0.002 0.0181818
0.003 0.0181818
0.004 0.0181818
0.005 0.0545455
0.006 0.0545455
0.007 0.0545455
0.008 0.0545455
0.009 0.0727273
0.01 0.0727273
0.011 0.0727273
0.012 0.0727273
0.013 0.109091
0.014 0.109091
0.015 0.109091
0.016 0.109091
0.017 0.109091
0.018 0.127273
0.019 0.127273
0.02 0.145455
0.021 0.163636
0.022 0.181818
0.023 0.181818
0.024 0.2
0.025 0.236364
0.026 0.236364
0.027 0.236364
0.028 0.272727
0.029 0.272727
0.03 0.272727
0.031 0.309091
0.032 0.309091
0.033 0.309091
0.034 0.327273
0.035 0.327273
0.036 0.345455
0.037 0.345455
0.038 0.345455
0.039 0.345455
0.04 0.345455
0.041 0.345455
0.042 0.345455
0.043 0.345455
0.044 0.345455
0.045 0.345455
0.046 0.345455
0.047 0.345455
0.048 0.345455
0.049 0.363636
0.05 0.381818
0.051 0.381818
0.052 0.381818
0.053 0.4
0.054 0.4
0.055 0.4
0.056 0.4
0.057 0.4
0.058 0.4
0.059 0.436364
0.06 0.436364
0.061 0.436364
0.062 0.436364
0.063 0.454545
0.064 0.472727
0.065 0.472727
0.066 0.472727
0.067 0.472727
0.068 0.472727
0.069 0.490909
0.07 0.490909
0.071 0.490909
0.072 0.509091
0.073 0.527273
0.074 0.545455
0.075 0.545455
0.076 0.545455
0.077 0.563636
0.078 0.563636
0.079 0.563636
0.08 0.563636
0.081 0.581818
0.082 0.581818
0.083 0.581818
0.084 0.6
0.085 0.6
0.086 0.6
0.087 0.618182
0.088 0.618182
0.089 0.618182
0.09 0.618182
0.091 0.618182
0.092 0.636364
0.093 0.636364
0.094 0.636364
0.095 0.636364
0.096 0.654545
0.097 0.654545
0.098 0.654545
0.099 0.654545
0.1 0.654545
0.101 0.654545
0.102 0.654545
0.103 0.672727
0.104 0.672727
0.105 0.672727
0.106 0.672727
0.107 0.672727
0.108 0.672727
0.109 0.690909
0.11 0.690909
0.111 0.690909
0.112 0.690909
0.113 0.690909
0.114 0.690909
0.115 0.690909
0.116 0.690909
0.117 0.690909
0.118 0.690909
0.119 0.690909
0.12 0.690909
0.121 0.690909
0.122 0.709091
0.123 0.709091
0.124 0.709091
0.125 0.727273
0.126 0.727273
0.127 0.745455
0.128 0.763636
0.129 0.763636
0.13 0.763636
0.131 0.763636
0.132 0.763636
0.133 0.763636
0.134 0.763636
0.135 0.763636
0.136 0.763636
0.137 0.763636
0.138 0.763636
0.139 0.763636
0.14 0.763636
0.141 0.763636
0.142 0.763636
0.143 0.781818
0.144 0.781818
0.145 0.781818
0.146 0.781818
0.147 0.781818
0.148 0.781818
0.149 0.781818
0.15 0.781818
0.151 0.781818
0.152 0.781818
0.153 0.8
0.154 0.8
0.155 0.818182
0.156 0.818182
0.157 0.818182
0.158 0.818182
0.159 0.836364
0.16 0.836364
0.161 0.836364
0.162 0.836364
0.163 0.836364
0.164 0.836364
0.165 0.836364
0.166 0.836364
0.167 0.854545
0.168 0.854545
0.169 0.854545
0.17 0.872727
0.171 0.872727
0.172 0.872727
0.173 0.872727
0.174 0.872727
0.175 0.872727
0.176 0.872727
0.177 0.872727
0.178 0.872727
0.179 0.872727
0.18 0.872727
0.181 0.872727
0.182 0.872727
0.183 0.872727
0.184 0.872727
0.185 0.872727
0.186 0.872727
0.187 0.872727
0.188 0.872727
0.189 0.872727
0.19 0.872727
0.191 0.872727
0.192 0.872727
0.193 0.872727
0.194 0.872727
0.195 0.872727
0.196 0.872727
0.197 0.872727
0.198 0.872727
0.199 0.872727
0.2 0.890909
0.201 0.890909
0.202 0.890909
0.203 0.890909
0.204 0.890909
0.205 0.890909
0.206 0.909091
0.207 0.909091
0.208 0.909091
0.209 0.909091
0.21 0.909091
0.211 0.909091
0.212 0.909091
0.213 0.909091
0.214 0.909091
0.215 0.909091
0.216 0.909091
0.217 0.909091
0.218 0.909091
0.219 0.909091
0.22 0.909091
0.221 0.909091
0.222 0.909091
0.223 0.909091
0.224 0.909091
0.225 0.909091
0.226 0.909091
0.227 0.909091
0.228 0.909091
0.229 0.909091
0.23 0.909091
0.231 0.909091
0.232 0.909091
0.233 0.909091
0.234 0.909091
0.235 0.909091
0.236 0.909091
0.237 0.909091
0.238 0.909091
0.239 0.909091
0.24 0.909091
0.241 0.927273
0.242 0.927273
0.243 0.927273
0.244 0.927273
0.245 0.945455
0.246 0.945455
0.247 0.945455
0.248 0.945455
0.249 0.945455
0.25 0.945455
0.251 0.945455
0.252 0.945455
0.253 0.945455
0.254 0.945455
0.255 0.945455
0.256 0.945455
0.257 0.945455
0.258 0.945455
0.259 0.945455
0.26 0.945455
0.261 0.945455
0.262 0.945455
0.263 0.945455
0.264 0.945455
0.265 0.945455
0.266 0.945455
0.267 0.945455
0.268 0.945455
0.269 0.945455
0.27 0.945455
0.271 0.945455
0.272 0.945455
0.273 0.945455
0.274 0.945455
0.275 0.945455
0.276 0.945455
0.277 0.945455
0.278 0.945455
0.279 0.945455
0.28 0.945455
0.281 0.945455
0.282 0.945455
0.283 0.945455
0.284 0.945455
0.285 0.945455
0.286 0.963636
0.287 0.963636
0.288 0.963636
0.289 0.963636
0.29 0.963636
0.291 0.963636
0.292 0.963636
0.293 0.963636
0.294 0.963636
0.295 0.963636
0.296 0.963636
0.297 0.963636
0.298 0.963636
0.299 0.963636
0.3 0.963636
0.301 0.963636
0.302 0.963636
0.303 0.963636
0.304 0.963636
0.305 0.963636
0.306 0.963636
0.307 0.963636
0.308 0.963636
0.309 0.963636
0.31 0.963636
0.311 0.963636
0.312 0.963636
0.313 0.963636
0.314 0.963636
0.315 0.963636
0.316 0.963636
0.317 0.963636
0.318 0.963636
0.319 0.963636
0.32 0.963636
0.321 0.963636
0.322 0.963636
0.323 0.963636
0.324 0.963636
0.325 0.963636
0.326 0.963636
0.327 0.963636
0.328 0.963636
0.329 0.963636
0.33 0.963636
0.331 0.963636
0.332 0.963636
0.333 0.963636
0.334 0.963636
0.335 0.981818
0.336 0.981818
0.337 0.981818
0.338 0.981818
0.339 0.981818
0.34 0.981818
0.341 0.981818
0.342 0.981818
0.343 0.981818
0.344 0.981818
0.345 0.981818
0.346 0.981818
0.347 0.981818
0.348 0.981818
0.349 0.981818
0.35 0.981818
0.351 0.981818
0.352 0.981818
0.353 0.981818
0.354 0.981818
0.355 0.981818
0.356 0.981818
0.357 0.981818
0.358 0.981818
0.359 0.981818
0.36 0.981818
0.361 0.981818
0.362 0.981818
0.363 0.981818
0.364 0.981818
0.365 0.981818
0.366 0.981818
0.367 0.981818
0.368 0.981818
0.369 0.981818
0.37 0.981818
0.371 0.981818
0.372 0.981818
0.373 0.981818
0.374 0.981818
0.375 0.981818
0.376 0.981818
0.377 0.981818
0.378 0.981818
0.379 0.981818
0.38 0.981818
0.381 0.981818
0.382 0.981818
0.383 0.981818
0.384 0.981818
0.385 1
0.386 1
0.387 1
0.388 1
0.389 1
0.39 1
0.391 1
0.392 1
0.393 1
0.394 1
0.395 1
0.396 1
0.397 1
0.398 1
0.399 1
0.4 1
