-49.9 0
-49.7 0
-49.5 0
-49.3 0
-49.1 0
-48.9 0
-48.7 0
-48.5 0
-48.3 0
-48.1 1
-47.9 0
-47.7 0
-47.5 0
-47.3 0
-47.1 0
-46.9 0
-46.7 0
-46.5 0
-46.3 0
-46.1 0
-45.9 0
-45.7 0
-45.5 0
-45.3 0
-45.1 0
-44.9 0
-44.7 0
-44.5 0
-44.3 0
-44.1 0
-43.9 0
-43.7 0
-43.5 1
-43.3 0
-43.1 0
-42.9 0
-42.7 0
-42.5 0
-42.3 0
-42.1 0
-41.9 0
-41.7 0
-41.5 0
-41.3 0
-41.1 0
-40.9 0
-40.7 1
-40.5 0
-40.3 1
-40.1 0
-39.9 0
-39.7 0
-39.5 0
-39.3 0
-39.1 0
-38.9 0
-38.7 0
-38.5 0
-38.3 0
-38.1 0
-37.9 0
-37.7 0
-37.5 0
-37.3 0
-37.1 0
-36.9 1
-36.7 0
-36.5 0
-36.3 0
-36.1 0
-35.9 0
-35.7 0
-35.5 0
-35.3 0
-35.1 0
-34.9 1
-34.7 0
-34.5 0
-34.3 0
-34.1 1
-33.9 2
-33.7 2
-33.5 0
-33.3 0
-33.1 1
-32.9 1
-32.7 1
-32.5 1
-32.3 0
-32.1 0
-31.9 0
-31.7 0
-31.5 3
-31.3 0
-31.1 2
-30.9 2
-30.7 0
-30.5 2
-30.3 2
-30.1 1
-29.9 3
-29.7 3
-29.5 1
-29.3 1
-29.1 4
-28.9 3
-28.7 2
-28.5 5
-28.3 5
-28.1 4
-27.9 9
-27.7 12
-27.5 12
-27.3 10
-27.1 4
-26.9 13
-26.7 14
-26.5 13
-26.3 14
-26.1 19
-25.9 16
-25.7 16
-25.5 21
-25.3 31
-25.1 37
-24.9 49
-24.7 42
-24.5 56
-24.3 58
-24.1 65
-23.9 75
-23.7 85
-23.5 82
-23.3 104
-23.1 121
-22.9 116
-22.7 117
-22.5 124
-22.3 149
-22.1 163
-21.9 147
-21.7 155
-21.5 158
-21.3 160
-21.1 154
-20.9 176
-20.7 178
-20.5 170
-20.3 144
-20.1 161
-19.9 163
-19.7 172
-19.5 156
-19.3 174
-19.1 157
-18.9 148
-18.7 162
-18.5 143
-18.3 150
-18.1 148
-17.9 151
-17.7 172
-17.5 138
-17.3 153
-17.1 176
-16.9 153
-16.7 160
-16.5 163
-16.3 157
-16.1 179
-15.9 155
-15.7 155
-15.5 144
-15.3 166
-15.1 154
-14.9 159
-14.7 148
-14.5 136
-14.3 146
-14.1 171
-13.9 140
-13.7 161
-13.5 177
-13.3 141
-13.1 143
-12.9 167
-12.7 173
-12.5 161
-12.3 143
-12.1 149
-11.9 149
-11.7 148
-11.5 159
-11.3 131
-11.1 154
-10.9 154
-10.7 154
-10.5 154
-10.3 141
-10.1 153
-9.9 131
-9.7 144
-9.5 147
-9.3 167
-9.1 157
-8.9 169
-8.7 128
-8.5 135
-8.3 133
-8.1 126
-7.9 131
-7.7 130
-7.5 132
-7.3 150
-7.1 124
-6.9 132
-6.7 125
-6.5 153
-6.3 121
-6.1 125
-5.9 140
-5.7 114
-5.5 125
-5.3 119
-5.1 117
-4.9 123
-4.7 116
-4.5 107
-4.3 126
-4.1 122
-3.9 106
-3.7 116
-3.5 116
-3.3 124
-3.1 122
-2.9 109
-2.7 96
-2.5 90
-2.3 84
-2.1 98
-1.9 70
-1.7 97
-1.5 93
-1.3 103
-1.1 92
-0.9 99
-0.7 87
-0.5 85
-0.3 89
-0.1 80
0.1 84
0.3 68
0.5 60
0.7 82
0.9 63
1.1 70
1.3 53
1.5 64
1.7 54
1.9 58
2.1 55
2.3 56
2.5 49
2.7 57
2.9 41
3.1 37
3.3 34
3.5 42
3.7 26
3.9 43
4.1 21
4.3 30
4.5 33
4.7 37
4.9 27
5.1 29
5.3 25
5.5 35
5.7 24
5.9 20
6.1 17
6.3 19
6.5 14
6.7 14
6.9 10
7.1 18
7.3 17
7.5 16
7.7 15
7.9 11
8.1 17
8.3 9
8.5 10
8.7 10
8.9 9
9.1 9
9.3 11
9.5 7
9.7 5
9.9 7
10.1 9
10.3 5
10.5 3
10.7 2
10.9 4
11.1 6
11.3 4
11.5 5
11.7 4
11.9 2
12.1 1
12.3 9
12.5 2
12.7 5
12.9 3
13.1 1
13.3 2
13.5 3
13.7 1
13.9 1
14.1 0
14.3 0
14.5 4
14.7 3
14.9 2
15.1 1
15.3 3
15.5 1
15.7 2
15.9 1
16.1 3
16.3 0
16.5 3
16.7 3
16.9 2
17.1 2
17.3 4
17.5 1
17.7 3
17.9 3
18.1 1
18.3 1
18.5 4
18.7 1
18.9 4
19.1 2
19.3 0
19.5 2
19.7 2
19.9 4
20.1 3
20.3 2
20.5 2
20.7 2
20.9 3
21.1 0
21.3 2
21.5 0
21.7 0
21.9 3
22.1 0
22.3 0
22.5 2
22.7 1
22.9 3
23.1 2
23.3 1
23.5 1
23.7 0
23.9 1
24.1 2
24.3 2
24.5 3
24.7 0
24.9 0
25.1 2
25.3 1
25.5 0
25.7 2
25.9 2
26.1 0
26.3 0
26.5 3
26.7 1
26.9 0
27.1 1
27.3 3
27.5 1
27.7 3
27.9 1
28.1 0
28.3 2
28.5 1
28.7 2
28.9 2
29.1 2
29.3 0
29.5 0
29.7 1
29.9 1
30.1 1
30.3 1
30.5 0
30.7 1
30.9 0
31.1 1
31.3 1
31.5 0
31.7 0
31.9 2
32.1 2
32.3 0
32.5 0
32.7 0
32.9 0
33.1 0
33.3 3
33.5 0
33.7 0
33.9 1
34.1 0
34.3 1
34.5 0
34.7 0
34.9 2
35.1 0
35.3 1
35.5 2
35.7 0
35.9 0
36.1 0
36.3 1
36.5 2
36.7 0
36.9 0
37.1 0
37.3 2
37.5 0
37.7 2
37.9 1
38.1 2
38.3 1
38.5 0
38.7 1
38.9 0
39.1 0
39.3 0
39.5 1
39.7 2
39.9 1
40.1 0
40.3 1
40.5 0
40.7 1
40.9 0
41.1 0
41.3 1
41.5 2
41.7 0
41.9 2
42.1 0
42.3 1
42.5 1
42.7 1
42.9 1
43.1 0
43.3 0
43.5 0
43.7 1
43.9 1
44.1 0
44.3 0
44.5 0
44.7 1
44.9 1
45.1 2
45.3 1
45.5 1
45.7 0
45.9 1
46.1 1
46.3 0
46.5 0
46.7 1
46.9 0
47.1 2
47.3 0
47.5 0
47.7 0
47.9 0
48.1 0
48.3 2
48.5 2
48.7 0
48.9 1
49.1 0
49.3 1
49.5 1
49.7 1
49.9 0
