700
0.001 0.00380268
0.002 0.00749974
0.003 0.0118306
0.004 0.0158445
0.005 0.0192247
0.006 0.0232386
0.007 0.0270413
0.008 0.0297877
0.009 0.0346467
0.01 0.0382381
0.011 0.0432027
0.012 0.0472166
0.013 0.0500687
0.014 0.0536601
0.015 0.0578853
0.016 0.0627443
0.017 0.0661244
0.018 0.0688708
0.019 0.0734129
0.02 0.0776381
0.021 0.0823915
0.022 0.0858773
0.023 0.09137
0.024 0.0955952
0.025 0.0989754
0.026 0.10225
0.027 0.105947
0.028 0.109222
0.029 0.113658
0.03 0.117883
0.031 0.121369
0.032 0.124432
0.033 0.127179
0.034 0.131298
0.035 0.13489
0.036 0.138375
0.037 0.141333
0.038 0.145453
0.039 0.148833
0.04 0.152741
0.041 0.155593
0.042 0.158339
0.043 0.161297
0.044 0.165839
0.045 0.169114
0.046 0.173339
0.047 0.176825
0.048 0.180205
0.049 0.184219
0.05 0.188867
0.051 0.192458
0.052 0.196683
0.053 0.200275
0.054 0.204605
0.055 0.208408
0.056 0.212528
0.057 0.216753
0.058 0.219394
0.059 0.222985
0.06 0.226577
0.061 0.22964
0.062 0.232809
0.063 0.237456
0.064 0.242315
0.065 0.245484
0.066 0.249604
0.067 0.253407
0.068 0.255625
0.069 0.258688
0.07 0.262385
0.071 0.266505
0.072 0.270202
0.073 0.274955
0.074 0.278863
0.075 0.284039
0.076 0.287631
0.077 0.29249
0.078 0.296081
0.079 0.299567
0.08 0.303158
0.081 0.306222
0.082 0.310658
0.083 0.314144
0.084 0.317102
0.085 0.320693
0.086 0.325024
0.087 0.32851
0.088 0.333157
0.089 0.337277
0.09 0.34203
0.091 0.345516
0.092 0.350164
0.093 0.354072
0.094 0.358614
0.095 0.362734
0.096 0.366536
0.097 0.370656
0.098 0.374142
0.099 0.379001
0.1 0.382487
0.101 0.386606
0.102 0.390514
0.103 0.394634
0.104 0.398437
0.105 0.402239
0.106 0.405091
0.107 0.409105
0.108 0.414176
0.109 0.417873
0.11 0.42157
0.111 0.426534
0.112 0.430759
0.113 0.434668
0.114 0.438893
0.115 0.443435
0.116 0.447132
0.117 0.45178
0.118 0.455794
0.119 0.46097
0.12 0.463927
0.121 0.468681
0.122 0.473434
0.123 0.47692
0.124 0.481251
0.125 0.486215
0.126 0.490335
0.127 0.494454
0.128 0.498574
0.129 0.502799
0.13 0.506179
0.131 0.509982
0.132 0.514207
0.133 0.518432
0.134 0.522446
0.135 0.527517
0.136 0.531002
0.137 0.534805
0.138 0.53903
0.139 0.543044
0.14 0.546636
0.141 0.550333
0.142 0.553185
0.143 0.556037
0.144 0.560051
0.145 0.564276
0.146 0.568607
0.147 0.572515
0.148 0.57674
0.149 0.58012
0.15 0.583289
0.151 0.588148
0.152 0.591845
0.153 0.595965
0.154 0.601035
0.155 0.605366
0.156 0.609063
0.157 0.612126
0.158 0.616352
0.159 0.620365
0.16 0.623957
0.161 0.626915
0.162 0.631668
0.163 0.635471
0.164 0.639485
0.165 0.643498
0.166 0.647512
0.167 0.652266
0.168 0.656808
0.169 0.659449
0.17 0.664096
0.171 0.667265
0.172 0.670645
0.173 0.675399
0.174 0.678673
0.175 0.682793
0.176 0.687124
0.177 0.690821
0.178 0.694307
0.179 0.698004
0.18 0.701489
0.181 0.705081
0.182 0.708883
0.183 0.71332
0.184 0.716806
0.185 0.720925
0.186 0.724305
0.187 0.728003
0.188 0.731171
0.189 0.735185
0.19 0.738671
0.191 0.741312
0.192 0.744481
0.193 0.748706
0.194 0.752826
0.195 0.756206
0.196 0.760325
0.197 0.763705
0.198 0.76698
0.199 0.769938
0.2 0.77279
0.201 0.775642
0.202 0.778282
0.203 0.781451
0.204 0.784832
0.205 0.789057
0.206 0.79212
0.207 0.794655
0.208 0.797296
0.209 0.80057
0.21 0.803317
0.211 0.807119
0.212 0.809443
0.213 0.812295
0.214 0.815675
0.215 0.819478
0.216 0.822647
0.217 0.825605
0.218 0.829619
0.219 0.833421
0.22 0.836062
0.221 0.839337
0.222 0.842506
0.223 0.844935
0.224 0.847259
0.225 0.849583
0.226 0.852646
0.227 0.85497
0.228 0.857082
0.229 0.859723
0.23 0.861625
0.231 0.86511
0.232 0.867857
0.233 0.869652
0.234 0.871237
0.235 0.874828
0.236 0.877575
0.237 0.879687
0.238 0.881272
0.239 0.883279
0.24 0.884969
0.241 0.886765
0.242 0.888772
0.243 0.890039
0.244 0.891518
0.245 0.894687
0.246 0.896483
0.247 0.897856
0.248 0.899335
0.249 0.900813
0.25 0.902715
0.251 0.904933
0.252 0.906412
0.253 0.90694
0.254 0.908419
0.255 0.910531
0.256 0.912221
0.257 0.912855
0.258 0.914968
0.259 0.91613
0.26 0.917503
0.261 0.919616
0.262 0.9212
0.263 0.922573
0.264 0.923524
0.265 0.925214
0.266 0.926059
0.267 0.927326
0.268 0.929122
0.269 0.929967
0.27 0.930707
0.271 0.93208
0.272 0.933242
0.273 0.934087
0.274 0.935566
0.275 0.936516
0.276 0.937678
0.277 0.938523
0.278 0.93958
0.279 0.940636
0.28 0.941481
0.281 0.943382
0.282 0.945072
0.283 0.945601
0.284 0.946868
0.285 0.947607
0.286 0.948453
0.287 0.949086
0.288 0.949931
0.289 0.951199
0.29 0.951833
0.291 0.952361
0.292 0.953206
0.293 0.954157
0.294 0.955107
0.295 0.955741
0.296 0.95648
0.297 0.957114
0.298 0.957537
0.299 0.958487
0.3 0.95891
0.301 0.959755
0.302 0.960389
0.303 0.961234
0.304 0.962079
0.305 0.962924
0.306 0.963769
0.307 0.96398
0.308 0.964508
0.309 0.964931
0.31 0.965248
0.311 0.965987
0.312 0.966515
0.313 0.967043
0.314 0.967572
0.315 0.968205
0.316 0.968733
0.317 0.969579
0.318 0.969895
0.319 0.970529
0.32 0.97074
0.321 0.971586
0.322 0.972008
0.323 0.972642
0.324 0.973276
0.325 0.973698
0.326 0.974226
0.327 0.974438
0.328 0.97486
0.329 0.975071
0.33 0.975599
0.331 0.976022
0.332 0.97655
0.333 0.976973
0.334 0.977501
0.335 0.977712
0.336 0.97824
0.337 0.97824
0.338 0.978346
0.339 0.978663
0.34 0.978874
0.341 0.979085
0.342 0.979191
0.343 0.979613
0.344 0.980036
0.345 0.980142
0.346 0.980564
0.347 0.980881
0.348 0.980881
0.349 0.981303
0.35 0.982043
0.351 0.98236
0.352 0.982571
0.353 0.983205
0.354 0.983416
0.355 0.983522
0.356 0.983839
0.357 0.984155
0.358 0.984472
0.359 0.984472
0.36 0.984895
0.361 0.985106
0.362 0.985106
0.363 0.985317
0.364 0.985529
0.365 0.985634
0.366 0.985846
0.367 0.986057
0.368 0.986268
0.369 0.986585
0.37 0.986796
0.371 0.986902
0.372 0.987113
0.373 0.987113
0.374 0.987113
0.375 0.987219
0.376 0.987536
0.377 0.987641
0.378 0.987853
0.379 0.988169
0.38 0.988486
0.381 0.988698
0.382 0.988909
0.383 0.989014
0.384 0.989331
0.385 0.989437
0.386 0.989965
0.387 0.990176
0.388 0.990282
0.389 0.990282
0.39 0.990493
0.391 0.990599
0.392 0.991021
0.393 0.991233
0.394 0.991444
0.395 0.991655
0.396 0.991866
0.397 0.992078
0.398 0.992078
0.399 0.992183
0.4 0.992395
0.401 0.9925
0.402 0.992606
0.403 0.992817
0.404 0.992923
0.405 0.992923
0.406 0.992923
0.407 0.993134
0.408 0.993134
0.409 0.99324
0.41 0.993451
0.411 0.993662
0.412 0.993662
0.413 0.993662
0.414 0.993768
0.415 0.993768
0.416 0.993768
0.417 0.993979
0.418 0.993979
0.419 0.993979
0.42 0.993979
0.421 0.993979
0.422 0.994085
0.423 0.994085
0.424 0.994085
0.425 0.99419
0.426 0.99419
0.427 0.994402
0.428 0.994507
0.429 0.994507
0.43 0.994718
0.431 0.994718
0.432 0.994718
0.433 0.994718
0.434 0.994718
0.435 0.995035
0.436 0.995352
0.437 0.995458
0.438 0.995458
0.439 0.995564
0.44 0.995669
0.441 0.995669
0.442 0.995669
0.443 0.99588
0.444 0.99588
0.445 0.99588
0.446 0.995986
0.447 0.996092
0.448 0.996092
0.449 0.996092
0.45 0.996092
0.451 0.996197
0.452 0.996303
0.453 0.996409
0.454 0.996409
0.455 0.996409
0.456 0.996514
0.457 0.996514
0.458 0.996514
0.459 0.996514
0.46 0.996514
0.461 0.996514
0.462 0.99662
0.463 0.996725
0.464 0.996725
0.465 0.996725
0.466 0.996725
0.467 0.996725
0.468 0.996831
0.469 0.996831
0.47 0.996831
0.471 0.996831
0.472 0.996831
0.473 0.996937
0.474 0.997148
0.475 0.997148
0.476 0.997148
0.477 0.997148
0.478 0.997148
0.479 0.997148
0.48 0.997148
0.481 0.997148
0.482 0.997254
0.483 0.997254
0.484 0.997254
0.485 0.997359
0.486 0.997465
0.487 0.997571
0.488 0.997676
0.489 0.997676
0.49 0.997676
0.491 0.997782
0.492 0.997782
0.493 0.997782
0.494 0.997782
0.495 0.997782
0.496 0.997887
0.497 0.997887
0.498 0.997887
0.499 0.997993
0.5 0.998204
0.501 0.998204
0.502 0.998204
0.503 0.998204
0.504 0.998204
0.505 0.998204
0.506 0.99831
0.507 0.99831
0.508 0.99831
0.509 0.99831
0.51 0.99831
0.511 0.99831
0.512 0.99831
0.513 0.99831
0.514 0.99831
0.515 0.99831
0.516 0.99831
0.517 0.99831
0.518 0.998416
0.519 0.998521
0.52 0.998521
0.521 0.998521
0.522 0.998521
0.523 0.998521
0.524 0.998521
0.525 0.998521
0.526 0.998521
0.527 0.998521
0.528 0.998521
0.529 0.998521
0.53 0.998521
0.531 0.998521
0.532 0.998521
0.533 0.998521
0.534 0.998521
0.535 0.998627
0.536 0.998627
0.537 0.998627
0.538 0.998627
0.539 0.998627
0.54 0.998627
0.541 0.998732
0.542 0.998732
0.543 0.998732
0.544 0.998732
0.545 0.998732
0.546 0.998732
0.547 0.998732
0.548 0.998732
0.549 0.998732
0.55 0.998732
0.551 0.998732
0.552 0.998732
0.553 0.998732
0.554 0.998838
0.555 0.998944
0.556 0.998944
0.557 0.998944
0.558 0.998944
0.559 0.998944
0.56 0.998944
0.561 0.998944
0.562 0.998944
0.563 0.998944
0.564 0.998944
0.565 0.998944
0.566 0.999049
0.567 0.999049
0.568 0.999049
0.569 0.999049
0.57 0.999049
0.571 0.999049
0.572 0.999049
0.573 0.999049
0.574 0.999049
0.575 0.999049
0.576 0.999049
0.577 0.999049
0.578 0.999049
0.579 0.999049
0.58 0.999155
0.581 0.999155
0.582 0.999155
0.583 0.999155
0.584 0.999366
0.585 0.999366
0.586 0.999366
0.587 0.999366
0.588 0.999366
0.589 0.999366
0.59 0.999366
0.591 0.999472
0.592 0.999472
0.593 0.999472
0.594 0.999472
0.595 0.999472
0.596 0.999472
0.597 0.999472
0.598 0.999472
0.599 0.999472
0.6 0.999472
0.601 0.999472
0.602 0.999472
0.603 0.999472
0.604 0.999472
0.605 0.999472
0.606 0.999472
0.607 0.999472
0.608 0.999472
0.609 0.999472
0.61 0.999472
0.611 0.999472
0.612 0.999472
0.613 0.999472
0.614 0.999472
0.615 0.999472
0.616 0.999472
0.617 0.999472
0.618 0.999472
0.619 0.999472
0.62 0.999577
0.621 0.999577
0.622 0.999577
0.623 0.999577
0.624 0.999577
0.625 0.999577
0.626 0.999577
0.627 0.999577
0.628 0.999577
0.629 0.999577
0.63 0.999577
0.631 0.999577
0.632 0.999577
0.633 0.999577
0.634 0.999577
0.635 0.999577
0.636 0.999577
0.637 0.999577
0.638 0.999577
0.639 0.999577
0.64 0.999577
0.641 0.999577
0.642 0.999577
0.643 0.999577
0.644 0.999577
0.645 0.999577
0.646 0.999577
0.647 0.999577
0.648 0.999577
0.649 0.999577
0.65 0.999577
0.651 0.999577
0.652 0.999577
0.653 0.999577
0.654 0.999577
0.655 0.999577
0.656 0.999577
0.657 0.999577
0.658 0.999683
0.659 0.999683
0.66 0.999683
0.661 0.999683
0.662 0.999683
0.663 0.999683
0.664 0.999683
0.665 0.999683
0.666 0.999683
0.667 0.999683
0.668 0.999683
0.669 0.999683
0.67 0.999683
0.671 0.999683
0.672 0.999683
0.673 0.999683
0.674 0.999683
0.675 0.999683
0.676 0.999789
0.677 0.999789
0.678 0.999789
0.679 0.999789
0.68 0.999789
0.681 0.999894
0.682 0.999894
0.683 0.999894
0.684 0.999894
0.685 0.999894
0.686 0.999894
0.687 0.999894
0.688 0.999894
0.689 0.999894
0.69 0.999894
0.691 1
0.692 1
0.693 1
0.694 1
0.695 1
0.696 1
0.697 1
0.698 1
0.699 1
0.7 1
