995
-98.9 0.000225683
-98.7 0.000225683
-98.5 0.000225683
-98.3 0.000225683
-98.1 0.000225683
-97.9 0.000225683
-97.7 0.000677048
-97.5 0.000902731
-97.3 0.000902731
-97.1 0.00112841
-96.9 0.00112841
-96.7 0.00112841
-96.5 0.0013541
-96.3 0.0013541
-96.1 0.0013541
-95.9 0.0013541
-95.7 0.0013541
-95.5 0.00157978
-95.3 0.00157978
-95.1 0.00157978
-94.9 0.00180546
-94.7 0.00180546
-94.5 0.00180546
-94.3 0.00180546
-94.1 0.00180546
-93.9 0.00180546
-93.7 0.00203114
-93.5 0.00203114
-93.3 0.00203114
-93.1 0.00203114
-92.9 0.00203114
-92.7 0.00203114
-92.5 0.00203114
-92.3 0.00203114
-92.1 0.00203114
-91.9 0.00203114
-91.7 0.00225683
-91.5 0.00225683
-91.3 0.00225683
-91.1 0.00248251
-90.9 0.00248251
-90.7 0.00248251
-90.5 0.00248251
-90.3 0.00270819
-90.1 0.00270819
-89.9 0.00270819
-89.7 0.00270819
-89.5 0.00293387
-89.3 0.00315956
-89.1 0.00315956
-88.9 0.00315956
-88.7 0.00315956
-88.5 0.00315956
-88.3 0.00338524
-88.1 0.00338524
-87.9 0.00338524
-87.7 0.00338524
-87.5 0.00338524
-87.3 0.00338524
-87.1 0.00338524
-86.9 0.00338524
-86.7 0.00338524
-86.5 0.00338524
-86.3 0.00338524
-86.1 0.00338524
-85.9 0.00338524
-85.7 0.00338524
-85.5 0.00338524
-85.3 0.00338524
-85.1 0.00338524
-84.9 0.00338524
-84.7 0.00338524
-84.5 0.00338524
-84.3 0.00338524
-84.1 0.00338524
-83.9 0.00338524
-83.7 0.00338524
-83.5 0.00338524
-83.3 0.00338524
-83.1 0.00338524
-82.9 0.00361092
-82.7 0.00383661
-82.5 0.00383661
-82.3 0.00383661
-82.1 0.00383661
-81.9 0.00383661
-81.7 0.00383661
-81.5 0.00383661
-81.3 0.00383661
-81.1 0.00383661
-80.9 0.00383661
-80.7 0.00383661
-80.5 0.00383661
-80.3 0.00383661
-80.1 0.00383661
-79.9 0.00383661
-79.7 0.00406229
-79.5 0.00406229
-79.3 0.00428797
-79.1 0.00428797
-78.9 0.00428797
-78.7 0.00428797
-78.5 0.00428797
-78.3 0.00428797
-78.1 0.00428797
-77.9 0.00428797
-77.7 0.00428797
-77.5 0.00428797
-77.3 0.00451365
-77.1 0.00451365
-76.9 0.00451365
-76.7 0.00451365
-76.5 0.00451365
-76.3 0.00451365
-76.1 0.00451365
-75.9 0.00451365
-75.7 0.00473934
-75.5 0.00473934
-75.3 0.00473934
-75.1 0.00473934
-74.9 0.00473934
-74.7 0.00473934
-74.5 0.00496502
-74.3 0.00496502
-74.1 0.00496502
-73.9 0.00496502
-73.7 0.00496502
-73.5 0.00541638
-73.3 0.00541638
-73.1 0.00541638
-72.9 0.00541638
-72.7 0.00564207
-72.5 0.00586775
-72.3 0.00586775
-72.1 0.00586775
-71.9 0.00586775
-71.7 0.00609343
-71.5 0.00609343
-71.3 0.00609343
-71.1 0.00609343
-70.9 0.00631912
-70.7 0.00631912
-70.5 0.00631912
-70.3 0.0065448
-70.1 0.00677048
-69.9 0.00677048
-69.7 0.00677048
-69.5 0.00677048
-69.3 0.00677048
-69.1 0.00677048
-68.9 0.00699616
-68.7 0.00699616
-68.5 0.00699616
-68.3 0.00699616
-68.1 0.00699616
-67.9 0.00722185
-67.7 0.00744753
-67.5 0.00744753
-67.3 0.00744753
-67.1 0.00744753
-66.9 0.00744753
-66.7 0.00744753
-66.5 0.00744753
-66.3 0.00767321
-66.1 0.00767321
-65.9 0.00767321
-65.7 0.00812458
-65.5 0.00812458
-65.3 0.00812458
-65.1 0.00835026
-64.9 0.00835026
-64.7 0.00835026
-64.5 0.00857594
-64.3 0.00857594
-64.1 0.00880162
-63.9 0.00902731
-63.7 0.00947867
-63.5 0.00947867
-63.3 0.00947867
-63.1 0.00970436
-62.9 0.00970436
-62.7 0.00970436
-62.5 0.00970436
-62.3 0.00970436
-62.1 0.00970436
-61.9 0.00993004
-61.7 0.00993004
-61.5 0.0101557
-61.3 0.0101557
-61.1 0.0103814
-60.9 0.0106071
-60.7 0.0106071
-60.5 0.0106071
-60.3 0.0106071
-60.1 0.0106071
-59.9 0.0106071
-59.7 0.0108328
-59.5 0.0108328
-59.3 0.0108328
-59.1 0.0110585
-58.9 0.0110585
-58.7 0.0112841
-58.5 0.0115098
-58.3 0.0117355
-58.1 0.0117355
-57.9 0.0117355
-57.7 0.0117355
-57.5 0.0117355
-57.3 0.0119612
-57.1 0.0121869
-56.9 0.0121869
-56.7 0.0121869
-56.5 0.0121869
-56.3 0.0121869
-56.1 0.0121869
-55.9 0.0121869
-55.7 0.0121869
-55.5 0.0121869
-55.3 0.0121869
-55.1 0.0124125
-54.9 0.0124125
-54.7 0.0128639
-54.5 0.0128639
-54.3 0.0130896
-54.1 0.0133153
-53.9 0.013541
-53.7 0.013541
-53.5 0.013541
-53.3 0.013541
-53.1 0.013541
-52.9 0.0139923
-52.7 0.014218
-52.5 0.0144437
-52.3 0.0144437
-52.1 0.0144437
-51.9 0.0144437
-51.7 0.0144437
-51.5 0.0144437
-51.3 0.0144437
-51.1 0.0144437
-50.9 0.0146694
-50.7 0.0148951
-50.5 0.0148951
-50.3 0.0148951
-50.1 0.0148951
-49.9 0.0148951
-49.7 0.0153464
-49.5 0.0153464
-49.3 0.0155721
-49.1 0.0157978
-48.9 0.0160235
-48.7 0.0160235
-48.5 0.0162492
-48.3 0.0162492
-48.1 0.0164748
-47.9 0.0164748
-47.7 0.0171519
-47.5 0.0171519
-47.3 0.0171519
-47.1 0.0171519
-46.9 0.0171519
-46.7 0.0173776
-46.5 0.0176032
-46.3 0.0176032
-46.1 0.0176032
-45.9 0.0180546
-45.7 0.0180546
-45.5 0.0180546
-45.3 0.0180546
-45.1 0.0182803
-44.9 0.0182803
-44.7 0.018506
-44.5 0.0189573
-44.3 0.019183
-44.1 0.0198601
-43.9 0.0198601
-43.7 0.0205371
-43.5 0.0205371
-43.3 0.0207628
-43.1 0.0209885
-42.9 0.0216655
-42.7 0.0221169
-42.5 0.0221169
-42.3 0.0223426
-42.1 0.0223426
-41.9 0.0223426
-41.7 0.0223426
-41.5 0.0223426
-41.3 0.022794
-41.1 0.0230196
-40.9 0.0230196
-40.7 0.0232453
-40.5 0.0232453
-40.3 0.0232453
-40.1 0.0239224
-39.9 0.0243737
-39.7 0.0243737
-39.5 0.0248251
-39.3 0.0250508
-39.1 0.0250508
-38.9 0.0252765
-38.7 0.0252765
-38.5 0.0252765
-38.3 0.0255021
-38.1 0.0266306
-37.9 0.0270819
-37.7 0.0275333
-37.5 0.0279847
-37.3 0.0279847
-37.1 0.0286617
-36.9 0.0291131
-36.7 0.0295644
-36.5 0.0302415
-36.3 0.0304672
-36.1 0.0304672
-35.9 0.0313699
-35.7 0.0322726
-35.5 0.0324983
-35.3 0.0331754
-35.1 0.0331754
-34.9 0.033401
-34.7 0.033401
-34.5 0.0340781
-34.3 0.0354322
-34.1 0.0356579
-33.9 0.0361092
-33.7 0.0367863
-33.5 0.0374633
-33.3 0.037689
-33.1 0.0379147
-32.9 0.0383661
-32.7 0.0385917
-32.5 0.0390431
-32.3 0.0392688
-32.1 0.0399458
-31.9 0.0403972
-31.7 0.0412999
-31.5 0.041977
-31.3 0.042654
-31.1 0.0446852
-30.9 0.046265
-30.7 0.0478447
-30.5 0.0489731
-30.3 0.0501016
-30.1 0.0510043
-29.9 0.0514557
-29.7 0.0521327
-29.5 0.0532611
-29.3 0.0539382
-29.1 0.0548409
-28.9 0.056195
-28.7 0.0566464
-28.5 0.0577748
-28.3 0.0589032
-28.1 0.0600316
-27.9 0.0618371
-27.7 0.0627398
-27.5 0.0638682
-27.3 0.0645452
-27.1 0.0658993
-26.9 0.0670278
-26.7 0.0686075
-26.5 0.069736
-26.3 0.0715414
-26.1 0.0722185
-25.9 0.0737982
-25.7 0.0751523
-25.5 0.0760551
-25.3 0.0769578
-25.1 0.0785376
-24.9 0.0789889
-24.7 0.0814715
-24.5 0.0825999
-24.3 0.0850824
-24.1 0.0866622
-23.9 0.0880162
-23.7 0.0918529
-23.5 0.0941097
-23.3 0.0952381
-23.1 0.0970436
-22.9 0.098172
-22.7 0.100429
-22.5 0.101106
-22.3 0.102686
-22.1 0.104265
-21.9 0.106974
-21.7 0.107425
-21.5 0.110359
-21.3 0.113744
-21.1 0.115098
-20.9 0.116452
-20.7 0.118258
-20.5 0.121192
-20.3 0.122997
-20.1 0.125254
-19.9 0.12909
-19.7 0.13225
-19.5 0.135184
-19.3 0.136764
-19.1 0.139472
-18.9 0.14218
-18.7 0.144888
-18.5 0.147371
-18.3 0.149176
-18.1 0.151659
-17.9 0.154593
-17.7 0.157075
-17.5 0.160235
-17.3 0.163846
-17.1 0.166554
-16.9 0.169262
-16.7 0.174678
-16.5 0.177838
-16.3 0.181223
-16.1 0.185963
-15.9 0.190476
-15.7 0.192959
-15.5 0.195667
-15.3 0.198601
-15.1 0.202212
-14.9 0.206274
-14.7 0.209208
-14.5 0.212142
-14.3 0.214173
-14.1 0.218009
-13.9 0.220266
-13.7 0.222072
-13.5 0.225457
-13.3 0.227262
-13.1 0.23155
-12.9 0.234033
-12.7 0.23629
-12.5 0.239224
-12.3 0.24148
-12.1 0.243963
-11.9 0.246671
-11.7 0.249605
-11.5 0.254119
-11.3 0.25773
-11.1 0.260438
-10.9 0.263597
-10.7 0.26608
-10.5 0.269014
-10.3 0.27285
-10.1 0.275333
-9.9 0.278041
-9.7 0.280298
-9.5 0.282103
-9.3 0.285263
-9.1 0.290228
-8.9 0.29271
-8.7 0.295193
-8.5 0.299707
-8.3 0.304672
-8.1 0.307606
-7.9 0.311442
-7.7 0.31415
-7.5 0.31731
-7.3 0.318213
-7.1 0.320469
-6.9 0.323178
-6.7 0.326111
-6.5 0.32882
-6.3 0.331754
-6.1 0.333333
-5.9 0.335364
-5.7 0.338975
-5.5 0.340781
-5.3 0.343715
-5.1 0.345295
-4.9 0.347326
-4.7 0.350034
-4.5 0.352516
-4.3 0.354773
-4.1 0.357707
-3.9 0.361544
-3.7 0.363575
-3.5 0.365832
-3.3 0.368088
-3.1 0.370571
-2.9 0.373731
-2.7 0.376213
-2.5 0.379598
-2.3 0.381629
-2.1 0.382984
-1.9 0.38524
-1.7 0.387271
-1.5 0.387723
-1.3 0.38998
-1.1 0.392914
-0.900002 0.396524
-0.700002 0.399684
-0.500002 0.401941
-0.300002 0.403746
-0.100002 0.405777
0.0999985 0.408486
0.299998 0.412097
0.499998 0.413902
0.699998 0.41503
0.899998 0.418416
1.1 0.420447
1.3 0.422929
1.5 0.424961
1.7 0.426089
1.9 0.428797
2.1 0.430603
2.3 0.433311
2.5 0.434439
2.7 0.436019
2.9 0.438276
3.1 0.441435
3.3 0.443466
3.5 0.4464
3.7 0.447303
3.9 0.450011
4.1 0.452494
4.3 0.454074
4.5 0.455879
4.7 0.458587
4.9 0.461295
5.1 0.464906
5.3 0.467389
5.5 0.46942
5.7 0.472128
5.9 0.473934
6.1 0.475513
6.3 0.478447
6.5 0.480478
6.7 0.482961
6.9 0.486346
7.1 0.488603
7.3 0.491086
7.5 0.494019
7.7 0.495825
7.9 0.497179
8.1 0.499436
8.3 0.501918
8.5 0.503724
8.7 0.505755
8.9 0.508237
9.1 0.510946
9.3 0.514105
9.5 0.515685
9.7 0.51749
9.9 0.51907
10.1 0.52223
10.3 0.524487
10.5 0.525615
10.7 0.527646
10.9 0.529677
11.1 0.532385
11.3 0.534642
11.5 0.536448
11.7 0.538705
11.9 0.540736
12.1 0.542993
12.3 0.546152
12.5 0.547055
12.7 0.549537
12.9 0.552471
13.1 0.554277
13.3 0.555405
13.5 0.556759
13.7 0.55879
13.9 0.559693
14.1 0.561047
14.3 0.563304
14.5 0.566012
14.7 0.567592
14.9 0.569623
15.1 0.572106
15.3 0.574137
15.5 0.575039
15.7 0.575717
15.9 0.57865
16.1 0.580456
16.3 0.582713
16.5 0.58497
16.7 0.587903
16.9 0.589258
17.1 0.59016
17.3 0.592643
17.5 0.594448
17.7 0.597156
17.9 0.599188
18.1 0.600993
18.3 0.603476
18.5 0.60483
18.7 0.605732
18.9 0.607538
19.1 0.608666
19.3 0.611374
19.5 0.612729
19.7 0.613857
19.9 0.616114
20.1 0.616565
20.3 0.618145
20.5 0.620176
20.7 0.622659
20.9 0.62469
21.1 0.626044
21.3 0.627849
21.5 0.629429
21.7 0.631912
21.9 0.633491
22.1 0.6362
22.3 0.638682
22.5 0.641165
22.7 0.642519
22.9 0.644324
23.1 0.646581
23.3 0.649289
23.5 0.65132
23.7 0.652674
23.9 0.654931
24.1 0.65606
24.3 0.657639
24.5 0.658542
24.7 0.659671
24.9 0.662379
25.1 0.664184
25.3 0.666667
25.5 0.668246
25.7 0.669149
25.9 0.670729
26.1 0.671857
26.3 0.673211
26.5 0.675694
26.7 0.678176
26.9 0.679756
27.1 0.681336
27.3 0.682239
27.5 0.684044
27.7 0.686075
27.9 0.687881
28.1 0.690589
28.3 0.692169
28.5 0.693974
28.7 0.694651
28.9 0.697134
29.1 0.698714
29.3 0.700745
29.5 0.703227
29.7 0.704581
29.9 0.706161
30.1 0.70729
30.3 0.709772
30.5 0.711803
30.7 0.712255
30.9 0.714286
31.1 0.715414
31.3 0.715865
31.5 0.718799
31.7 0.720831
31.9 0.72241
32.1 0.724441
32.3 0.726698
32.5 0.728052
32.7 0.729406
32.9 0.730309
33.1 0.732115
33.3 0.734371
33.5 0.735951
33.7 0.739562
33.9 0.741142
34.1 0.742722
34.3 0.744979
34.5 0.746558
34.7 0.749267
34.9 0.750846
35.1 0.7522
35.3 0.753555
35.5 0.754909
35.7 0.755811
35.9 0.756488
36.1 0.759197
36.3 0.761002
36.5 0.762582
36.7 0.764613
36.9 0.765741
37.1 0.76687
37.3 0.76845
37.5 0.769352
37.7 0.769578
37.9 0.771383
38.1 0.773189
38.3 0.773866
38.5 0.774994
38.7 0.776574
38.9 0.77838
39.1 0.780636
39.3 0.781313
39.5 0.782442
39.7 0.783119
39.9 0.784022
40.1 0.786053
40.3 0.788535
40.5 0.789889
40.7 0.791695
40.9 0.792372
41.1 0.794177
41.3 0.796209
41.5 0.796886
41.7 0.798465
41.9 0.800722
42.1 0.802528
42.3 0.803882
42.5 0.80501
42.7 0.806364
42.9 0.807493
43.1 0.809524
43.3 0.810427
43.5 0.811781
43.7 0.81336
43.9 0.81494
44.1 0.81652
44.3 0.817423
44.5 0.819228
44.7 0.820582
44.9 0.822388
45.1 0.82329
45.3 0.824419
45.5 0.825773
45.7 0.827353
45.9 0.828481
46.1 0.829835
46.3 0.830964
46.5 0.831866
46.7 0.833672
46.9 0.835929
47.1 0.838186
47.3 0.83954
47.5 0.840668
47.7 0.840894
47.9 0.842925
48.1 0.84473
48.3 0.845407
48.5 0.846084
48.7 0.847664
48.9 0.849018
49.1 0.850147
49.3 0.851049
49.5 0.852178
49.7 0.853306
49.9 0.854209
50.1 0.855563
50.3 0.856917
50.5 0.85782
50.7 0.858497
50.9 0.8594
51.1 0.860754
51.3 0.861882
51.5 0.863462
51.7 0.863913
51.9 0.865042
52.1 0.865719
52.3 0.866847
52.5 0.86775
52.7 0.869555
52.9 0.870232
53.1 0.871587
53.3 0.872941
53.5 0.874295
53.7 0.875649
53.9 0.876552
54.1 0.87768
54.3 0.878131
54.5 0.878808
54.7 0.879711
54.9 0.881065
55.1 0.881517
55.3 0.883096
55.5 0.884225
55.7 0.884902
55.9 0.886256
56.1 0.886933
56.3 0.887836
56.5 0.888287
56.7 0.889867
56.9 0.890995
57.1 0.891898
57.3 0.892801
57.5 0.893478
57.7 0.895058
57.9 0.895509
58.1 0.896637
58.3 0.897314
58.5 0.898217
58.7 0.89912
58.9 0.899571
59.1 0.900474
59.3 0.901151
59.5 0.902279
59.7 0.902505
59.9 0.903408
60.1 0.903859
60.3 0.904988
60.5 0.905213
60.7 0.90589
60.9 0.906793
61.1 0.90747
61.3 0.908373
61.5 0.909501
61.7 0.91063
61.9 0.911532
62.1 0.912886
62.3 0.913789
62.5 0.914241
62.7 0.915369
62.9 0.9174
63.1 0.918303
63.3 0.91898
63.5 0.919883
63.7 0.920785
63.9 0.921688
64.1 0.922365
64.3 0.922591
64.5 0.923268
64.7 0.923719
64.9 0.924171
65.1 0.925073
65.3 0.925525
65.5 0.925976
65.7 0.92733
65.9 0.928233
66.1 0.928459
66.3 0.929136
66.5 0.929587
66.7 0.93049
66.9 0.930941
67.1 0.931392
67.3 0.932747
67.5 0.933424
67.7 0.934326
67.9 0.934552
68.1 0.935229
68.3 0.935906
68.5 0.936583
68.7 0.937486
68.9 0.938163
69.1 0.938389
69.3 0.939517
69.5 0.939968
69.7 0.94042
69.9 0.941097
70.1 0.941548
70.3 0.941774
70.5 0.942
70.7 0.942451
70.9 0.943579
71.1 0.944933
71.3 0.94561
71.5 0.946513
71.7 0.946965
71.9 0.948544
72.1 0.949221
72.3 0.949447
72.5 0.949898
72.7 0.950575
72.9 0.951027
73.1 0.951478
73.3 0.951704
73.5 0.95193
73.7 0.952607
73.9 0.953058
74.1 0.953735
74.3 0.954412
74.5 0.954863
74.7 0.955541
74.9 0.955992
75.1 0.956895
75.3 0.957346
75.5 0.959603
75.7 0.959828
75.9 0.959828
76.1 0.959828
76.3 0.960506
76.5 0.961408
76.7 0.961634
76.9 0.962085
77.1 0.962311
77.3 0.962762
77.5 0.963439
77.7 0.963891
77.9 0.964342
78.1 0.964794
78.3 0.965019
78.5 0.966825
78.7 0.96705
78.9 0.967953
79.1 0.967953
79.3 0.968856
79.5 0.969533
79.7 0.969759
79.9 0.969759
80.1 0.970887
80.3 0.971564
80.5 0.972241
80.7 0.972692
80.9 0.973595
81.1 0.973821
81.3 0.974272
81.5 0.974498
81.7 0.974498
81.9 0.974498
82.1 0.974724
82.3 0.974949
82.5 0.975401
82.7 0.976078
82.9 0.976303
83.1 0.976303
83.3 0.976529
83.5 0.976755
83.7 0.977432
83.9 0.977657
84.1 0.977883
84.3 0.977883
84.5 0.978109
84.7 0.978786
84.9 0.978786
85.1 0.979012
85.3 0.979237
85.5 0.979914
85.7 0.98014
85.9 0.980591
86.1 0.981043
86.3 0.981268
86.5 0.98172
86.7 0.98172
86.9 0.981945
87.1 0.982171
87.3 0.982848
87.5 0.983299
87.7 0.983977
87.9 0.984202
88.1 0.984428
88.3 0.984654
88.5 0.984879
88.7 0.985782
88.9 0.986008
89.1 0.986233
89.3 0.986459
89.5 0.98691
89.7 0.987136
89.9 0.987813
90.1 0.988265
90.3 0.989393
90.5 0.989619
90.7 0.989844
90.9 0.989844
91.1 0.990747
91.3 0.991424
91.5 0.991424
91.7 0.991424
91.9 0.991424
92.1 0.991875
92.3 0.991875
92.5 0.991875
92.7 0.992327
92.9 0.992552
93.1 0.992778
93.3 0.99323
93.5 0.993455
93.7 0.993907
93.9 0.994132
94.1 0.994358
94.3 0.994584
94.5 0.994809
94.7 0.995261
94.9 0.995486
95.1 0.995486
95.3 0.995486
95.5 0.995712
95.7 0.995938
95.9 0.995938
96.1 0.996163
96.3 0.996163
96.5 0.996389
96.7 0.996615
96.9 0.996615
97.1 0.99684
97.3 0.997292
97.5 0.997292
97.7 0.997292
97.9 0.997292
98.1 0.997292
98.3 0.997292
98.5 0.997517
98.7 0.997969
98.9 0.997969
99.1 0.99842
99.3 0.998872
99.5 0.999549
99.7 0.999774
99.9 1
