-59.9 0
-59.7 0
-59.5 0
-59.3 0
-59.1 0
-58.9 0
-58.7 0
-58.5 0
-58.3 0
-58.1 0
-57.9 1
-57.7 0
-57.5 0
-57.3 0
-57.1 0
-56.9 0
-56.7 0
-56.5 0
-56.3 0
-56.1 1
-55.9 0
-55.7 0
-55.5 1
-55.3 0
-55.1 0
-54.9 0
-54.7 0
-54.5 0
-54.3 1
-54.1 0
-53.9 0
-53.7 1
-53.5 0
-53.3 0
-53.1 0
-52.9 0
-52.7 1
-52.5 1
-52.3 1
-52.1 0
-51.9 0
-51.7 0
-51.5 1
-51.3 2
-51.1 2
-50.9 2
-50.7 3
-50.5 1
-50.3 0
-50.1 4
-49.9 7
-49.7 8
-49.5 9
-49.3 20
-49.1 18
-48.9 29
-48.7 79
-48.5 112
-48.3 141
-48.1 238
-47.9 352
-47.7 459
-47.5 596
-47.3 728
-47.1 744
-46.9 909
-46.7 885
-46.5 969
-46.3 1032
-46.1 1011
-45.9 1006
-45.7 1003
-45.5 1004
-45.3 1043
-45.1 993
-44.9 1126
-44.7 1191
-44.5 1233
-44.3 1278
-44.1 1437
-43.9 1602
-43.7 1633
-43.5 1864
-43.3 1907
-43.1 2075
-42.9 2207
-42.7 2429
-42.5 2532
-42.3 2575
-42.1 2894
-41.9 2968
-41.7 3068
-41.5 3206
-41.3 3328
-41.1 3374
-40.9 3554
-40.7 3474
-40.5 3565
-40.3 3703
-40.1 3606
-39.9 3814
-39.7 3759
-39.5 3897
-39.3 3846
-39.1 3852
-38.9 3830
-38.7 3787
-38.5 3786
-38.3 3812
-38.1 3849
-37.9 3980
-37.7 3869
-37.5 3846
-37.3 3841
-37.1 3797
-36.9 3701
-36.7 3757
-36.5 3734
-36.3 3778
-36.1 3627
-35.9 3566
-35.7 3688
-35.5 3641
-35.3 3696
-35.1 3682
-34.9 3630
-34.7 3722
-34.5 3576
-34.3 3703
-34.1 3520
-33.9 3624
-33.7 3637
-33.5 3508
-33.3 3585
-33.1 3581
-32.9 3564
-32.7 3629
-32.5 3686
-32.3 3601
-32.1 3578
-31.9 3548
-31.7 3591
-31.5 3535
-31.3 3562
-31.1 3619
-30.9 3587
-30.7 3442
-30.5 3430
-30.3 3546
-30.1 3446
-29.9 3450
-29.7 3546
-29.5 3426
-29.3 3466
-29.1 3369
-28.9 3357
-28.7 3339
-28.5 3264
-28.3 3269
-28.1 3165
-27.9 3156
-27.7 3232
-27.5 3153
-27.3 3031
-27.1 2886
-26.9 2963
-26.7 2919
-26.5 2882
-26.3 2893
-26.1 2766
-25.9 2729
-25.7 2620
-25.5 2557
-25.3 2503
-25.1 2412
-24.9 2272
-24.7 2245
-24.5 2191
-24.3 2144
-24.1 1970
-23.9 1962
-23.7 1788
-23.5 1780
-23.3 1792
-23.1 1617
-22.9 1512
-22.7 1438
-22.5 1427
-22.3 1250
-22.1 1260
-21.9 1203
-21.7 1117
-21.5 1003
-21.3 974
-21.1 915
-20.9 867
-20.7 749
-20.5 782
-20.3 726
-20.1 679
-19.9 659
-19.7 550
-19.5 531
-19.3 492
-19.1 502
-18.9 414
-18.7 383
-18.5 384
-18.3 381
-18.1 350
-17.9 319
-17.7 301
-17.5 284
-17.3 245
-17.1 238
-16.9 230
-16.7 182
-16.5 206
-16.3 195
-16.1 176
-15.9 143
-15.7 114
-15.5 124
-15.3 100
-15.1 121
-14.9 107
-14.7 94
-14.5 84
-14.3 73
-14.1 71
-13.9 59
-13.7 62
-13.5 58
-13.3 42
-13.1 44
-12.9 49
-12.7 36
-12.5 40
-12.3 27
-12.1 25
-11.9 20
-11.7 19
-11.5 21
-11.3 24
-11.1 11
-10.9 10
-10.7 14
-10.5 15
-10.3 10
-10.1 6
-9.9 9
-9.7 4
-9.5 6
-9.3 5
-9.1 1
-8.9 3
-8.7 0
-8.5 2
-8.3 1
-8.1 1
-7.9 1
-7.7 0
-7.5 1
-7.3 0
-7.1 1
-6.9 0
-6.7 1
-6.5 2
-6.3 3
-6.1 1
-5.9 2
-5.7 1
-5.5 1
-5.3 0
-5.1 0
-4.9 1
-4.7 2
-4.5 1
-4.3 1
-4.1 1
-3.9 0
-3.7 1
-3.5 0
-3.3 0
-3.1 1
-2.9 0
-2.7 0
-2.5 1
-2.3 3
-2.1 0
-1.9 0
-1.7 1
-1.5 1
-1.3 1
-1.1 1
-0.9 0
-0.7 0
-0.5 0
-0.3 2
-0.1 0
