-499.9 0
-499.7 0
-499.5 0
-499.3 0
-499.1 0
-498.9 0
-498.7 0
-498.5 0
-498.3 1
-498.1 1
-497.9 0
-497.7 0
-497.5 0
-497.3 0
-497.1 0
-496.9 0
-496.7 0
-496.5 0
-496.3 0
-496.1 0
-495.9 0
-495.7 0
-495.5 0
-495.3 0
-495.1 0
-494.9 0
-494.7 0
-494.5 0
-494.3 0
-494.1 0
-493.9 0
-493.7 0
-493.5 1
-493.3 0
-493.1 0
-492.9 0
-492.7 0
-492.5 0
-492.3 0
-492.1 0
-491.9 0
-491.7 0
-491.5 1
-491.3 0
-491.1 1
-490.9 0
-490.7 0
-490.5 0
-490.3 0
-490.1 0
-489.9 0
-489.7 0
-489.5 1
-489.3 0
-489.1 0
-488.9 0
-488.7 0
-488.5 0
-488.3 0
-488.1 0
-487.9 0
-487.7 0
-487.5 0
-487.3 0
-487.1 0
-486.9 0
-486.7 0
-486.5 0
-486.3 0
-486.1 0
-485.9 1
-485.7 0
-485.5 0
-485.3 0
-485.1 0
-484.9 0
-484.7 0
-484.5 0
-484.3 1
-484.1 0
-483.9 0
-483.7 0
-483.5 1
-483.3 0
-483.1 0
-482.9 0
-482.7 0
-482.5 0
-482.3 0
-482.1 0
-481.9 0
-481.7 0
-481.5 0
-481.3 0
-481.1 1
-480.9 0
-480.7 0
-480.5 0
-480.3 1
-480.1 0
-479.9 1
-479.7 0
-479.5 0
-479.3 0
-479.1 0
-478.9 1
-478.7 0
-478.5 0
-478.3 0
-478.1 0
-477.9 0
-477.7 0
-477.5 0
-477.3 0
-477.1 0
-476.9 1
-476.7 0
-476.5 0
-476.3 0
-476.1 0
-475.9 0
-475.7 0
-475.5 0
-475.3 0
-475.1 0
-474.9 0
-474.7 0
-474.5 0
-474.3 0
-474.1 0
-473.9 0
-473.7 0
-473.5 0
-473.3 1
-473.1 0
-472.9 0
-472.7 0
-472.5 0
-472.3 0
-472.1 0
-471.9 0
-471.7 0
-471.5 0
-471.3 0
-471.1 0
-470.9 1
-470.7 0
-470.5 0
-470.3 0
-470.1 0
-469.9 0
-469.7 0
-469.5 0
-469.3 0
-469.1 0
-468.9 0
-468.7 0
-468.5 0
-468.3 0
-468.1 0
-467.9 0
-467.7 0
-467.5 0
-467.3 0
-467.1 0
-466.9 0
-466.7 1
-466.5 1
-466.3 0
-466.1 0
-465.9 1
-465.7 0
-465.5 0
-465.3 1
-465.1 0
-464.9 0
-464.7 0
-464.5 1
-464.3 0
-464.1 0
-463.9 0
-463.7 0
-463.5 1
-463.3 0
-463.1 0
-462.9 0
-462.7 1
-462.5 0
-462.3 0
-462.1 0
-461.9 0
-461.7 0
-461.5 0
-461.3 0
-461.1 0
-460.9 0
-460.7 0
-460.5 0
-460.3 0
-460.1 0
-459.9 0
-459.7 0
-459.5 0
-459.3 0
-459.1 0
-458.9 0
-458.7 1
-458.5 2
-458.3 1
-458.1 1
-457.9 0
-457.7 0
-457.5 2
-457.3 0
-457.1 0
-456.9 0
-456.7 2
-456.5 0
-456.3 0
-456.1 0
-455.9 1
-455.7 0
-455.5 0
-455.3 0
-455.1 0
-454.9 2
-454.7 1
-454.5 0
-454.3 0
-454.1 0
-453.9 1
-453.7 1
-453.5 0
-453.3 1
-453.1 0
-452.9 1
-452.7 0
-452.5 1
-452.3 0
-452.1 1
-451.9 0
-451.7 0
-451.5 0
-451.3 1
-451.1 0
-450.9 1
-450.7 0
-450.5 0
-450.3 0
-450.1 0
-449.9 0
-449.7 1
-449.5 1
-449.3 2
-449.1 1
-448.9 0
-448.7 0
-448.5 0
-448.3 1
-448.1 0
-447.9 1
-447.7 0
-447.5 0
-447.3 0
-447.1 1
-446.9 0
-446.7 0
-446.5 0
-446.3 0
-446.1 1
-445.9 0
-445.7 0
-445.5 0
-445.3 0
-445.1 0
-444.9 0
-444.7 0
-444.5 1
-444.3 1
-444.1 0
-443.9 1
-443.7 0
-443.5 1
-443.3 1
-443.1 0
-442.9 2
-442.7 1
-442.5 1
-442.3 0
-442.1 2
-441.9 0
-441.7 0
-441.5 1
-441.3 0
-441.1 0
-440.9 0
-440.7 0
-440.5 1
-440.3 1
-440.1 0
-439.9 1
-439.7 0
-439.5 0
-439.3 1
-439.1 2
-438.9 1
-438.7 0
-438.5 0
-438.3 0
-438.1 0
-437.9 1
-437.7 1
-437.5 0
-437.3 2
-437.1 0
-436.9 1
-436.7 0
-436.5 1
-436.3 1
-436.1 2
-435.9 1
-435.7 2
-435.5 0
-435.3 0
-435.1 1
-434.9 1
-434.7 0
-434.5 0
-434.3 0
-434.1 0
-433.9 0
-433.7 2
-433.5 0
-433.3 1
-433.1 1
-432.9 0
-432.7 1
-432.5 0
-432.3 2
-432.1 3
-431.9 1
-431.7 1
-431.5 1
-431.3 1
-431.1 3
-430.9 1
-430.7 1
-430.5 3
-430.3 1
-430.1 1
-429.9 1
-429.7 0
-429.5 1
-429.3 0
-429.1 2
-428.9 0
-428.7 2
-428.5 0
-428.3 1
-428.1 1
-427.9 0
-427.7 0
-427.5 2
-427.3 4
-427.1 1
-426.9 1
-426.7 1
-426.5 1
-426.3 1
-426.1 1
-425.9 2
-425.7 0
-425.5 1
-425.3 1
-425.1 2
-424.9 1
-424.7 1
-424.5 2
-424.3 3
-424.1 3
-423.9 1
-423.7 0
-423.5 0
-423.3 1
-423.1 3
-422.9 1
-422.7 1
-422.5 1
-422.3 2
-422.1 1
-421.9 1
-421.7 2
-421.5 0
-421.3 2
-421.1 1
-420.9 0
-420.7 0
-420.5 1
-420.3 1
-420.1 2
-419.9 4
-419.7 1
-419.5 3
-419.3 0
-419.1 2
-418.9 0
-418.7 1
-418.5 1
-418.3 1
-418.1 0
-417.9 0
-417.7 1
-417.5 1
-417.3 1
-417.1 2
-416.9 1
-416.7 1
-416.5 2
-416.3 1
-416.1 1
-415.9 1
-415.7 1
-415.5 1
-415.3 0
-415.1 2
-414.9 0
-414.7 3
-414.5 1
-414.3 1
-414.1 3
-413.9 3
-413.7 1
-413.5 1
-413.3 1
-413.1 0
-412.9 1
-412.7 2
-412.5 1
-412.3 3
-412.1 4
-411.9 4
-411.7 0
-411.5 2
-411.3 2
-411.1 3
-410.9 2
-410.7 3
-410.5 0
-410.3 4
-410.1 5
-409.9 1
-409.7 3
-409.5 1
-409.3 1
-409.1 1
-408.9 7
-408.7 4
-408.5 0
-408.3 3
-408.1 0
-407.9 0
-407.7 3
-407.5 3
-407.3 0
-407.1 2
-406.9 4
-406.7 4
-406.5 2
-406.3 1
-406.1 1
-405.9 6
-405.7 1
-405.5 3
-405.3 0
-405.1 2
-404.9 2
-404.7 1
-404.5 4
-404.3 3
-404.1 1
-403.9 3
-403.7 3
-403.5 3
-403.3 5
-403.1 3
-402.9 7
-402.7 1
-402.5 7
-402.3 3
-402.1 1
-401.9 3
-401.7 2
-401.5 2
-401.3 1
-401.1 2
-400.9 2
-400.7 4
-400.5 2
-400.3 6
-400.1 2
-399.9 2
-399.7 2
-399.5 2
-399.3 4
-399.1 6
-398.9 0
-398.7 5
-398.5 3
-398.3 7
-398.1 3
-397.9 5
-397.7 3
-397.5 8
-397.3 10
-397.1 10
-396.9 18
-396.7 28
-396.5 37
-396.3 42
-396.1 64
-395.9 58
-395.7 81
-395.5 104
-395.3 106
-395.1 145
-394.9 163
-394.7 158
-394.5 163
-394.3 164
-394.1 173
-393.9 192
-393.7 200
-393.5 185
-393.3 183
-393.1 179
-392.9 147
-392.7 177
-392.5 162
-392.3 136
-392.1 157
-391.9 147
-391.7 131
-391.5 136
-391.3 136
-391.1 110
-390.9 131
-390.7 132
-390.5 139
-390.3 131
-390.1 123
-389.9 128
-389.7 121
-389.5 144
-389.3 126
-389.1 128
-388.9 112
-388.7 116
-388.5 120
-388.3 120
-388.1 138
-387.9 125
-387.7 125
-387.5 129
-387.3 133
-387.1 100
-386.9 128
-386.7 137
-386.5 118
-386.3 132
-386.1 119
-385.9 151
-385.7 129
-385.5 133
-385.3 133
-385.1 127
-384.9 111
-384.7 133
-384.5 122
-384.3 117
-384.1 142
-383.9 144
-383.7 135
-383.5 130
-383.3 126
-383.1 113
-382.9 150
-382.7 116
-382.5 154
-382.3 114
-382.1 107
-381.9 119
-381.7 119
-381.5 146
-381.3 156
-381.1 116
-380.9 105
-380.7 110
-380.5 130
-380.3 98
-380.1 129
-379.9 126
-379.7 114
-379.5 142
-379.3 107
-379.1 128
-378.9 130
-378.7 132
-378.5 112
-378.3 118
-378.1 133
-377.9 139
-377.7 101
-377.5 112
-377.3 125
-377.1 113
-376.9 107
-376.7 123
-376.5 118
-376.3 127
-376.1 118
-375.9 148
-375.7 131
-375.5 109
-375.3 107
-375.1 126
-374.9 118
-374.7 128
-374.5 154
-374.3 118
-374.1 116
-373.9 121
-373.7 100
-373.5 119
-373.3 123
-373.1 115
-372.9 116
-372.7 120
-372.5 117
-372.3 117
-372.1 133
-371.9 135
-371.7 133
-371.5 109
-371.3 121
-371.1 133
-370.9 119
-370.7 107
-370.5 117
-370.3 123
-370.1 123
-369.9 126
-369.7 116
-369.5 107
-369.3 96
-369.1 118
-368.9 111
-368.7 107
-368.5 129
-368.3 109
-368.1 126
-367.9 118
-367.7 90
-367.5 85
-367.3 110
-367.1 102
-366.9 121
-366.7 121
-366.5 115
-366.3 109
-366.1 104
-365.9 128
-365.7 104
-365.5 120
-365.3 109
-365.1 92
-364.9 112
-364.7 125
-364.5 102
-364.3 103
-364.1 117
-363.9 114
-363.7 118
-363.5 100
-363.3 121
-363.1 111
-362.9 124
-362.7 114
-362.5 101
-362.3 108
-362.1 107
-361.9 111
-361.7 118
-361.5 104
-361.3 120
-361.1 102
-360.9 80
-360.7 108
-360.5 101
-360.3 108
-360.1 123
-359.9 85
-359.7 116
-359.5 123
-359.3 117
-359.1 113
-358.9 80
-358.7 109
-358.5 95
-358.3 114
-358.1 103
-357.9 101
-357.7 86
-357.5 100
-357.3 98
-357.1 91
-356.9 92
-356.7 101
-356.5 104
-356.3 94
-356.1 95
-355.9 116
-355.7 96
-355.5 87
-355.3 96
-355.1 106
-354.9 114
-354.7 106
-354.5 99
-354.3 113
-354.1 87
-353.9 84
-353.7 109
-353.5 96
-353.3 101
-353.1 95
-352.9 103
-352.7 85
-352.5 101
-352.3 88
-352.1 106
-351.9 110
-351.7 98
-351.5 110
-351.3 99
-351.1 105
-350.9 89
-350.7 79
-350.5 91
-350.3 99
-350.1 104
-349.9 89
-349.7 94
-349.5 79
-349.3 86
-349.1 116
-348.9 94
-348.7 103
-348.5 109
-348.3 105
-348.1 92
-347.9 106
-347.7 102
-347.5 87
-347.3 110
-347.1 84
-346.9 84
-346.7 97
-346.5 94
-346.3 106
-346.1 97
-345.9 88
-345.7 87
-345.5 81
-345.3 99
-345.1 88
-344.9 89
-344.7 89
-344.5 105
-344.3 106
-344.1 89
-343.9 69
-343.7 74
-343.5 89
-343.3 105
-343.1 87
-342.9 79
-342.7 85
-342.5 90
-342.3 98
-342.1 100
-341.9 92
-341.7 76
-341.5 93
-341.3 86
-341.1 94
-340.9 70
-340.7 95
-340.5 96
-340.3 77
-340.1 82
-339.9 91
-339.7 92
-339.5 72
-339.3 96
-339.1 77
-338.9 82
-338.7 92
-338.5 81
-338.3 85
-338.1 77
-337.9 72
-337.7 85
-337.5 75
-337.3 79
-337.1 85
-336.9 64
-336.7 106
-336.5 83
-336.3 78
-336.1 87
-335.9 78
-335.7 99
-335.5 79
-335.3 73
-335.1 70
-334.9 79
-334.7 76
-334.5 76
-334.3 80
-334.1 71
-333.9 80
-333.7 81
-333.5 79
-333.3 79
-333.1 84
-332.9 69
-332.7 76
-332.5 72
-332.3 87
-332.1 86
-331.9 68
-331.7 88
-331.5 69
-331.3 82
-331.1 83
-330.9 82
-330.7 85
-330.5 85
-330.3 58
-330.1 73
-329.9 84
-329.7 73
-329.5 66
-329.3 78
-329.1 85
-328.9 56
-328.7 75
-328.5 79
-328.3 72
-328.1 69
-327.9 76
-327.7 75
-327.5 69
-327.3 76
-327.1 83
-326.9 72
-326.7 71
-326.5 72
-326.3 84
-326.1 66
-325.9 66
-325.7 68
-325.5 71
-325.3 71
-325.1 53
-324.9 86
-324.7 63
-324.5 64
-324.3 76
-324.1 69
-323.9 71
-323.7 74
-323.5 67
-323.3 72
-323.1 76
-322.9 75
-322.7 73
-322.5 69
-322.3 60
-322.1 68
-321.9 72
-321.7 73
-321.5 60
-321.3 73
-321.1 78
-320.9 60
-320.7 64
-320.5 79
-320.3 62
-320.1 64
-319.9 57
-319.7 69
-319.5 64
-319.3 79
-319.1 55
-318.9 67
-318.7 64
-318.5 72
-318.3 76
-318.1 58
-317.9 70
-317.7 80
-317.5 71
-317.3 76
-317.1 61
-316.9 61
-316.7 62
-316.5 79
-316.3 89
-316.1 66
-315.9 63
-315.7 61
-315.5 63
-315.3 72
-315.1 68
-314.9 62
-314.7 67
-314.5 59
-314.3 68
-314.1 63
-313.9 60
-313.7 61
-313.5 50
-313.3 66
-313.1 57
-312.9 55
-312.7 62
-312.5 58
-312.3 58
-312.1 66
-311.9 74
-311.7 66
-311.5 67
-311.3 62
-311.1 58
-310.9 71
-310.7 65
-310.5 58
-310.3 47
-310.1 69
-309.9 53
-309.7 60
-309.5 51
-309.3 65
-309.1 53
-308.9 58
-308.7 52
-308.5 56
-308.3 57
-308.1 52
-307.9 48
-307.7 46
-307.5 48
-307.3 56
-307.1 62
-306.9 52
-306.7 57
-306.5 44
-306.3 57
-306.1 42
-305.9 47
-305.7 37
-305.5 41
-305.3 37
-305.1 39
-304.9 45
-304.7 25
-304.5 53
-304.3 46
-304.1 48
-303.9 39
-303.7 43
-303.5 29
-303.3 39
-303.1 39
-302.9 51
-302.7 38
-302.5 26
-302.3 30
-302.1 47
-301.9 51
-301.7 33
-301.5 37
-301.3 43
-301.1 35
-300.9 33
-300.7 34
-300.5 31
-300.3 27
-300.1 26
-299.9 38
-299.7 19
-299.5 29
-299.3 31
-299.1 29
-298.9 21
-298.7 33
-298.5 23
-298.3 25
-298.1 16
-297.9 19
-297.7 24
-297.5 17
-297.3 22
-297.1 15
-296.9 13
-296.7 20
-296.5 22
-296.3 15
-296.1 11
-295.9 12
-295.7 15
-295.5 9
-295.3 11
-295.1 15
-294.9 7
-294.7 19
-294.5 11
-294.3 13
-294.1 18
-293.9 16
-293.7 10
-293.5 14
-293.3 7
-293.1 13
-292.9 13
-292.7 9
-292.5 9
-292.3 7
-292.1 10
-291.9 8
-291.7 5
-291.5 7
-291.3 7
-291.1 7
-290.9 8
-290.7 3
-290.5 8
-290.3 9
-290.1 8
-289.9 5
-289.7 2
-289.5 13
-289.3 5
-289.1 4
-288.9 7
-288.7 9
-288.5 7
-288.3 4
-288.1 2
-287.9 2
-287.7 6
-287.5 5
-287.3 5
-287.1 9
-286.9 5
-286.7 4
-286.5 0
-286.3 4
-286.1 5
-285.9 3
-285.7 8
-285.5 3
-285.3 2
-285.1 2
-284.9 4
-284.7 4
-284.5 3
-284.3 3
-284.1 1
-283.9 1
-283.7 5
-283.5 2
-283.3 2
-283.1 2
-282.9 2
-282.7 6
-282.5 4
-282.3 0
-282.1 2
-281.9 3
-281.7 5
-281.5 1
-281.3 2
-281.1 0
-280.9 5
-280.7 3
-280.5 4
-280.3 3
-280.1 3
-279.9 2
-279.7 1
-279.5 3
-279.3 2
-279.1 1
-278.9 2
-278.7 2
-278.5 3
-278.3 1
-278.1 2
-277.9 3
-277.7 1
-277.5 4
-277.3 1
-277.1 1
-276.9 1
-276.7 3
-276.5 2
-276.3 1
-276.1 1
-275.9 1
-275.7 1
-275.5 1
-275.3 1
-275.1 0
-274.9 3
-274.7 0
-274.5 1
-274.3 0
-274.1 3
-273.9 1
-273.7 0
-273.5 0
-273.3 0
-273.1 2
-272.9 3
-272.7 0
-272.5 3
-272.3 0
-272.1 2
-271.9 3
-271.7 1
-271.5 0
-271.3 0
-271.1 0
-270.9 0
-270.7 0
-270.5 1
-270.3 0
-270.1 0
-269.9 1
-269.7 0
-269.5 2
-269.3 2
-269.1 2
-268.9 0
-268.7 3
-268.5 0
-268.3 1
-268.1 1
-267.9 2
-267.7 1
-267.5 1
-267.3 2
-267.1 0
-266.9 1
-266.7 1
-266.5 0
-266.3 1
-266.1 2
-265.9 0
-265.7 0
-265.5 1
-265.3 1
-265.1 2
-264.9 1
-264.7 1
-264.5 0
-264.3 0
-264.1 1
-263.9 0
-263.7 2
-263.5 1
-263.3 2
-263.1 0
-262.9 0
-262.7 0
-262.5 1
-262.3 0
-262.1 1
-261.9 0
-261.7 0
-261.5 1
-261.3 1
-261.1 3
-260.9 1
-260.7 3
-260.5 0
-260.3 1
-260.1 2
-259.9 0
-259.7 0
-259.5 0
-259.3 1
-259.1 0
-258.9 0
-258.7 0
-258.5 1
-258.3 1
-258.1 0
-257.9 1
-257.7 3
-257.5 0
-257.3 1
-257.1 1
-256.9 0
-256.7 2
-256.5 0
-256.3 1
-256.1 0
-255.9 1
-255.7 1
-255.5 0
-255.3 0
-255.1 0
-254.9 0
-254.7 1
-254.5 0
-254.3 0
-254.1 0
-253.9 1
-253.7 2
-253.5 0
-253.3 2
-253.1 1
-252.9 0
-252.7 1
-252.5 0
-252.3 2
-252.1 0
-251.9 0
-251.7 0
-251.5 0
-251.3 0
-251.1 1
-250.9 0
-250.7 0
-250.5 0
-250.3 1
-250.1 1
-249.9 0
-249.7 0
-249.5 1
-249.3 0
-249.1 0
-248.9 0
-248.7 1
-248.5 0
-248.3 1
-248.1 1
-247.9 1
-247.7 0
-247.5 1
-247.3 0
-247.1 0
-246.9 1
-246.7 0
-246.5 1
-246.3 1
-246.1 0
-245.9 0
-245.7 0
-245.5 0
-245.3 1
-245.1 0
-244.9 0
-244.7 0
-244.5 0
-244.3 0
-244.1 1
-243.9 0
-243.7 0
-243.5 0
-243.3 0
-243.1 0
-242.9 0
-242.7 0
-242.5 0
-242.3 0
-242.1 0
-241.9 1
-241.7 1
-241.5 0
-241.3 0
-241.1 1
-240.9 0
-240.7 0
-240.5 0
-240.3 0
-240.1 0
-239.9 0
-239.7 0
-239.5 0
-239.3 1
-239.1 0
-238.9 0
-238.7 0
-238.5 0
-238.3 0
-238.1 0
-237.9 2
-237.7 0
-237.5 0
-237.3 0
-237.1 1
-236.9 2
-236.7 0
-236.5 0
-236.3 0
-236.1 1
-235.9 0
-235.7 0
-235.5 0
-235.3 1
-235.1 0
-234.9 0
-234.7 0
-234.5 0
-234.3 0
-234.1 1
-233.9 0
-233.7 0
-233.5 0
-233.3 0
-233.1 0
-232.9 1
-232.7 0
-232.5 0
-232.3 0
-232.1 0
-231.9 0
-231.7 1
-231.5 1
-231.3 0
-231.1 1
-230.9 0
-230.7 1
-230.5 0
-230.3 0
-230.1 0
-229.9 1
-229.7 1
-229.5 0
-229.3 0
-229.1 1
-228.9 1
-228.7 0
-228.5 0
-228.3 0
-228.1 0
-227.9 0
-227.7 0
-227.5 0
-227.3 0
-227.1 0
-226.9 0
-226.7 0
-226.5 0
-226.3 1
-226.1 1
-225.9 0
-225.7 0
-225.5 0
-225.3 0
-225.1 0
-224.9 1
-224.7 0
-224.5 0
-224.3 0
-224.1 0
-223.9 1
-223.7 0
-223.5 0
-223.3 0
-223.1 1
-222.9 1
-222.7 0
-222.5 0
-222.3 0
-222.1 0
-221.9 0
-221.7 0
-221.5 1
-221.3 0
-221.1 0
-220.9 0
-220.7 0
-220.5 0
-220.3 0
-220.1 0
-219.9 1
-219.7 0
-219.5 0
-219.3 0
-219.1 1
-218.9 0
-218.7 0
-218.5 2
-218.3 0
-218.1 0
-217.9 0
-217.7 0
-217.5 0
-217.3 0
-217.1 0
-216.9 0
-216.7 0
-216.5 2
-216.3 1
-216.1 0
-215.9 0
-215.7 0
-215.5 1
-215.3 0
-215.1 0
-214.9 0
-214.7 0
-214.5 0
-214.3 0
-214.1 0
-213.9 0
-213.7 0
-213.5 0
-213.3 0
-213.1 0
-212.9 0
-212.7 0
-212.5 0
-212.3 0
-212.1 1
-211.9 0
-211.7 0
-211.5 0
-211.3 1
-211.1 0
-210.9 0
-210.7 0
-210.5 0
-210.3 0
-210.1 0
-209.9 0
-209.7 0
-209.5 1
-209.3 0
-209.1 0
-208.9 0
-208.7 0
-208.5 0
-208.3 0
-208.1 0
-207.9 0
-207.7 0
-207.5 0
-207.3 0
-207.1 0
-206.9 0
-206.7 0
-206.5 1
-206.3 0
-206.1 0
-205.9 0
-205.7 0
-205.5 0
-205.3 1
-205.1 0
-204.9 0
-204.7 0
-204.5 0
-204.3 0
-204.1 0
-203.9 0
-203.7 0
-203.5 0
-203.3 0
-203.1 0
-202.9 0
-202.7 0
-202.5 0
-202.3 0
-202.1 0
-201.9 0
-201.7 0
-201.5 0
-201.3 0
-201.1 0
-200.9 1
-200.7 0
-200.5 0
-200.3 0
-200.1 1
-199.9 0
-199.7 0
-199.5 0
-199.3 0
-199.1 0
-198.9 0
-198.7 1
-198.5 0
-198.3 0
-198.1 0
-197.9 0
-197.7 0
-197.5 0
-197.3 0
-197.1 0
-196.9 0
-196.7 0
-196.5 0
-196.3 0
-196.1 0
-195.9 0
-195.7 0
-195.5 0
-195.3 0
-195.1 0
-194.9 0
-194.7 0
-194.5 0
-194.3 0
-194.1 0
-193.9 0
-193.7 0
-193.5 0
-193.3 0
-193.1 0
-192.9 0
-192.7 0
-192.5 0
-192.3 0
-192.1 0
-191.9 0
-191.7 0
-191.5 0
-191.3 0
-191.1 0
-190.9 0
-190.7 0
-190.5 1
-190.3 0
-190.1 0
-189.9 0
-189.7 0
-189.5 0
-189.3 0
-189.1 0
-188.9 0
-188.7 0
-188.5 0
-188.3 0
-188.1 0
-187.9 0
-187.7 0
-187.5 0
-187.3 0
-187.1 0
-186.9 0
-186.7 0
-186.5 0
-186.3 0
-186.1 0
-185.9 0
-185.7 0
-185.5 0
-185.3 0
-185.1 0
-184.9 0
-184.7 0
-184.5 0
-184.3 0
-184.1 0
-183.9 0
-183.7 0
-183.5 0
-183.3 0
-183.1 0
-182.9 0
-182.7 0
-182.5 0
-182.3 0
-182.1 0
-181.9 0
-181.7 0
-181.5 0
-181.3 0
-181.1 0
-180.9 0
-180.7 0
-180.5 0
-180.3 0
-180.1 0
-179.9 0
-179.7 0
-179.5 0
-179.3 0
-179.1 0
-178.9 0
-178.7 0
-178.5 0
-178.3 0
-178.1 0
-177.9 0
-177.7 0
-177.5 0
-177.3 0
-177.1 0
-176.9 0
-176.7 0
-176.5 0
-176.3 0
-176.1 0
-175.9 0
-175.7 0
-175.5 0
-175.3 0
-175.1 0
-174.9 0
-174.7 0
-174.5 0
-174.3 0
-174.1 0
-173.9 0
-173.7 0
-173.5 0
-173.3 0
-173.1 0
-172.9 0
-172.7 0
-172.5 0
-172.3 0
-172.1 0
-171.9 0
-171.7 0
-171.5 0
-171.3 0
-171.1 0
-170.9 0
-170.7 0
-170.5 0
-170.3 0
-170.1 0
-169.9 0
-169.7 0
-169.5 0
-169.3 0
-169.1 0
-168.9 0
-168.7 0
-168.5 0
-168.3 0
-168.1 0
-167.9 0
-167.7 0
-167.5 0
-167.3 0
-167.1 1
-166.9 0
-166.7 0
-166.5 0
-166.3 0
-166.1 0
-165.9 0
-165.7 0
-165.5 0
-165.3 0
-165.1 0
-164.9 0
-164.7 1
-164.5 0
-164.3 0
-164.1 0
-163.9 0
-163.7 0
-163.5 1
-163.3 0
-163.1 0
-162.9 0
-162.7 0
-162.5 0
-162.3 0
-162.1 0
-161.9 0
-161.7 0
-161.5 0
-161.3 0
-161.1 0
-160.9 0
-160.7 0
-160.5 0
-160.3 0
-160.1 0
-159.9 0
-159.7 0
-159.5 0
-159.3 0
-159.1 0
-158.9 0
-158.7 0
-158.5 0
-158.3 0
-158.1 0
-157.9 0
-157.7 0
-157.5 0
-157.3 0
-157.1 0
-156.9 0
-156.7 0
-156.5 0
-156.3 0
-156.1 0
-155.9 0
-155.7 0
-155.5 0
-155.3 0
-155.1 0
-154.9 0
-154.7 0
-154.5 0
-154.3 0
-154.1 0
-153.9 0
-153.7 0
-153.5 0
-153.3 0
-153.1 0
-152.9 0
-152.7 0
-152.5 0
-152.3 0
-152.1 0
-151.9 0
-151.7 0
-151.5 0
-151.3 0
-151.1 0
-150.9 0
-150.7 0
-150.5 0
-150.3 0
-150.1 0
-149.9 0
-149.7 0
-149.5 0
-149.3 0
-149.1 0
-148.9 1
-148.7 0
-148.5 0
-148.3 0
-148.1 0
-147.9 0
-147.7 0
-147.5 0
-147.3 0
-147.1 0
-146.9 0
-146.7 0
-146.5 0
-146.3 0
-146.1 0
-145.9 0
-145.7 0
-145.5 0
-145.3 0
-145.1 0
-144.9 0
-144.7 0
-144.5 0
-144.3 0
-144.1 0
-143.9 0
-143.7 0
-143.5 0
-143.3 0
-143.1 0
-142.9 0
-142.7 0
-142.5 0
-142.3 0
-142.1 0
-141.9 0
-141.7 0
-141.5 0
-141.3 1
-141.1 0
-140.9 0
-140.7 0
-140.5 0
-140.3 0
-140.1 0
-139.9 0
-139.7 0
-139.5 0
-139.3 0
-139.1 0
-138.9 0
-138.7 0
-138.5 0
-138.3 0
-138.1 0
-137.9 0
-137.7 0
-137.5 0
-137.3 1
-137.1 0
-136.9 0
-136.7 0
-136.5 0
-136.3 0
-136.1 0
-135.9 0
-135.7 1
-135.5 0
-135.3 0
-135.1 0
-134.9 0
-134.7 0
-134.5 0
-134.3 0
-134.1 0
-133.9 1
-133.7 0
-133.5 0
-133.3 0
-133.1 0
-132.9 0
-132.7 0
-132.5 0
-132.3 0
-132.1 0
-131.9 0
-131.7 0
-131.5 0
-131.3 0
-131.1 0
-130.9 0
-130.7 0
-130.5 0
-130.3 0
-130.1 0
-129.9 0
-129.7 0
-129.5 0
-129.3 0
-129.1 0
-128.9 0
-128.7 0
-128.5 0
-128.3 0
-128.1 0
-127.9 0
-127.7 0
-127.5 0
-127.3 0
-127.1 0
-126.9 0
-126.7 0
-126.5 0
-126.3 0
-126.1 0
-125.9 0
-125.7 0
-125.5 0
-125.3 0
-125.1 0
-124.9 0
-124.7 0
-124.5 0
-124.3 0
-124.1 0
-123.9 0
-123.7 0
-123.5 0
-123.3 0
-123.1 1
-122.9 0
-122.7 0
-122.5 0
-122.3 0
-122.1 1
-121.9 0
-121.7 0
-121.5 1
-121.3 0
-121.1 0
-120.9 0
-120.7 0
-120.5 0
-120.3 0
-120.1 0
-119.9 0
-119.7 0
-119.5 0
-119.3 0
-119.1 0
-118.9 0
-118.7 0
-118.5 0
-118.3 0
-118.1 0
-117.9 1
-117.7 1
-117.5 0
-117.3 0
-117.1 0
-116.9 0
-116.7 0
-116.5 0
-116.3 0
-116.1 0
-115.9 0
-115.7 0
-115.5 0
-115.3 0
-115.1 0
-114.9 0
-114.7 0
-114.5 0
-114.3 0
-114.1 0
-113.9 0
-113.7 0
-113.5 0
-113.3 0
-113.1 0
-112.9 0
-112.7 0
-112.5 0
-112.3 0
-112.1 0
-111.9 0
-111.7 0
-111.5 0
-111.3 0
-111.1 0
-110.9 0
-110.7 0
-110.5 0
-110.3 0
-110.1 0
-109.9 0
-109.7 0
-109.5 0
-109.3 0
-109.1 0
-108.9 0
-108.7 0
-108.5 0
-108.3 0
-108.1 0
-107.9 1
-107.7 0
-107.5 0
-107.3 0
-107.1 0
-106.9 0
-106.7 0
-106.5 0
-106.3 0
-106.1 0
-105.9 0
-105.7 0
-105.5 0
-105.3 0
-105.1 0
-104.9 0
-104.7 0
-104.5 0
-104.3 0
-104.1 0
-103.9 0
-103.7 0
-103.5 0
-103.3 0
-103.1 0
-102.9 0
-102.7 0
-102.5 0
-102.3 0
-102.1 0
-101.9 0
-101.7 0
-101.5 0
-101.3 0
-101.1 0
-100.9 0
-100.7 0
-100.5 0
-100.3 0
-100.1 0
