800
-39.9 0
-39.7 0
-39.5 0
-39.3 0
-39.1 0
-38.9 0
-38.7 0
-38.5 0
-38.3 0
-38.1 0
-37.9 0
-37.7 0
-37.5 0
-37.3 0
-37.1 0
-36.9 0
-36.7 0
-36.5 0
-36.3 0
-36.1 6.63374e-07
-35.9 6.63374e-07
-35.7 6.63374e-07
-35.5 6.63374e-07
-35.3 6.63374e-07
-35.1 6.63374e-07
-34.9 6.63374e-07
-34.7 6.63374e-07
-34.5 6.63374e-07
-34.3 6.63374e-07
-34.1 6.63374e-07
-33.9 6.63374e-07
-33.7 6.63374e-07
-33.5 6.63374e-07
-33.3 6.63374e-07
-33.1 6.63374e-07
-32.9 6.63374e-07
-32.7 6.63374e-07
-32.5 6.63374e-07
-32.3 6.63374e-07
-32.1 6.63374e-07
-31.9 6.63374e-07
-31.7 6.63374e-07
-31.5 6.63374e-07
-31.3 6.63374e-07
-31.1 6.63374e-07
-30.9 6.63374e-07
-30.7 1.32675e-06
-30.5 1.32675e-06
-30.3 1.32675e-06
-30.1 1.32675e-06
-29.9 1.32675e-06
-29.7 1.32675e-06
-29.5 1.32675e-06
-29.3 1.32675e-06
-29.1 1.32675e-06
-28.9 1.32675e-06
-28.7 1.32675e-06
-28.5 1.32675e-06
-28.3 1.32675e-06
-28.1 1.32675e-06
-27.9 1.32675e-06
-27.7 1.32675e-06
-27.5 1.32675e-06
-27.3 1.32675e-06
-27.1 1.32675e-06
-26.9 1.32675e-06
-26.7 1.32675e-06
-26.5 1.32675e-06
-26.3 1.32675e-06
-26.1 1.99012e-06
-25.9 2.65349e-06
-25.7 2.65349e-06
-25.5 3.31687e-06
-25.3 3.31687e-06
-25.1 3.31687e-06
-24.9 3.31687e-06
-24.7 3.31687e-06
-24.5 3.31687e-06
-24.3 5.30699e-06
-24.1 7.29711e-06
-23.9 1.19407e-05
-23.7 1.52576e-05
-23.5 2.1228e-05
-23.3 2.65349e-05
-23.1 4.24559e-05
-22.9 6.5674e-05
-22.7 9.68526e-05
-22.5 0.000137982
-22.3 0.000228864
-22.1 0.000344291
-21.9 0.000528045
-21.7 0.000770177
-21.5 0.0011211
-21.3 0.00161531
-21.1 0.00231053
-20.9 0.0032293
-20.7 0.00447578
-20.5 0.00601547
-20.3 0.00788154
-20.1 0.0102498
-19.9 0.0130021
-19.7 0.0161664
-19.5 0.0198793
-19.3 0.024032
-19.1 0.0286504
-18.9 0.03358
-18.7 0.0387914
-18.5 0.0441674
-18.3 0.0496681
-18.1 0.0553486
-17.9 0.0610284
-17.7 0.0667022
-17.5 0.0724557
-17.3 0.0779842
-17.1 0.0834325
-16.9 0.0887461
-16.7 0.0939204
-16.5 0.0988977
-16.3 0.103695
-16.1 0.108191
-15.9 0.112612
-15.7 0.116937
-15.5 0.120981
-15.3 0.124978
-15.1 0.128822
-14.9 0.132608
-14.7 0.136278
-14.5 0.139866
-14.3 0.143432
-14.1 0.146893
-13.9 0.150204
-13.7 0.153513
-13.5 0.156822
-13.3 0.159921
-13.1 0.163172
-12.9 0.166327
-12.7 0.169396
-12.5 0.172455
-12.3 0.175488
-12.1 0.178508
-11.9 0.181467
-11.7 0.184448
-11.5 0.187363
-11.3 0.190289
-11.1 0.193189
-10.9 0.196141
-10.7 0.198937
-10.5 0.201825
-10.3 0.20466
-10.1 0.207497
-9.9 0.21029
-9.7 0.213058
-9.5 0.215877
-9.3 0.218689
-9.1 0.2215
-8.9 0.224233
-8.7 0.22694
-8.5 0.229683
-8.3 0.232442
-8.1 0.235181
-7.9 0.237947
-7.7 0.240569
-7.5 0.243288
-7.3 0.245975
-7.1 0.248721
-6.9 0.251451
-6.7 0.254057
-6.5 0.256736
-6.3 0.25941
-6.1 0.262096
-5.9 0.264762
-5.7 0.267426
-5.5 0.270016
-5.3 0.272707
-5.1 0.275401
-4.9 0.27812
-4.7 0.280755
-4.5 0.283454
-4.3 0.286202
-4.1 0.288827
-3.9 0.291517
-3.7 0.294165
-3.5 0.296848
-3.3 0.29951
-3.1 0.302126
-2.9 0.304787
-2.7 0.307463
-2.5 0.310067
-2.3 0.312761
-2.1 0.31539
-1.9 0.317994
-1.7 0.320634
-1.5 0.323222
-1.3 0.325823
-1.1 0.328463
-0.9 0.331075
-0.7 0.333728
-0.5 0.336354
-0.3 0.338981
-0.1 0.341483
0.1 0.344091
0.3 0.346706
0.5 0.349281
0.7 0.3519
0.9 0.354518
1.1 0.357131
1.3 0.359813
1.5 0.362409
1.7 0.365011
1.9 0.36766
2.1 0.37021
2.3 0.372797
2.5 0.375382
2.7 0.378037
2.9 0.38068
3.1 0.383216
3.3 0.38575
3.5 0.388324
3.7 0.390947
3.9 0.393569
4.1 0.396169
4.3 0.398769
4.5 0.401301
4.7 0.403853
4.9 0.40646
5.1 0.409034
5.3 0.41168
5.5 0.414232
5.7 0.41682
5.9 0.419412
6.1 0.422016
6.3 0.424689
6.5 0.4273
6.7 0.429874
6.9 0.432439
7.1 0.435021
7.3 0.437623
7.5 0.440137
7.7 0.442718
7.9 0.44527
8.1 0.447861
8.3 0.450403
8.5 0.452942
8.7 0.455561
8.9 0.458168
9.1 0.46073
9.3 0.463277
9.5 0.465832
9.7 0.468356
9.9 0.470908
10.1 0.473405
10.3 0.475953
10.5 0.478558
10.7 0.481112
10.9 0.483658
11.1 0.486091
11.3 0.488595
11.5 0.491119
11.7 0.493621
11.9 0.496184
12.1 0.498665
12.3 0.501145
12.5 0.503645
12.7 0.50616
12.9 0.50867
13.1 0.511236
13.3 0.513674
13.5 0.516192
13.7 0.518626
13.9 0.521171
14.1 0.523626
14.3 0.526174
14.5 0.528666
14.7 0.531116
14.9 0.533637
15.1 0.536094
15.3 0.538566
15.5 0.541129
15.7 0.543647
15.9 0.546145
16.1 0.548635
16.3 0.551133
16.5 0.553605
16.7 0.556035
16.9 0.558487
17.1 0.560951
17.3 0.563404
17.5 0.565903
17.7 0.568394
17.9 0.570889
18.1 0.573475
18.3 0.575915
18.5 0.57838
18.7 0.580816
18.9 0.583354
19.1 0.585894
19.3 0.588396
19.5 0.590803
19.7 0.593348
19.9 0.595818
20.1 0.598334
20.3 0.600858
20.5 0.603377
20.7 0.60589
20.9 0.608371
21.1 0.610921
21.3 0.61339
21.5 0.615924
21.7 0.618401
21.9 0.620881
22.1 0.623371
22.3 0.625875
22.5 0.62835
22.7 0.630885
22.9 0.63329
23.1 0.635748
23.3 0.63823
23.5 0.64068
23.7 0.643192
23.9 0.645607
24.1 0.648015
24.3 0.650506
24.5 0.65296
24.7 0.655385
24.9 0.657833
25.1 0.660256
25.3 0.662552
25.5 0.664919
25.7 0.667371
25.9 0.66983
26.1 0.672274
26.3 0.674628
26.5 0.677047
26.7 0.679466
26.9 0.681909
27.1 0.684265
27.3 0.686699
27.5 0.68908
27.7 0.691459
27.9 0.693881
28.1 0.696231
28.3 0.698546
28.5 0.700889
28.7 0.703219
28.9 0.705582
29.1 0.707961
29.3 0.710242
29.5 0.712643
29.7 0.714998
29.9 0.71737
30.1 0.719777
30.3 0.722168
30.5 0.724482
30.7 0.726813
30.9 0.729192
31.1 0.731511
31.3 0.73388
31.5 0.736248
31.7 0.738606
31.9 0.741006
32.1 0.74336
32.3 0.745727
32.5 0.748094
32.7 0.75041
32.9 0.752727
33.1 0.755092
33.3 0.757495
33.5 0.759862
33.7 0.762216
33.9 0.764573
34.1 0.76691
34.3 0.769239
34.5 0.771565
34.7 0.773894
34.9 0.776246
35.1 0.778561
35.3 0.78092
35.5 0.78333
35.7 0.785703
35.9 0.78799
36.1 0.79027
36.3 0.792508
36.5 0.794815
36.7 0.797134
36.9 0.799413
37.1 0.801692
37.3 0.803944
37.5 0.806192
37.7 0.80843
37.9 0.810705
38.1 0.812952
38.3 0.815158
38.5 0.817413
38.7 0.819598
38.9 0.821786
39.1 0.823867
39.3 0.825943
39.5 0.828093
39.7 0.830213
39.9 0.832316
40.1 0.834384
40.3 0.836388
40.5 0.838423
40.7 0.840494
40.9 0.842493
41.1 0.844575
41.3 0.846625
41.5 0.848568
41.7 0.850604
41.9 0.852556
42.1 0.854507
42.3 0.856421
42.5 0.858329
42.7 0.860276
42.9 0.862199
43.1 0.864055
43.3 0.865913
43.5 0.867807
43.7 0.869715
43.9 0.871537
44.1 0.873353
44.3 0.875157
44.5 0.876937
44.7 0.878772
44.9 0.880491
45.1 0.882184
45.3 0.883943
45.5 0.885711
45.7 0.887492
45.9 0.889205
46.1 0.8909
46.3 0.89263
46.5 0.894289
46.7 0.895957
46.9 0.897651
47.1 0.899336
47.3 0.901009
47.5 0.902631
47.7 0.90423
47.9 0.905842
48.1 0.907377
48.3 0.908926
48.5 0.910527
48.7 0.91209
48.9 0.913631
49.1 0.91518
49.3 0.916707
49.5 0.918162
49.7 0.919588
49.9 0.920985
50.1 0.922354
50.3 0.923661
50.5 0.924984
50.7 0.926314
50.9 0.927566
51.1 0.92886
51.3 0.930092
51.5 0.931304
51.7 0.932452
51.9 0.933588
52.1 0.934734
52.3 0.935852
52.5 0.936932
52.7 0.937971
52.9 0.939063
53.1 0.940113
53.3 0.941041
53.5 0.942004
53.7 0.942945
53.9 0.943893
54.1 0.944825
54.3 0.945677
54.5 0.946534
54.7 0.947379
54.9 0.948187
55.1 0.948984
55.3 0.949793
55.5 0.950549
55.7 0.951261
55.9 0.951982
56.1 0.95268
56.3 0.953403
56.5 0.954114
56.7 0.954833
56.9 0.955478
57.1 0.956171
57.3 0.956875
57.5 0.957577
57.7 0.958261
57.9 0.958905
58.1 0.959554
58.3 0.960174
58.5 0.960796
58.7 0.961399
58.9 0.962026
59.1 0.962661
59.3 0.963254
59.5 0.963847
59.7 0.964405
59.9 0.965017
60.1 0.965599
60.3 0.966134
60.5 0.966697
60.7 0.967217
60.9 0.967749
61.1 0.96823
61.3 0.968733
61.5 0.969232
61.7 0.969732
61.9 0.970237
62.1 0.970704
62.3 0.971188
62.5 0.971689
62.7 0.972126
62.9 0.97256
63.1 0.972988
63.3 0.973427
63.5 0.973858
63.7 0.974235
63.9 0.974623
64.1 0.974971
64.3 0.975357
64.5 0.975728
64.7 0.976076
64.9 0.976413
65.1 0.976764
65.3 0.977102
65.5 0.977423
65.7 0.977731
65.9 0.978053
66.1 0.978347
66.3 0.978639
66.5 0.978909
66.7 0.979157
66.9 0.979437
67.1 0.9797
67.3 0.97996
67.5 0.980216
67.7 0.980469
67.9 0.980716
68.1 0.980964
68.3 0.98123
68.5 0.981454
68.7 0.981691
68.9 0.981912
69.1 0.982167
69.3 0.982402
69.5 0.982617
69.7 0.982842
69.9 0.983068
70.1 0.983308
70.3 0.983549
70.5 0.983774
70.7 0.983986
70.9 0.984222
71.1 0.984469
71.3 0.98471
71.5 0.984921
71.7 0.98518
71.9 0.985409
72.1 0.985649
72.3 0.985881
72.5 0.986109
72.7 0.986347
72.9 0.986593
73.1 0.986826
73.3 0.987064
73.5 0.987282
73.7 0.987529
73.9 0.987741
74.1 0.987949
74.3 0.988157
74.5 0.988374
74.7 0.988576
74.9 0.988751
75.1 0.988951
75.3 0.989131
75.5 0.989326
75.7 0.989509
75.9 0.989695
76.1 0.989872
76.3 0.990035
76.5 0.990191
76.7 0.990334
76.9 0.990489
77.1 0.990622
77.3 0.990749
77.5 0.990876
77.7 0.991005
77.9 0.99111
78.1 0.991223
78.3 0.991338
78.5 0.991433
78.7 0.991533
78.9 0.991626
79.1 0.991726
79.3 0.991824
79.5 0.991919
79.7 0.992014
79.9 0.992093
80.1 0.992189
80.3 0.992267
80.5 0.992344
80.7 0.992407
80.9 0.992481
81.1 0.992559
81.3 0.992634
81.5 0.992708
81.7 0.992778
81.9 0.992846
82.1 0.992926
82.3 0.993001
82.5 0.993069
82.7 0.99315
82.9 0.993214
83.1 0.993302
83.3 0.99338
83.5 0.993458
83.7 0.993547
83.9 0.993638
84.1 0.993733
84.3 0.993827
84.5 0.993913
84.7 0.994009
84.9 0.994086
85.1 0.994168
85.3 0.994249
85.5 0.994333
85.7 0.994423
85.9 0.994527
86.1 0.994631
86.3 0.994733
86.5 0.994832
86.7 0.994948
86.9 0.995046
87.1 0.995149
87.3 0.995249
87.5 0.995348
87.7 0.995461
87.9 0.995557
88.1 0.99566
88.3 0.99577
88.5 0.995878
88.7 0.99599
88.9 0.996101
89.1 0.996191
89.3 0.996299
89.5 0.99639
89.7 0.996488
89.9 0.996577
90.1 0.996671
90.3 0.996765
90.5 0.99684
90.7 0.996922
90.9 0.997
91.1 0.997077
91.3 0.997143
91.5 0.997213
91.7 0.997283
91.9 0.997345
92.1 0.997401
92.3 0.997461
92.5 0.997504
92.7 0.997553
92.9 0.997598
93.1 0.997641
93.3 0.99769
93.5 0.997749
93.7 0.997797
93.9 0.997837
94.1 0.997883
94.3 0.997928
94.5 0.997968
94.7 0.998005
94.9 0.998056
95.1 0.998099
95.3 0.99813
95.5 0.998175
95.7 0.998212
95.9 0.998246
96.1 0.99828
96.3 0.998317
96.5 0.998352
96.7 0.99839
96.9 0.998434
97.1 0.998471
97.3 0.998514
97.5 0.998551
97.7 0.998585
97.9 0.998626
98.1 0.998673
98.3 0.998718
98.5 0.998764
98.7 0.998805
98.9 0.998862
99.1 0.998904
99.3 0.998949
99.5 0.999
99.7 0.999047
99.9 0.999103
100.1 0.999148
100.3 0.999194
100.5 0.999242
100.7 0.999289
100.9 0.999343
101.1 0.999384
101.3 0.999432
101.5 0.999473
101.7 0.999507
101.9 0.999552
102.1 0.999592
102.3 0.999625
102.5 0.999652
102.7 0.999683
102.9 0.999714
103.1 0.999743
103.3 0.999769
103.5 0.999791
103.7 0.999814
103.9 0.999835
104.1 0.999848
104.3 0.999863
104.5 0.999875
104.7 0.999887
104.9 0.999893
105.1 0.999902
105.3 0.99991
105.5 0.999916
105.7 0.999918
105.9 0.999924
106.1 0.999928
106.3 0.999935
106.5 0.999939
106.7 0.999942
106.9 0.999944
107.1 0.999948
107.3 0.99995
107.5 0.999953
107.7 0.999956
107.9 0.999959
108.1 0.99996
108.3 0.999962
108.5 0.999964
108.7 0.999966
108.9 0.999967
109.1 0.999969
109.3 0.999971
109.5 0.999972
109.7 0.999974
109.9 0.999975
110.1 0.999975
110.3 0.999975
110.5 0.999977
110.7 0.999977
110.9 0.999979
111.1 0.99998
111.3 0.999982
111.5 0.999983
111.7 0.999987
111.9 0.999989
112.1 0.999989
112.3 0.99999
112.5 0.999991
112.7 0.999991
112.9 0.999991
113.1 0.999992
113.3 0.999993
113.5 0.999993
113.7 0.999993
113.9 0.999993
114.1 0.999993
114.3 0.999994
114.5 0.999994
114.7 0.999995
114.9 0.999995
115.1 0.999995
115.3 0.999996
115.5 0.999997
115.7 0.999997
115.9 0.999997
116.1 0.999997
116.3 0.999997
116.5 0.999997
116.7 0.999997
116.9 0.999997
117.1 0.999997
117.3 0.999997
117.5 0.999997
117.7 0.999997
117.9 0.999998
118.1 0.999998
118.3 0.999998
118.5 0.999998
118.7 0.999998
118.9 0.999999
119.1 0.999999
119.3 0.999999
119.5 1
119.7 1
119.9 1
