700
0.001 0.00322177
0.002 0.00692441
0.003 0.0102904
0.004 0.013416
0.005 0.0171668
0.006 0.0207251
0.007 0.0240431
0.008 0.027361
0.009 0.0309194
0.01 0.0348144
0.011 0.0387575
0.012 0.0426043
0.013 0.0466436
0.014 0.0510675
0.015 0.0550587
0.016 0.0581843
0.017 0.0612618
0.018 0.0654934
0.019 0.0688594
0.02 0.0722735
0.021 0.0755434
0.022 0.0790537
0.023 0.0828525
0.024 0.0868917
0.025 0.0901616
0.026 0.0941046
0.027 0.0972302
0.028 0.100981
0.029 0.104636
0.03 0.10853
0.031 0.111897
0.032 0.114974
0.033 0.1181
0.034 0.122043
0.035 0.125938
0.036 0.129688
0.037 0.13416
0.038 0.137863
0.039 0.142191
0.04 0.145701
0.041 0.149356
0.042 0.152722
0.043 0.157194
0.044 0.161329
0.045 0.16431
0.046 0.167773
0.047 0.171283
0.048 0.174553
0.049 0.178304
0.05 0.182487
0.051 0.186334
0.052 0.190277
0.053 0.194605
0.054 0.198211
0.055 0.202683
0.056 0.206819
0.057 0.210377
0.058 0.214512
0.059 0.218119
0.06 0.221389
0.061 0.226149
0.062 0.230429
0.063 0.233987
0.064 0.237834
0.065 0.241922
0.066 0.245143
0.067 0.248557
0.068 0.251779
0.069 0.256011
0.07 0.259665
0.071 0.263512
0.072 0.267359
0.073 0.26986
0.074 0.273755
0.075 0.276736
0.076 0.280006
0.077 0.284285
0.078 0.288661
0.079 0.292123
0.08 0.296355
0.081 0.300346
0.082 0.303953
0.083 0.308761
0.084 0.312752
0.085 0.31684
0.086 0.320302
0.087 0.324966
0.088 0.328813
0.089 0.333237
0.09 0.336363
0.091 0.340065
0.092 0.343768
0.093 0.347519
0.094 0.351558
0.095 0.35579
0.096 0.359877
0.097 0.364782
0.098 0.368821
0.099 0.372764
0.1 0.377813
0.101 0.381804
0.102 0.385603
0.103 0.389642
0.104 0.393441
0.105 0.396951
0.106 0.400221
0.107 0.404068
0.108 0.408204
0.109 0.413012
0.11 0.416715
0.111 0.420946
0.112 0.424889
0.113 0.428736
0.114 0.432968
0.115 0.437632
0.116 0.441623
0.117 0.445278
0.118 0.449558
0.119 0.453789
0.12 0.457348
0.121 0.461771
0.122 0.466244
0.123 0.470379
0.124 0.47413
0.125 0.47788
0.126 0.482449
0.127 0.48668
0.128 0.491344
0.129 0.49548
0.13 0.500048
0.131 0.503703
0.132 0.507021
0.133 0.510387
0.134 0.514474
0.135 0.518225
0.136 0.5226
0.137 0.526159
0.138 0.529862
0.139 0.534526
0.14 0.538613
0.141 0.542027
0.142 0.545826
0.143 0.550298
0.144 0.555155
0.145 0.559194
0.146 0.562897
0.147 0.566888
0.148 0.571023
0.149 0.574726
0.15 0.578957
0.151 0.58266
0.152 0.586122
0.153 0.590739
0.154 0.593912
0.155 0.597567
0.156 0.602087
0.157 0.605597
0.158 0.609925
0.159 0.613483
0.16 0.616994
0.161 0.621177
0.162 0.62512
0.163 0.629833
0.164 0.634353
0.165 0.638825
0.166 0.642768
0.167 0.646422
0.168 0.65051
0.169 0.654357
0.17 0.658107
0.171 0.661714
0.172 0.665368
0.173 0.669215
0.174 0.673399
0.175 0.676957
0.176 0.681093
0.177 0.684603
0.178 0.688402
0.179 0.692681
0.18 0.69624
0.181 0.699317
0.182 0.702154
0.183 0.70528
0.184 0.70879
0.185 0.713118
0.186 0.717061
0.187 0.720235
0.188 0.723601
0.189 0.726967
0.19 0.731391
0.191 0.735574
0.192 0.738796
0.193 0.741922
0.194 0.745384
0.195 0.748894
0.196 0.752597
0.197 0.75577
0.198 0.759617
0.199 0.762502
0.2 0.765724
0.201 0.76909
0.202 0.771735
0.203 0.775197
0.204 0.777409
0.205 0.780342
0.206 0.783805
0.207 0.787171
0.208 0.789767
0.209 0.792989
0.21 0.79597
0.211 0.799
0.212 0.802654
0.213 0.805395
0.214 0.80828
0.215 0.811598
0.216 0.814628
0.217 0.817609
0.218 0.820494
0.219 0.823331
0.22 0.82588
0.221 0.828525
0.222 0.831218
0.223 0.833958
0.224 0.836074
0.225 0.837853
0.226 0.839248
0.227 0.841748
0.228 0.844297
0.229 0.846846
0.23 0.84949
0.231 0.851558
0.232 0.854058
0.233 0.856559
0.234 0.858723
0.235 0.861271
0.236 0.863483
0.237 0.865984
0.238 0.868292
0.239 0.869686
0.24 0.871754
0.241 0.87387
0.242 0.875842
0.243 0.877717
0.244 0.879256
0.245 0.881179
0.246 0.883728
0.247 0.885843
0.248 0.887142
0.249 0.888969
0.25 0.890796
0.251 0.892816
0.252 0.894547
0.253 0.896422
0.254 0.897817
0.255 0.8995
0.256 0.900894
0.257 0.902914
0.258 0.904645
0.259 0.906328
0.26 0.907819
0.261 0.908829
0.262 0.909935
0.263 0.911233
0.264 0.912627
0.265 0.913685
0.266 0.915032
0.267 0.916042
0.268 0.917196
0.269 0.918879
0.27 0.920417
0.271 0.921427
0.272 0.922822
0.273 0.923832
0.274 0.924889
0.275 0.92614
0.276 0.927342
0.277 0.928448
0.278 0.92989
0.279 0.930708
0.28 0.93191
0.281 0.933497
0.282 0.934459
0.283 0.935228
0.284 0.935709
0.285 0.936863
0.286 0.937969
0.287 0.939075
0.288 0.93994
0.289 0.940854
0.29 0.942249
0.291 0.94297
0.292 0.94422
0.293 0.945278
0.294 0.946095
0.295 0.947105
0.296 0.947971
0.297 0.948932
0.298 0.949606
0.299 0.950423
0.3 0.951289
0.301 0.951962
0.302 0.952779
0.303 0.953356
0.304 0.954655
0.305 0.955232
0.306 0.956145
0.307 0.956867
0.308 0.957588
0.309 0.958309
0.31 0.958886
0.311 0.959367
0.312 0.960233
0.313 0.961002
0.314 0.961675
0.315 0.962156
0.316 0.962685
0.317 0.963695
0.318 0.964368
0.319 0.964993
0.32 0.965811
0.321 0.966484
0.322 0.966772
0.323 0.967061
0.324 0.96759
0.325 0.968071
0.326 0.968311
0.327 0.968936
0.328 0.969273
0.329 0.969658
0.33 0.970187
0.331 0.970475
0.332 0.970908
0.333 0.971244
0.334 0.971581
0.335 0.971966
0.336 0.972158
0.337 0.972639
0.338 0.973072
0.339 0.973264
0.34 0.973745
0.341 0.97413
0.342 0.974659
0.343 0.975139
0.344 0.975428
0.345 0.975765
0.346 0.976294
0.347 0.976678
0.348 0.977111
0.349 0.977496
0.35 0.978025
0.351 0.978361
0.352 0.97865
0.353 0.979083
0.354 0.979323
0.355 0.979852
0.356 0.979996
0.357 0.980188
0.358 0.980429
0.359 0.980862
0.36 0.981198
0.361 0.981439
0.362 0.981775
0.363 0.981872
0.364 0.982064
0.365 0.982352
0.366 0.982545
0.367 0.982929
0.368 0.983074
0.369 0.983362
0.37 0.983891
0.371 0.984276
0.372 0.984564
0.373 0.984853
0.374 0.985238
0.375 0.985478
0.376 0.985526
0.377 0.98567
0.378 0.986007
0.379 0.986247
0.38 0.986344
0.381 0.986392
0.382 0.98668
0.383 0.986969
0.384 0.987161
0.385 0.987305
0.386 0.98745
0.387 0.987594
0.388 0.987834
0.389 0.987978
0.39 0.988219
0.391 0.988411
0.392 0.988604
0.393 0.988796
0.394 0.988988
0.395 0.989084
0.396 0.989133
0.397 0.989229
0.398 0.989421
0.399 0.989517
0.4 0.989565
0.401 0.989661
0.402 0.989661
0.403 0.989854
0.404 0.990094
0.405 0.990335
0.406 0.990575
0.407 0.990623
0.408 0.990767
0.409 0.99096
0.41 0.991008
0.411 0.991056
0.412 0.991152
0.413 0.991393
0.414 0.991441
0.415 0.991633
0.416 0.991777
0.417 0.99197
0.418 0.992114
0.419 0.992162
0.42 0.992258
0.421 0.992354
0.422 0.992402
0.423 0.992499
0.424 0.992643
0.425 0.992643
0.426 0.992787
0.427 0.992835
0.428 0.992883
0.429 0.992979
0.43 0.993076
0.431 0.993172
0.432 0.993268
0.433 0.993268
0.434 0.993268
0.435 0.993268
0.436 0.993412
0.437 0.993412
0.438 0.993508
0.439 0.993556
0.44 0.993556
0.441 0.993556
0.442 0.993605
0.443 0.993797
0.444 0.993845
0.445 0.993893
0.446 0.994037
0.447 0.994085
0.448 0.994182
0.449 0.994278
0.45 0.994326
0.451 0.994326
0.452 0.994422
0.453 0.99447
0.454 0.99447
0.455 0.994614
0.456 0.994711
0.457 0.994855
0.458 0.994951
0.459 0.994951
0.46 0.994951
0.461 0.994951
0.462 0.994951
0.463 0.994999
0.464 0.995047
0.465 0.995047
0.466 0.995095
0.467 0.995143
0.468 0.995191
0.469 0.995288
0.47 0.995336
0.471 0.995336
0.472 0.995336
0.473 0.995432
0.474 0.99548
0.475 0.995624
0.476 0.995672
0.477 0.995672
0.478 0.995768
0.479 0.995768
0.48 0.995768
0.481 0.995768
0.482 0.995817
0.483 0.995865
0.484 0.995913
0.485 0.995913
0.486 0.995961
0.487 0.996009
0.488 0.996009
0.489 0.996105
0.49 0.996201
0.491 0.996201
0.492 0.996201
0.493 0.996297
0.494 0.996394
0.495 0.996442
0.496 0.99649
0.497 0.996586
0.498 0.996586
0.499 0.996586
0.5 0.996634
0.501 0.996634
0.502 0.996778
0.503 0.996778
0.504 0.996778
0.505 0.996778
0.506 0.996778
0.507 0.996874
0.508 0.996922
0.509 0.996922
0.51 0.996971
0.511 0.996971
0.512 0.997067
0.513 0.997115
0.514 0.997115
0.515 0.997211
0.516 0.997211
0.517 0.997211
0.518 0.997403
0.519 0.997403
0.52 0.9975
0.521 0.997548
0.522 0.997596
0.523 0.997596
0.524 0.997596
0.525 0.997644
0.526 0.997644
0.527 0.997644
0.528 0.99774
0.529 0.99774
0.53 0.99774
0.531 0.997788
0.532 0.997788
0.533 0.997788
0.534 0.997836
0.535 0.997836
0.536 0.997836
0.537 0.997836
0.538 0.997884
0.539 0.997884
0.54 0.997884
0.541 0.997932
0.542 0.99798
0.543 0.998028
0.544 0.998077
0.545 0.998077
0.546 0.998077
0.547 0.998125
0.548 0.998125
0.549 0.998125
0.55 0.998125
0.551 0.998125
0.552 0.998125
0.553 0.998173
0.554 0.998173
0.555 0.998221
0.556 0.998221
0.557 0.998221
0.558 0.998221
0.559 0.998221
0.56 0.998221
0.561 0.998269
0.562 0.998269
0.563 0.998269
0.564 0.998269
0.565 0.998269
0.566 0.998269
0.567 0.998317
0.568 0.998317
0.569 0.998317
0.57 0.998317
0.571 0.998317
0.572 0.998365
0.573 0.998509
0.574 0.998509
0.575 0.998557
0.576 0.998557
0.577 0.998557
0.578 0.998557
0.579 0.998606
0.58 0.998606
0.581 0.998606
0.582 0.998606
0.583 0.998606
0.584 0.998606
0.585 0.998702
0.586 0.99875
0.587 0.998798
0.588 0.998894
0.589 0.998894
0.59 0.998894
0.591 0.998894
0.592 0.998894
0.593 0.998894
0.594 0.998942
0.595 0.99899
0.596 0.99899
0.597 0.999038
0.598 0.999038
0.599 0.999038
0.6 0.999086
0.601 0.999086
0.602 0.999086
0.603 0.999086
0.604 0.999086
0.605 0.999086
0.606 0.999086
0.607 0.999086
0.608 0.999134
0.609 0.999134
0.61 0.999134
0.611 0.999134
0.612 0.999183
0.613 0.999183
0.614 0.999231
0.615 0.999231
0.616 0.999231
0.617 0.999231
0.618 0.999231
0.619 0.999231
0.62 0.999231
0.621 0.999231
0.622 0.999231
0.623 0.999231
0.624 0.999279
0.625 0.999279
0.626 0.999375
0.627 0.999423
0.628 0.999471
0.629 0.999471
0.63 0.999471
0.631 0.999471
0.632 0.999471
0.633 0.999471
0.634 0.999471
0.635 0.999519
0.636 0.999519
0.637 0.999519
0.638 0.999519
0.639 0.999519
0.64 0.999567
0.641 0.999615
0.642 0.999615
0.643 0.999615
0.644 0.999615
0.645 0.999615
0.646 0.999615
0.647 0.999615
0.648 0.999615
0.649 0.999615
0.65 0.999615
0.651 0.999615
0.652 0.999615
0.653 0.999615
0.654 0.999615
0.655 0.999615
0.656 0.999615
0.657 0.999615
0.658 0.999615
0.659 0.999615
0.66 0.999615
0.661 0.999615
0.662 0.999663
0.663 0.999663
0.664 0.999663
0.665 0.999711
0.666 0.999711
0.667 0.999711
0.668 0.999711
0.669 0.999711
0.67 0.999711
0.671 0.999711
0.672 0.999711
0.673 0.999711
0.674 0.999711
0.675 0.99976
0.676 0.999808
0.677 0.999808
0.678 0.999808
0.679 0.999808
0.68 0.999808
0.681 0.999856
0.682 0.999856
0.683 0.999856
0.684 0.999904
0.685 0.999904
0.686 0.999952
0.687 0.999952
0.688 0.999952
0.689 0.999952
0.69 0.999952
0.691 0.999952
0.692 0.999952
0.693 0.999952
0.694 0.999952
0.695 0.999952
0.696 0.999952
0.697 0.999952
0.698 0.999952
0.699 1
0.7 1
