913
-1016.3 0.00137931
-1016.1 0.00137931
-1015.9 0.00137931
-1015.7 0.00275862
-1015.5 0.00275862
-1015.3 0.00275862
-1015.1 0.00275862
-1014.9 0.00689655
-1014.7 0.00827586
-1014.5 0.0193103
-1014.3 0.0206897
-1014.1 0.0275862
-1013.9 0.0331034
-1013.7 0.0372414
-1013.5 0.04
-1013.3 0.0427586
-1013.1 0.0441379
-1012.9 0.0482759
-1012.7 0.0537931
-1012.5 0.0551724
-1012.3 0.057931
-1012.1 0.0593103
-1011.9 0.062069
-1011.7 0.062069
-1011.5 0.0634483
-1011.3 0.0662069
-1011.1 0.0675862
-1010.9 0.0717241
-1010.7 0.0717241
-1010.5 0.0744828
-1010.3 0.0786207
-1010.1 0.08
-1009.9 0.0827586
-1009.7 0.0855172
-1009.5 0.0855172
-1009.3 0.0937931
-1009.1 0.0951724
-1008.9 0.0965517
-1008.7 0.0993103
-1008.5 0.102069
-1008.3 0.104828
-1008.1 0.111724
-1007.9 0.111724
-1007.7 0.114483
-1007.5 0.122759
-1007.3 0.125517
-1007.1 0.129655
-1006.9 0.132414
-1006.7 0.135172
-1006.5 0.136552
-1006.3 0.13931
-1006.1 0.143448
-1005.9 0.143448
-1005.7 0.144828
-1005.5 0.150345
-1005.3 0.151724
-1005.1 0.153103
-1004.9 0.153103
-1004.7 0.158621
-1004.5 0.16
-1004.3 0.165517
-1004.1 0.165517
-1003.9 0.166897
-1003.7 0.169655
-1003.5 0.169655
-1003.3 0.171034
-1003.1 0.171034
-1002.9 0.17931
-1002.7 0.182069
-1002.5 0.183448
-1002.3 0.183448
-1002.1 0.184828
-1001.9 0.187586
-1001.7 0.187586
-1001.5 0.188966
-1001.3 0.194483
-1001.1 0.195862
-1000.9 0.198621
-1000.7 0.201379
-1000.5 0.204138
-1000.3 0.206897
-1000.1 0.215172
-999.9 0.216552
-999.7 0.222069
-999.5 0.223448
-999.3 0.224828
-999.1 0.233103
-998.9 0.233103
-998.7 0.238621
-998.5 0.238621
-998.3 0.238621
-998.1 0.24
-997.9 0.242759
-997.7 0.246897
-997.5 0.252414
-997.3 0.253793
-997.1 0.253793
-996.9 0.255172
-996.7 0.257931
-996.5 0.262069
-996.3 0.266207
-996.1 0.268966
-995.9 0.271724
-995.7 0.271724
-995.5 0.275862
-995.3 0.278621
-995.1 0.278621
-994.9 0.28
-994.7 0.282759
-994.5 0.285517
-994.3 0.285517
-994.1 0.286897
-993.9 0.289655
-993.7 0.295172
-993.5 0.296552
-993.3 0.297931
-993.1 0.306207
-992.9 0.307586
-992.7 0.308966
-992.5 0.313103
-992.3 0.313103
-992.1 0.315862
-991.9 0.317241
-991.7 0.321379
-991.5 0.322759
-991.3 0.325517
-991.1 0.328276
-990.9 0.329655
-990.7 0.332414
-990.5 0.333793
-990.3 0.335172
-990.1 0.337931
-989.9 0.34069
-989.7 0.344828
-989.5 0.347586
-989.3 0.350345
-989.1 0.354483
-988.9 0.357241
-988.7 0.361379
-988.5 0.364138
-988.3 0.369655
-988.1 0.369655
-987.9 0.371034
-987.7 0.372414
-987.5 0.377931
-987.3 0.37931
-987.1 0.382069
-986.9 0.384828
-986.7 0.388966
-986.5 0.391724
-986.3 0.394483
-986.1 0.397241
-985.9 0.398621
-985.7 0.401379
-985.5 0.404138
-985.3 0.404138
-985.1 0.406897
-984.9 0.408276
-984.7 0.408276
-984.5 0.411034
-984.3 0.411034
-984.1 0.416552
-983.9 0.41931
-983.7 0.423448
-983.5 0.426207
-983.3 0.430345
-983.1 0.433103
-982.9 0.434483
-982.7 0.434483
-982.5 0.434483
-982.3 0.435862
-982.1 0.44
-981.9 0.445517
-981.7 0.446897
-981.5 0.448276
-981.3 0.451034
-981.1 0.453793
-980.9 0.455172
-980.7 0.457931
-980.5 0.457931
-980.3 0.457931
-980.1 0.462069
-979.9 0.464828
-979.7 0.464828
-979.5 0.468966
-979.3 0.470345
-979.1 0.470345
-978.9 0.474483
-978.7 0.477241
-978.5 0.48
-978.3 0.485517
-978.1 0.488276
-977.9 0.492414
-977.7 0.495172
-977.5 0.496552
-977.3 0.496552
-977.1 0.496552
-976.9 0.497931
-976.7 0.49931
-976.5 0.504828
-976.3 0.506207
-976.1 0.510345
-975.9 0.514483
-975.7 0.515862
-975.5 0.518621
-975.3 0.518621
-975.1 0.52
-974.9 0.52
-974.7 0.522759
-974.5 0.526897
-974.3 0.529655
-974.1 0.531034
-973.9 0.531034
-973.7 0.536552
-973.5 0.536552
-973.3 0.53931
-973.1 0.53931
-972.9 0.543448
-972.7 0.546207
-972.5 0.550345
-972.3 0.553103
-972.1 0.56
-971.9 0.562759
-971.7 0.564138
-971.5 0.566897
-971.3 0.568276
-971.1 0.569655
-970.9 0.573793
-970.7 0.573793
-970.5 0.576552
-970.3 0.576552
-970.1 0.58069
-969.9 0.582069
-969.7 0.584828
-969.5 0.587586
-969.3 0.588966
-969.1 0.590345
-968.9 0.593103
-968.7 0.597241
-968.5 0.6
-968.3 0.6
-968.1 0.601379
-967.9 0.601379
-967.7 0.601379
-967.5 0.606897
-967.3 0.609655
-967.1 0.609655
-966.9 0.612414
-966.7 0.617931
-966.5 0.61931
-966.3 0.622069
-966.1 0.623448
-965.9 0.623448
-965.7 0.626207
-965.5 0.626207
-965.3 0.627586
-965.1 0.628966
-964.9 0.628966
-964.7 0.635862
-964.5 0.637241
-964.3 0.637241
-964.1 0.638621
-963.9 0.641379
-963.7 0.644138
-963.5 0.645517
-963.3 0.651034
-963.1 0.652414
-962.9 0.655172
-962.7 0.656552
-962.5 0.656552
-962.3 0.662069
-962.1 0.664828
-961.9 0.666207
-961.7 0.666207
-961.5 0.666207
-961.3 0.667586
-961.1 0.670345
-960.9 0.671724
-960.7 0.671724
-960.5 0.671724
-960.3 0.674483
-960.1 0.674483
-959.9 0.677241
-959.7 0.678621
-959.5 0.684138
-959.3 0.685517
-959.1 0.686897
-958.9 0.689655
-958.7 0.692414
-958.5 0.692414
-958.3 0.692414
-958.1 0.692414
-957.9 0.695172
-957.7 0.697931
-957.5 0.69931
-957.3 0.69931
-957.1 0.69931
-956.9 0.703448
-956.7 0.706207
-956.5 0.706207
-956.3 0.708966
-956.1 0.708966
-955.9 0.710345
-955.7 0.711724
-955.5 0.713103
-955.3 0.713103
-955.1 0.714483
-954.9 0.717241
-954.7 0.72
-954.5 0.725517
-954.3 0.728276
-954.1 0.728276
-953.9 0.729655
-953.7 0.731034
-953.5 0.733793
-953.3 0.736552
-953.1 0.74069
-952.9 0.747586
-952.7 0.747586
-952.5 0.750345
-952.3 0.751724
-952.1 0.751724
-951.9 0.754483
-951.7 0.757241
-951.5 0.758621
-951.3 0.762759
-951.1 0.764138
-950.9 0.766897
-950.7 0.768276
-950.5 0.768276
-950.3 0.768276
-950.1 0.772414
-949.9 0.773793
-949.7 0.775172
-949.5 0.775172
-949.3 0.776552
-949.1 0.776552
-948.9 0.777931
-948.7 0.777931
-948.5 0.77931
-948.3 0.782069
-948.1 0.784828
-947.9 0.784828
-947.7 0.784828
-947.5 0.784828
-947.3 0.784828
-947.1 0.786207
-946.9 0.788966
-946.7 0.790345
-946.5 0.790345
-946.3 0.791724
-946.1 0.795862
-945.9 0.795862
-945.7 0.795862
-945.5 0.795862
-945.3 0.797241
-945.1 0.802759
-944.9 0.802759
-944.7 0.804138
-944.5 0.805517
-944.3 0.808276
-944.1 0.809655
-943.9 0.811034
-943.7 0.812414
-943.5 0.817931
-943.3 0.817931
-943.1 0.82069
-942.9 0.822069
-942.7 0.823448
-942.5 0.824828
-942.3 0.826207
-942.1 0.826207
-941.9 0.827586
-941.7 0.827586
-941.5 0.828966
-941.3 0.833103
-941.1 0.834483
-940.9 0.835862
-940.7 0.837241
-940.5 0.837241
-940.3 0.837241
-940.1 0.84
-939.9 0.842759
-939.7 0.842759
-939.5 0.846897
-939.3 0.848276
-939.1 0.851034
-938.9 0.853793
-938.7 0.855172
-938.5 0.856552
-938.3 0.85931
-938.1 0.85931
-937.9 0.862069
-937.7 0.862069
-937.5 0.864828
-937.3 0.867586
-937.1 0.868966
-936.9 0.870345
-936.7 0.870345
-936.5 0.873103
-936.3 0.874483
-936.1 0.877241
-935.9 0.878621
-935.7 0.878621
-935.5 0.881379
-935.3 0.881379
-935.1 0.881379
-934.9 0.882759
-934.7 0.885517
-934.5 0.888276
-934.3 0.888276
-934.1 0.891034
-933.9 0.891034
-933.7 0.891034
-933.5 0.893793
-933.3 0.89931
-933.1 0.89931
-932.9 0.902069
-932.7 0.902069
-932.5 0.903448
-932.3 0.904828
-932.1 0.906207
-931.9 0.906207
-931.7 0.906207
-931.5 0.906207
-931.3 0.907586
-931.1 0.908966
-930.9 0.908966
-930.7 0.911724
-930.5 0.911724
-930.3 0.913103
-930.1 0.914483
-929.9 0.915862
-929.7 0.92
-929.5 0.92
-929.3 0.92
-929.1 0.922759
-928.9 0.924138
-928.7 0.924138
-928.5 0.924138
-928.3 0.924138
-928.1 0.928276
-927.9 0.931034
-927.7 0.935172
-927.5 0.935172
-927.3 0.935172
-927.1 0.935172
-926.9 0.936552
-926.7 0.937931
-926.5 0.93931
-926.3 0.943448
-926.1 0.948966
-925.9 0.948966
-925.7 0.951724
-925.5 0.953103
-925.3 0.953103
-925.1 0.954483
-924.9 0.954483
-924.7 0.955862
-924.5 0.958621
-924.3 0.96
-924.1 0.96
-923.9 0.962759
-923.7 0.962759
-923.5 0.965517
-923.3 0.965517
-923.1 0.965517
-922.9 0.966897
-922.7 0.966897
-922.5 0.968276
-922.3 0.969655
-922.1 0.971034
-921.9 0.972414
-921.7 0.972414
-921.5 0.972414
-921.3 0.972414
-921.1 0.972414
-920.9 0.973793
-920.7 0.976552
-920.5 0.976552
-920.3 0.977931
-920.1 0.97931
-919.9 0.982069
-919.7 0.982069
-919.5 0.982069
-919.3 0.982069
-919.1 0.983448
-918.9 0.983448
-918.7 0.983448
-918.5 0.983448
-918.3 0.984828
-918.1 0.984828
-917.9 0.984828
-917.7 0.984828
-917.5 0.984828
-917.3 0.986207
-917.1 0.986207
-916.9 0.986207
-916.7 0.986207
-916.5 0.986207
-916.3 0.986207
-916.1 0.986207
-915.9 0.986207
-915.7 0.986207
-915.5 0.986207
-915.3 0.987586
-915.1 0.988966
-914.9 0.988966
-914.7 0.988966
-914.5 0.988966
-914.3 0.988966
-914.1 0.988966
-913.9 0.988966
-913.7 0.988966
-913.5 0.988966
-913.3 0.988966
-913.1 0.988966
-912.9 0.988966
-912.7 0.988966
-912.5 0.988966
-912.3 0.990345
-912.1 0.990345
-911.9 0.990345
-911.7 0.990345
-911.5 0.991724
-911.3 0.991724
-911.1 0.991724
-910.9 0.991724
-910.7 0.991724
-910.5 0.991724
-910.3 0.991724
-910.1 0.991724
-909.9 0.991724
-909.7 0.991724
-909.5 0.991724
-909.3 0.993103
-909.1 0.993103
-908.9 0.993103
-908.7 0.993103
-908.5 0.993103
-908.3 0.993103
-908.1 0.993103
-907.9 0.993103
-907.7 0.993103
-907.5 0.993103
-907.3 0.993103
-907.1 0.993103
-906.9 0.993103
-906.7 0.993103
-906.5 0.993103
-906.3 0.993103
-906.1 0.993103
-905.9 0.993103
-905.7 0.993103
-905.5 0.993103
-905.3 0.993103
-905.1 0.993103
-904.9 0.993103
-904.7 0.993103
-904.5 0.993103
-904.3 0.993103
-904.1 0.994483
-903.9 0.994483
-903.7 0.994483
-903.5 0.994483
-903.3 0.994483
-903.1 0.994483
-902.9 0.994483
-902.7 0.994483
-902.5 0.995862
-902.3 0.995862
-902.1 0.995862
-901.9 0.995862
-901.7 0.995862
-901.5 0.995862
-901.3 0.995862
-901.1 0.995862
-900.9 0.995862
-900.7 0.995862
-900.5 0.995862
-900.3 0.995862
-900.1 0.995862
-899.9 0.995862
-899.7 0.995862
-899.5 0.995862
-899.3 0.995862
-899.1 0.995862
-898.9 0.995862
-898.7 0.995862
-898.5 0.995862
-898.3 0.995862
-898.1 0.995862
-897.9 0.995862
-897.7 0.995862
-897.5 0.995862
-897.3 0.995862
-897.1 0.995862
-896.9 0.995862
-896.7 0.995862
-896.5 0.997241
-896.3 0.997241
-896.1 0.997241
-895.9 0.997241
-895.7 0.997241
-895.5 0.997241
-895.3 0.997241
-895.1 0.997241
-894.9 0.997241
-894.7 0.997241
-894.5 0.997241
-894.3 0.997241
-894.1 0.997241
-893.9 0.997241
-893.7 0.997241
-893.5 0.997241
-893.3 0.997241
-893.1 0.997241
-892.9 0.997241
-892.7 0.997241
-892.5 0.997241
-892.3 0.997241
-892.1 0.997241
-891.9 0.997241
-891.7 0.997241
-891.5 0.997241
-891.3 0.997241
-891.1 0.997241
-890.9 0.997241
-890.7 0.997241
-890.5 0.997241
-890.3 0.997241
-890.1 0.997241
-889.9 0.997241
-889.7 0.997241
-889.5 0.997241
-889.3 0.997241
-889.1 0.997241
-888.9 0.997241
-888.7 0.997241
-888.5 0.997241
-888.3 0.997241
-888.1 0.997241
-887.9 0.997241
-887.7 0.997241
-887.5 0.997241
-887.3 0.997241
-887.1 0.997241
-886.9 0.997241
-886.7 0.997241
-886.5 0.997241
-886.3 0.997241
-886.1 0.997241
-885.9 0.997241
-885.7 0.997241
-885.5 0.997241
-885.3 0.997241
-885.1 0.997241
-884.9 0.997241
-884.7 0.997241
-884.5 0.997241
-884.3 0.997241
-884.1 0.998621
-883.9 0.998621
-883.7 0.998621
-883.5 0.998621
-883.3 0.998621
-883.1 0.998621
-882.9 0.998621
-882.7 0.998621
-882.5 0.998621
-882.3 0.998621
-882.1 0.998621
-881.9 0.998621
-881.7 0.998621
-881.5 0.998621
-881.3 0.998621
-881.1 0.998621
-880.9 0.998621
-880.7 0.998621
-880.5 0.998621
-880.3 0.998621
-880.1 0.998621
-879.9 0.998621
-879.7 0.998621
-879.5 0.998621
-879.3 0.998621
-879.1 0.998621
-878.9 0.998621
-878.7 0.998621
-878.5 0.998621
-878.3 0.998621
-878.1 0.998621
-877.9 0.998621
-877.7 0.998621
-877.5 0.998621
-877.3 0.998621
-877.1 0.998621
-876.9 0.998621
-876.7 0.998621
-876.5 0.998621
-876.3 0.998621
-876.1 0.998621
-875.9 0.998621
-875.7 0.998621
-875.5 0.998621
-875.3 0.998621
-875.1 0.998621
-874.9 0.998621
-874.7 0.998621
-874.5 0.998621
-874.3 0.998621
-874.1 0.998621
-873.9 0.998621
-873.7 0.998621
-873.5 0.998621
-873.3 0.998621
-873.1 0.998621
-872.9 0.998621
-872.7 0.998621
-872.5 0.998621
-872.3 0.998621
-872.1 0.998621
-871.9 0.998621
-871.7 0.998621
-871.5 0.998621
-871.3 0.998621
-871.1 0.998621
-870.9 0.998621
-870.7 0.998621
-870.5 0.998621
-870.3 0.998621
-870.1 0.998621
-869.9 0.998621
-869.7 0.998621
-869.5 0.998621
-869.3 0.998621
-869.1 0.998621
-868.9 0.998621
-868.7 0.998621
-868.5 0.998621
-868.3 0.998621
-868.1 0.998621
-867.9 0.998621
-867.7 0.998621
-867.5 0.998621
-867.3 0.998621
-867.1 0.998621
-866.9 0.998621
-866.7 0.998621
-866.5 0.998621
-866.3 0.998621
-866.1 0.998621
-865.9 0.998621
-865.7 0.998621
-865.5 0.998621
-865.3 0.998621
-865.1 0.998621
-864.9 0.998621
-864.7 0.998621
-864.5 0.998621
-864.3 0.998621
-864.1 0.998621
-863.9 0.998621
-863.7 0.998621
-863.5 0.998621
-863.3 0.998621
-863.1 0.998621
-862.9 0.998621
-862.7 0.998621
-862.5 0.998621
-862.3 0.998621
-862.1 0.998621
-861.9 0.998621
-861.7 0.998621
-861.5 0.998621
-861.3 0.998621
-861.1 0.998621
-860.9 0.998621
-860.7 0.998621
-860.5 0.998621
-860.3 0.998621
-860.1 0.998621
-859.9 0.998621
-859.7 0.998621
-859.5 0.998621
-859.3 0.998621
-859.1 0.998621
-858.9 0.998621
-858.7 0.998621
-858.5 0.998621
-858.3 0.998621
-858.1 0.998621
-857.9 0.998621
-857.7 0.998621
-857.5 0.998621
-857.3 0.998621
-857.1 0.998621
-856.9 0.998621
-856.7 0.998621
-856.5 0.998621
-856.3 0.998621
-856.1 0.998621
-855.9 0.998621
-855.7 0.998621
-855.5 0.998621
-855.3 0.998621
-855.1 0.998621
-854.9 0.998621
-854.7 0.998621
-854.5 0.998621
-854.3 0.998621
-854.1 0.998621
-853.9 0.998621
-853.7 0.998621
-853.5 0.998621
-853.3 0.998621
-853.1 0.998621
-852.9 0.998621
-852.7 0.998621
-852.5 0.998621
-852.3 0.998621
-852.1 0.998621
-851.9 0.998621
-851.7 0.998621
-851.5 0.998621
-851.3 0.998621
-851.1 0.998621
-850.9 0.998621
-850.7 0.998621
-850.5 0.998621
-850.3 0.998621
-850.1 0.998621
-849.9 0.998621
-849.7 0.998621
-849.5 0.998621
-849.3 0.998621
-849.1 0.998621
-848.9 0.998621
-848.7 0.998621
-848.5 0.998621
-848.3 0.998621
-848.1 0.998621
-847.9 0.998621
-847.7 0.998621
-847.5 0.998621
-847.3 0.998621
-847.1 0.998621
-846.9 0.998621
-846.7 0.998621
-846.5 0.998621
-846.3 0.998621
-846.1 0.998621
-845.9 0.998621
-845.7 0.998621
-845.5 0.998621
-845.3 0.998621
-845.1 0.998621
-844.9 0.998621
-844.7 0.998621
-844.5 0.998621
-844.3 0.998621
-844.1 0.998621
-843.9 0.998621
-843.7 0.998621
-843.5 0.998621
-843.3 0.998621
-843.1 0.998621
-842.9 0.998621
-842.7 0.998621
-842.5 0.998621
-842.3 0.998621
-842.1 0.998621
-841.9 0.998621
-841.7 0.998621
-841.5 0.998621
-841.3 0.998621
-841.1 0.998621
-840.9 0.998621
-840.7 0.998621
-840.5 0.998621
-840.3 0.998621
-840.1 0.998621
-839.9 0.998621
-839.7 0.998621
-839.5 0.998621
-839.3 0.998621
-839.1 0.998621
-838.9 0.998621
-838.7 0.998621
-838.5 0.998621
-838.3 0.998621
-838.1 0.998621
-837.9 0.998621
-837.7 0.998621
-837.5 0.998621
-837.3 0.998621
-837.1 0.998621
-836.9 0.998621
-836.7 0.998621
-836.5 0.998621
-836.3 0.998621
-836.1 0.998621
-835.9 0.998621
-835.7 0.998621
-835.5 0.998621
-835.3 0.998621
-835.1 0.998621
-834.9 0.998621
-834.7 0.998621
-834.5 0.998621
-834.3 0.998621
-834.1 0.998621
-833.9 1
