309
-1251.5 0.000283366
-1251.3 0.000283366
-1251.1 0.000283366
-1250.9 0.000283366
-1250.7 0.000283366
-1250.5 0.000283366
-1250.3 0.000283366
-1250.1 0.000283366
-1249.9 0.00113347
-1249.7 0.00113347
-1249.5 0.00198356
-1249.3 0.00311703
-1249.1 0.00736753
-1248.9 0.0119014
-1248.7 0.0175687
-1248.5 0.025503
-1248.3 0.0357042
-1248.1 0.0453386
-1247.9 0.0578067
-1247.7 0.0708416
-1247.5 0.0810428
-1247.3 0.0901105
-1247.1 0.101162
-1246.9 0.107679
-1246.7 0.118731
-1246.5 0.130065
-1246.3 0.137999
-1246.1 0.147351
-1245.9 0.155001
-1245.7 0.162086
-1245.5 0.169736
-1245.3 0.178804
-1245.1 0.187872
-1244.9 0.197223
-1244.7 0.204024
-1244.5 0.211958
-1244.3 0.221593
-1244.1 0.230944
-1243.9 0.238028
-1243.7 0.247662
-1243.5 0.256163
-1243.3 0.264664
-1243.1 0.271748
-1242.9 0.279683
-1242.7 0.291301
-1242.5 0.302352
-1242.3 0.31142
-1242.1 0.321904
-1241.9 0.330689
-1241.7 0.340606
-1241.5 0.350524
-1241.3 0.358175
-1241.1 0.367243
-1240.9 0.375177
-1240.7 0.385378
-1240.5 0.392746
-1240.3 0.40068
-1240.1 0.406914
-1239.9 0.415982
-1239.7 0.423349
-1239.5 0.430434
-1239.3 0.441201
-1239.1 0.446302
-1238.9 0.45537
-1238.7 0.464438
-1238.5 0.473222
-1238.3 0.480873
-1238.1 0.48739
-1237.9 0.495891
-1237.7 0.504109
-1237.5 0.508926
-1237.3 0.51516
-1237.1 0.523661
-1236.9 0.532162
-1236.7 0.538396
-1236.5 0.546047
-1236.3 0.556248
-1236.1 0.562482
-1235.9 0.570983
-1235.7 0.580334
-1235.5 0.586285
-1235.3 0.594786
-1235.1 0.599887
-1234.9 0.610655
-1234.7 0.616889
-1234.5 0.626523
-1234.3 0.635024
-1234.1 0.643525
-1233.9 0.649759
-1233.7 0.65656
-1233.5 0.665628
-1233.3 0.672995
-1233.1 0.681496
-1232.9 0.685747
-1232.7 0.694531
-1232.5 0.700482
-1232.3 0.708416
-1232.1 0.716067
-1231.9 0.720601
-1231.7 0.727402
-1231.5 0.736469
-1231.3 0.743553
-1231.1 0.747521
-1230.9 0.753471
-1230.7 0.758005
-1230.5 0.768206
-1230.3 0.77359
-1230.1 0.783791
-1229.9 0.789459
-1229.7 0.799377
-1229.5 0.805894
-1229.3 0.814678
-1229.1 0.819779
-1228.9 0.82488
-1228.7 0.83083
-1228.5 0.837348
-1228.3 0.842732
-1228.1 0.847549
-1227.9 0.853783
-1227.7 0.85945
-1227.5 0.864834
-1227.3 0.867385
-1227.1 0.872485
-1226.9 0.878436
-1226.7 0.884387
-1226.5 0.888637
-1226.3 0.892037
-1226.1 0.896005
-1225.9 0.898271
-1225.7 0.903089
-1225.5 0.906489
-1225.3 0.91159
-1225.1 0.914423
-1224.9 0.917824
-1224.7 0.920374
-1224.5 0.923774
-1224.3 0.927175
-1224.1 0.929725
-1223.9 0.931142
-1223.7 0.935676
-1223.5 0.938793
-1223.3 0.940776
-1223.1 0.94361
-1222.9 0.945594
-1222.7 0.949277
-1222.5 0.950128
-1222.3 0.951261
-1222.1 0.953245
-1221.9 0.953528
-1221.7 0.955511
-1221.5 0.955795
-1221.3 0.956645
-1221.1 0.957778
-1220.9 0.958912
-1220.7 0.961746
-1220.5 0.962879
-1220.3 0.964012
-1220.1 0.964863
-1219.9 0.965146
-1219.7 0.965996
-1219.5 0.966563
-1219.3 0.967413
-1219.1 0.968263
-1218.9 0.969396
-1218.7 0.96968
-1218.5 0.969963
-1218.3 0.969963
-1218.1 0.971097
-1217.9 0.971097
-1217.7 0.97223
-1217.5 0.972797
-1217.3 0.972797
-1217.1 0.972797
-1216.9 0.973364
-1216.7 0.97393
-1216.5 0.974497
-1216.3 0.97478
-1216.1 0.97478
-1215.9 0.975064
-1215.7 0.975347
-1215.5 0.975347
-1215.3 0.976197
-1215.1 0.976481
-1214.9 0.976764
-1214.7 0.976764
-1214.5 0.977047
-1214.3 0.977047
-1214.1 0.977047
-1213.9 0.977047
-1213.7 0.977331
-1213.5 0.977331
-1213.3 0.977897
-1213.1 0.977897
-1212.9 0.978748
-1212.7 0.979031
-1212.5 0.979031
-1212.3 0.979031
-1212.1 0.980164
-1211.9 0.980448
-1211.7 0.981014
-1211.5 0.981581
-1211.3 0.981581
-1211.1 0.982431
-1210.9 0.982998
-1210.7 0.982998
-1210.5 0.982998
-1210.3 0.983565
-1210.1 0.984131
-1209.9 0.984415
-1209.7 0.984415
-1209.5 0.984415
-1209.3 0.984415
-1209.1 0.984415
-1208.9 0.984698
-1208.7 0.984698
-1208.5 0.984982
-1208.3 0.985548
-1208.1 0.985548
-1207.9 0.986115
-1207.7 0.986115
-1207.5 0.986115
-1207.3 0.986965
-1207.1 0.987249
-1206.9 0.987532
-1206.7 0.987815
-1206.5 0.987815
-1206.3 0.987815
-1206.1 0.987815
-1205.9 0.988099
-1205.7 0.988099
-1205.5 0.988099
-1205.3 0.988099
-1205.1 0.988099
-1204.9 0.988382
-1204.7 0.988665
-1204.5 0.988949
-1204.3 0.988949
-1204.1 0.989232
-1203.9 0.989232
-1203.7 0.989232
-1203.5 0.989515
-1203.3 0.990082
-1203.1 0.990082
-1202.9 0.990366
-1202.7 0.990649
-1202.5 0.990932
-1202.3 0.991216
-1202.1 0.991216
-1201.9 0.992066
-1201.7 0.992066
-1201.5 0.992349
-1201.3 0.992349
-1201.1 0.992916
-1200.9 0.992916
-1200.7 0.992916
-1200.5 0.992916
-1200.3 0.993199
-1200.1 0.993199
-1199.9 0.993199
-1199.7 0.993199
-1199.5 0.993483
-1199.3 0.993766
-1199.1 0.994049
-1198.9 0.994049
-1198.7 0.994049
-1198.5 0.994049
-1198.3 0.994049
-1198.1 0.994049
-1197.9 0.994333
-1197.7 0.994616
-1197.5 0.994616
-1197.3 0.995183
-1197.1 0.995183
-1196.9 0.995183
-1196.7 0.995466
-1196.5 0.995466
-1196.3 0.995466
-1196.1 0.995466
-1195.9 0.995466
-1195.7 0.995466
-1195.5 0.99575
-1195.3 0.99575
-1195.1 0.99575
-1194.9 0.99575
-1194.7 0.9966
-1194.5 0.996883
-1194.3 0.996883
-1194.1 0.996883
-1193.9 0.996883
-1193.7 0.997166
-1193.5 0.99745
-1193.3 0.998016
-1193.1 0.9983
-1192.9 0.9983
-1192.7 0.9983
-1192.5 0.998583
-1192.3 0.998583
-1192.1 0.998867
-1191.9 0.998867
-1191.7 0.998867
-1191.5 0.998867
-1191.3 0.998867
-1191.1 0.99915
-1190.9 0.99915
-1190.7 0.99915
-1190.5 0.99915
-1190.3 0.99915
-1190.1 0.999433
-1189.9 1
