1000
0.001 0.00592617
0.002 0.0122601
0.003 0.0187164
0.004 0.0247105
0.005 0.0306774
0.006 0.0370929
0.007 0.0432501
0.008 0.0495841
0.009 0.0560811
0.01 0.0624015
0.011 0.0687354
0.012 0.0750285
0.013 0.0817838
0.014 0.088675
0.015 0.0948866
0.016 0.101343
0.017 0.107745
0.018 0.114419
0.019 0.120888
0.02 0.127141
0.021 0.133543
0.022 0.14008
0.023 0.14617
0.024 0.153088
0.025 0.159993
0.026 0.166789
0.027 0.17349
0.028 0.180313
0.029 0.186851
0.03 0.193185
0.031 0.200348
0.032 0.207402
0.033 0.21409
0.034 0.2206
0.035 0.226581
0.036 0.233431
0.037 0.239955
0.038 0.246289
0.039 0.252664
0.04 0.259351
0.041 0.26559
0.042 0.271897
0.043 0.27834
0.044 0.285095
0.045 0.291701
0.046 0.298592
0.047 0.30517
0.048 0.311504
0.049 0.318341
0.05 0.325314
0.051 0.332137
0.052 0.338593
0.053 0.344927
0.054 0.351656
0.055 0.358221
0.056 0.36469
0.057 0.371364
0.058 0.377997
0.059 0.384603
0.06 0.391086
0.061 0.397271
0.062 0.403632
0.063 0.410319
0.064 0.416816
0.065 0.42383
0.066 0.43068
0.067 0.437531
0.068 0.444068
0.069 0.450674
0.07 0.457294
0.071 0.46462
0.072 0.471361
0.073 0.478144
0.074 0.484396
0.075 0.490594
0.076 0.496969
0.077 0.503724
0.078 0.510194
0.079 0.516215
0.08 0.522631
0.081 0.528476
0.082 0.535013
0.083 0.541905
0.084 0.547736
0.085 0.554491
0.086 0.561341
0.087 0.567757
0.088 0.574363
0.089 0.580397
0.09 0.587248
0.091 0.593962
0.092 0.600065
0.093 0.606549
0.094 0.61276
0.095 0.618985
0.096 0.625143
0.097 0.631531
0.098 0.638164
0.099 0.644403
0.1 0.651389
0.101 0.657601
0.102 0.663948
0.103 0.670758
0.104 0.676983
0.105 0.683249
0.106 0.690004
0.107 0.696461
0.108 0.702699
0.109 0.709156
0.11 0.715666
0.111 0.721334
0.112 0.728049
0.113 0.734396
0.114 0.740703
0.115 0.746887
0.116 0.752895
0.117 0.758821
0.118 0.765359
0.119 0.772114
0.12 0.777945
0.121 0.784606
0.122 0.791483
0.123 0.797627
0.124 0.803539
0.125 0.809901
0.126 0.815786
0.127 0.82144
0.128 0.827747
0.129 0.833632
0.13 0.839096
0.131 0.844832
0.132 0.850405
0.133 0.855937
0.134 0.861564
0.135 0.867055
0.136 0.872248
0.137 0.877929
0.138 0.883312
0.139 0.888409
0.14 0.893329
0.141 0.898005
0.142 0.9023
0.143 0.906812
0.144 0.911243
0.145 0.915348
0.146 0.918923
0.147 0.923232
0.148 0.926997
0.149 0.930626
0.15 0.934065
0.151 0.936837
0.152 0.93961
0.153 0.942465
0.154 0.945265
0.155 0.947521
0.156 0.95009
0.157 0.952319
0.158 0.954548
0.159 0.956641
0.16 0.958408
0.161 0.960365
0.162 0.962241
0.163 0.963859
0.164 0.965381
0.165 0.966958
0.166 0.968249
0.167 0.969785
0.168 0.971076
0.169 0.972123
0.17 0.973156
0.171 0.974148
0.172 0.97499
0.173 0.976282
0.174 0.977043
0.175 0.978103
0.176 0.979
0.177 0.979952
0.178 0.980522
0.179 0.981216
0.18 0.981936
0.181 0.982643
0.182 0.983363
0.183 0.983961
0.184 0.984573
0.185 0.984967
0.186 0.985456
0.187 0.986014
0.188 0.986666
0.189 0.98721
0.19 0.987672
0.191 0.988107
0.192 0.988487
0.193 0.988786
0.194 0.989153
0.195 0.989466
0.196 0.989792
0.197 0.990227
0.198 0.990649
0.199 0.99107
0.2 0.991383
0.201 0.991573
0.202 0.991804
0.203 0.992062
0.204 0.992388
0.205 0.992579
0.206 0.992851
0.207 1.99316
0.208 1.99343
0.209 1.99369
0.21 1.99397
0.211 1.99421
0.212 1.99445
0.213 1.99467
0.214 1.99479
0.215 1.9949
0.216 1.99511
0.217 1.99524
0.218 1.99535
0.219 1.99545
0.22 1.99553
0.221 1.9956
0.222 1.99577
0.223 1.99592
0.224 1.99596
0.225 1.99603
0.226 1.99607
0.227 1.99609
0.228 1.99617
0.229 1.99622
0.23 1.99628
0.231 1.9963
0.232 1.9963
0.233 1.99638
0.234 1.99649
0.235 1.99653
0.236 1.99659
0.237 1.99664
0.238 1.99675
0.239 1.99679
0.24 1.99683
0.241 1.99689
0.242 1.99693
0.243 1.99697
0.244 1.99702
0.245 1.99705
0.246 1.99715
0.247 1.99717
0.248 1.99719
0.249 1.99719
0.25 1.99721
0.251 1.99728
0.252 1.99734
0.253 1.99739
0.254 1.99747
0.255 1.9975
0.256 1.9975
0.257 1.99751
0.258 1.99751
0.259 1.99757
0.26 1.99758
0.261 1.99759
0.262 1.99765
0.263 1.99769
0.264 1.99769
0.265 1.9977
0.266 1.99776
0.267 1.99777
0.268 1.9978
0.269 1.9978
0.27 1.99783
0.271 1.99788
0.272 1.99789
0.273 1.99791
0.274 1.99795
0.275 1.99796
0.276 1.99797
0.277 1.99799
0.278 1.998
0.279 1.99803
0.28 1.99804
0.281 1.99804
0.282 1.99806
0.283 1.99807
0.284 1.99807
0.285 1.9981
0.286 1.99812
0.287 1.99814
0.288 1.99818
0.289 1.99819
0.29 1.99821
0.291 1.99822
0.292 1.99822
0.293 1.99823
0.294 1.99829
0.295 1.9983
0.296 1.99834
0.297 1.99836
0.298 1.99836
0.299 1.99837
0.3 1.99838
0.301 1.9984
0.302 1.9984
0.303 1.99842
0.304 1.99848
0.305 1.9985
0.306 1.99853
0.307 1.99855
0.308 1.99857
0.309 1.99857
0.31 1.99857
0.311 1.99859
0.312 1.9986
0.313 1.99865
0.314 1.99865
0.315 1.99865
0.316 1.99868
0.317 1.99868
0.318 1.99868
0.319 1.9987
0.32 1.99872
0.321 1.99872
0.322 1.99872
0.323 1.99874
0.324 1.99876
0.325 1.99878
0.326 1.99879
0.327 1.9988
0.328 1.9988
0.329 1.9988
0.33 1.99882
0.331 1.99884
0.332 1.99887
0.333 1.99889
0.334 1.99889
0.335 1.99889
0.336 1.99889
0.337 1.9989
0.338 1.99891
0.339 1.99893
0.34 1.99894
0.341 1.99897
0.342 1.99897
0.343 1.99899
0.344 1.99899
0.345 1.99899
0.346 1.99899
0.347 1.99901
0.348 1.99902
0.349 1.99902
0.35 1.99902
0.351 1.99903
0.352 1.99903
0.353 1.99905
0.354 1.99908
0.355 1.99908
0.356 1.99908
0.357 1.99909
0.358 1.9991
0.359 1.99912
0.36 1.99912
0.361 1.99912
0.362 1.99914
0.363 1.99916
0.364 1.99917
0.365 1.99917
0.366 1.99917
0.367 1.99918
0.368 1.99918
0.369 1.9992
0.37 1.9992
0.371 2.9992
0.372 2.99921
0.373 2.99921
0.374 2.99923
0.375 2.99923
0.376 2.99924
0.377 2.99925
0.378 2.99927
0.379 2.99927
0.38 2.99929
0.381 2.99931
0.382 2.99932
0.383 2.99935
0.384 2.99939
0.385 2.99943
0.386 2.99943
0.387 2.99944
0.388 2.99948
0.389 2.99948
0.39 2.99948
0.391 2.9995
0.392 2.99951
0.393 2.99952
0.394 2.99952
0.395 2.99954
0.396 2.99954
0.397 2.99955
0.398 2.99955
0.399 2.99958
0.4 2.99958
0.401 2.99958
0.402 2.99958
0.403 2.99959
0.404 2.99961
0.405 2.99963
0.406 2.99963
0.407 2.99967
0.408 2.99969
0.409 2.9997
0.41 2.9997
0.411 2.99971
0.412 2.99971
0.413 2.99971
0.414 2.99971
0.415 2.99971
0.416 2.99971
0.417 2.99973
0.418 2.99974
0.419 2.99976
0.42 2.99976
0.421 2.99976
0.422 2.99976
0.423 2.99976
0.424 2.99977
0.425 2.99977
0.426 2.99977
0.427 2.99977
0.428 2.99977
0.429 2.99977
0.43 2.99978
0.431 2.99978
0.432 2.9998
0.433 2.9998
0.434 2.9998
0.435 2.99981
0.436 2.99981
0.437 2.99982
0.438 2.99984
0.439 2.99984
0.44 2.99985
0.441 2.99985
0.442 2.99985
0.443 2.99985
0.444 2.99985
0.445 2.99985
0.446 2.99985
0.447 2.99985
0.448 2.99985
0.449 2.99986
0.45 2.99986
0.451 2.99988
0.452 2.99988
0.453 2.99988
0.454 2.99988
0.455 2.99988
0.456 2.99988
0.457 2.99988
0.458 2.99988
0.459 2.99988
0.46 2.99988
0.461 2.99988
0.462 2.99988
0.463 2.99988
0.464 2.99988
0.465 2.99988
0.466 2.99989
0.467 2.99989
0.468 2.99989
0.469 2.99989
0.47 2.99989
0.471 2.99989
0.472 2.99989
0.473 2.99989
0.474 2.99989
0.475 2.99989
0.476 2.9999
0.477 2.9999
0.478 2.9999
0.479 2.9999
0.48 2.9999
0.481 2.9999
0.482 2.99992
0.483 2.99992
0.484 2.99992
0.485 2.99992
0.486 2.99992
0.487 2.99992
0.488 2.99992
0.489 2.99993
0.49 2.99993
0.491 2.99993
0.492 2.99993
0.493 2.99993
0.494 2.99993
0.495 2.99993
0.496 2.99993
0.497 2.99993
0.498 2.99993
0.499 2.99993
0.5 2.99993
0.501 2.99993
0.502 2.99993
0.503 2.99993
0.504 2.99993
0.505 2.99993
0.506 2.99993
0.507 2.99993
0.508 2.99993
0.509 3.99995
0.51 3.99995
0.511 3.99995
0.512 3.99995
0.513 3.99995
0.514 3.99995
0.515 3.99995
0.516 3.99995
0.517 3.99996
0.518 3.99997
0.519 3.99997
0.52 3.99997
0.521 3.99997
0.522 3.99997
0.523 3.99997
0.524 3.99997
0.525 3.99997
0.526 3.99997
0.527 3.99997
0.528 3.99997
0.529 3.99997
0.53 3.99997
0.531 3.99999
0.532 3.99999
0.533 3.99999
0.534 3.99999
0.535 3.99999
0.536 3.99999
0.537 3.99999
0.538 3.99999
0.539 3.99999
0.54 3.99999
0.541 3.99999
0.542 3.99999
0.543 4
0.544 4
0.545 4
0.546 4
0.547 4
0.548 4
0.549 4
0.55 4
0.551 4
0.552 4
0.553 4
0.554 4
0.555 4
0.556 4
0.557 4
0.558 4
0.559 4
0.56 4
0.561 4
0.562 4
0.563 4
0.564 4
0.565 4
0.566 4
0.567 4
0.568 4
0.569 4
0.57 5
0.571 5
0.572 5
0.573 5
0.574 5
0.575 5
0.576 5
0.577 5
0.578 5
0.579 5
0.58 5
0.581 5
0.582 5
0.583 5
0.584 5
0.585 5
0.586 5
0.587 5
0.588 5
0.589 5
0.59 5
0.591 5
0.592 5
0.593 5
0.594 5
0.595 5
0.596 5
0.597 5
0.598 5
0.599 5
0.6 5
0.601 5
0.602 5
0.603 5
0.604 5
0.605 5
0.606 5
0.607 5
0.608 5
0.609 5
0.61 5
0.611 5
0.612 5
0.613 5
0.614 5
0.615 5
0.616 5
0.617 5
0.618 5
0.619 5
0.62 5
0.621 5
0.622 5
0.623 5
0.624 5
0.625 5
0.626 5
0.627 5
0.628 5
0.629 5
0.63 5
0.631 5
0.632 5
0.633 5
0.634 5
0.635 5
0.636 5
0.637 5
0.638 5
0.639 5
0.64 5
0.641 5
0.642 5
0.643 5
0.644 5
0.645 5
0.646 5
0.647 5
0.648 5
0.649 5
0.65 5
0.651 5
0.652 5
0.653 5
0.654 5
0.655 5
0.656 5
0.657 5
0.658 5
0.659 5
0.66 5
0.661 5
0.662 6
0.663 6
0.664 6
0.665 6
0.666 6
0.667 6
0.668 6
0.669 6
0.67 6
0.671 6
0.672 6
0.673 6
0.674 6
0.675 6
0.676 6
0.677 6
0.678 6
0.679 6
0.68 6
0.681 6
0.682 6
0.683 6
0.684 6
0.685 6
0.686 6
0.687 6
0.688 6
0.689 6
0.69 6
0.691 6
0.692 6
0.693 6
0.694 6
0.695 6
0.696 6
0.697 6
0.698 6
0.699 6
0.7 6
0.701 6
0.702 6
0.703 6
0.704 6
0.705 6
0.706 6
0.707 6
0.708 6
0.709 6
0.71 6
0.711 7
0.712 7
0.713 7
0.714 7
0.715 7
0.716 7
0.717 7
0.718 7
0.719 7
0.72 7
0.721 7
0.722 7
0.723 7
0.724 7
0.725 7
0.726 7
0.727 7
0.728 7
0.729 7
0.73 7
0.731 7
0.732 7
0.733 7
0.734 7
0.735 7
0.736 7
0.737 7
0.738 7
0.739 7
0.74 7
0.741 7
0.742 7
0.743 7
0.744 7
0.745 7
0.746 7
0.747 7
0.748 7
0.749 7
0.75 7
0.751 7
0.752 7
0.753 7
0.754 7
0.755 7
0.756 7
0.757 7
0.758 7
0.759 7
0.76 7
0.761 7
0.762 7
0.763 7
0.764 7
0.765 7
0.766 7
0.767 7
0.768 7
0.769 7
0.77 7
0.771 7
0.772 7
0.773 7
0.774 7
0.775 7
0.776 7
0.777 7
0.778 7
0.779 7
0.78 7
0.781 7
0.782 7
0.783 7
0.784 7
0.785 7
0.786 7
0.787 7
0.788 7
0.789 7
0.79 7
0.791 7
0.792 8
0.793 8
0.794 8
0.795 8
0.796 8
0.797 8
0.798 8
0.799 8
0.8 8
0.801 8
0.802 8
0.803 8
0.804 8
0.805 8
0.806 8
0.807 8
0.808 8
0.809 8
0.81 8
0.811 8
0.812 8
0.813 8
0.814 8
0.815 8
0.816 8
0.817 8
0.818 8
0.819 8
0.82 8
0.821 8
0.822 8
0.823 8
0.824 8
0.825 8
0.826 8
0.827 8
0.828 8
0.829 8
0.83 8
0.831 8
0.832 8
0.833 8
0.834 8
0.835 8
0.836 8
0.837 8
0.838 8
0.839 8
0.84 8
0.841 8
0.842 8
0.843 8
0.844 8
0.845 8
0.846 8
0.847 8
0.848 8
0.849 8
0.85 8
0.851 8
0.852 8
0.853 8
0.854 8
0.855 8
0.856 8
0.857 8
0.858 8
0.859 8
0.86 8
0.861 8
0.862 8
0.863 8
0.864 8
0.865 8
0.866 8
0.867 8
0.868 8
0.869 8
0.87 8
0.871 8
0.872 8
0.873 8
0.874 8
0.875 8
0.876 8
0.877 8
0.878 8
0.879 8
0.88 8
0.881 8
0.882 8
0.883 8
0.884 8
0.885 8
0.886 8
0.887 8
0.888 8
0.889 8
0.89 8
0.891 8
0.892 8
0.893 8
0.894 8
0.895 8
0.896 8
0.897 8
0.898 8
0.899 8
0.9 8
0.901 9
0.902 9
0.903 9
0.904 9
0.905 9
0.906 9
0.907 9
0.908 9
0.909 9
0.91 9
0.911 9
0.912 9
0.913 9
0.914 9
0.915 9
0.916 9
0.917 9
0.918 9
0.919 9
0.92 9
0.921 9
0.922 9
0.923 9
0.924 9
0.925 9
0.926 9
0.927 9
0.928 9
0.929 9
0.93 9
0.931 9
0.932 9
0.933 9
0.934 9
0.935 9
0.936 9
0.937 9
0.938 9
0.939 9
0.94 9
0.941 9
0.942 9
0.943 9
0.944 9
0.945 9
0.946 9
0.947 9
0.948 9
0.949 9
0.95 9
0.951 9
0.952 9
0.953 9
0.954 9
0.955 9
0.956 9
0.957 9
0.958 9
0.959 9
0.96 9
0.961 9
0.962 9
0.963 9
0.964 9
0.965 9
0.966 9
0.967 9
0.968 9
0.969 9
0.97 9
0.971 9
0.972 9
0.973 9
0.974 9
0.975 9
0.976 9
0.977 9
0.978 9
0.979 9
0.98 9
0.981 9
0.982 9
0.983 9
0.984 9
0.985 9
0.986 9
0.987 9
0.988 9
0.989 9
0.99 9
0.991 9
0.992 9
0.993 9
0.994 9
0.995 9
0.996 9
0.997 9
0.998 9
0.999 9
1 10
