0. 1
0. 1
0. 1
0. 1
0. 1
0. 1
0. 1
0. 1
0. 1
0. 1
0. 1
0. 1
0. 1
0. 1
0. 1
0. 1
0. 1
0. 1
0. 1
0. 1
0. 1
0. 1
0. 1
0. 1
0. 1
0. 1
0. 1
0. 1
0. 1
0. 1
0. 1
0. 1
0. 1
0. 1
0. 1
0. 1
0. 1
0. 1
0. 1
0. 1
0. 1
0. 1
0. 1
0. 1
0. 1
0. 1
0. 1
0. 1
0. 1
0. 1
0. 1
0. 1
0. 1
0. 1
0. 1
0. 1
0. 1
0. 1
0. 1
0. 1
0. 1
0. 1
0. 1
0. 1
0. 1
0. 1
0. 1
0. 1
0. 1
0. 1
0. 1
0. 1
0. 1
0. 1
0. 1
0. 1
0. 1
0. 1
0. 1
0. 1
0. 1
0. 1
0. 1
0. 1
0. 1
0. 1
0. 1
0. 1
0. 1
0. 1
0. 1
0. 1
0. 1
0. 1
0. 1
0. 1
0. 1
0. 1
0. 1
0. 1
0. 1
0. 1
0. 1
0. 1
0. 1
0. 1
0. 1
0. 1
0. 1
0. 1
0. 1
0. 1
0. 1
0. 1
0. 1
0. 1
0. 1
0. 1
0. 1
0. 1
0. 1
0. 1
0. 1
0. 1
0. 1
0. 1
0. 1
0. 1
0. 1
0. 1
0. 1
0. 1
0. 1
0. 1
0. 1
0. 1
0. 1
0. 1
0. 1
0. 1
0. 1
0. 1
0. 1
0. 1
0. 1
0. 1
0. 1
0. 1
0. 1
0. 1
0. 1
0. 1
0. 1
0. 1
0. 1
0. 1
0. 1
0. 1
0. 1
0. 1
0. 1
0. 1
0. 1
0. 1
0. 1
0. 1
0. 1
0. 1
0. 1
0. 1
0. 1
0. 1
0. 1
0. 1
0. 1
0. 1
0. 1
0. 1
0. 1
0. 1
0. 1
0. 1
0. 0.926362
0. 0.987198
0. 0.991312
0. 0.989261
0. 1.01166
0. 1.02135
0. 1.00656
0. 1.01403
0. 1.00585
0. 0.970095
0. 0.97531
0. 1
0. 1
0. 1
0. 1.02543
0. 1.00321
0. 0.995004
0. 1.00998
0. 1.00321
0. 0.986023
0. 0.988284
0. 0.993149
0. 1.01113
0. 1.02405
0. 1.02727
0. 1
0. 1
0. 1.03617
0. 1.01055
0. 1.01225
0. 1.00694
0. 0.991858
0. 0.998994
0. 0.989314
0. 0.989356
0. 0.996194
0. 1.01788
0. 1.02013
0. 1
0. 1.02168
0. 0.998483
0. 0.973708
0. 0.990027
0. 0.994892
0. 1.00347
0. 0.993051
0. 0.999946
0. 0.995418
0. 0.99465
0. 0.980713
0. 0.96948
0. 1
0. 1
0. 1
0. 1
0. 1
0. 1
0. 1
0. 1
0. 1
0. 1
0. 1
0. 1
0. 1
0. 1
0. 1
0. 1
0. 1
0. 1
0. 1
0. 1
0. 1
0. 1
0. 1
0. 1
0. 1
0. 1
0. 1
0. 1
0. 1
0. 1
0. 1
0. 1
0. 1
0. 1
0. 1
0. 1
0. 1
0. 1
0. 1
0. 1
0. 1
0. 1
0. 1
0. 1
0. 1
0. 1
0. 1
0. 1
0. 1
0. 1
0. 1
0. 1
0. 1
0. 1
0. 1
0. 1
0. 1
0. 1
0. 1
0. 1
0. 1
0. 1
0. 1
0. 1
0. 1
0. 1
0. 1
0. 1
0. 1
0. 1
0. 1
0. 1
0. 1
0. 1
0. 1
0. 1
0. 1
0. 1
0. 1
0. 1
0. 1
0. 1
0. 1
0. 1
0. 1
0. 1
0. 1
0. 1
0. 1
0. 1
0. 1
0. 1
0. 1
0. 1
0. 1
0. 1
0. 1
0. 1
0. 1
0. 1
0. 1
0. 1
0. 1
0. 1
0. 1
0. 1
0. 1
0. 1
0. 1
0. 1
0. 1
0. 1
0. 1
0. 1
0. 1
0. 1
0. 1
0. 1
0. 1
0. 1
0. 1
0. 1
0. 1
0. 1
0. 1
0. 1
0. 1
0. 1
0. 1
0. 1
0. 1
0. 1
0. 1
0. 1
0. 1
0. 1
0. 1
0. 1
0. 1
0. 1
0. 1
0. 1
0. 1
0. 1
0. 1
0. 1
0. 1
0. 1
0. 1
0. 1
0. 1
0. 1
0. 1
0. 1
0. 1
0. 1
0. 1
0. 1
0. 1
0. 1
0. 1
0. 1
0. 1
0. 1
0. 1
0. 1
0. 1
0. 1
0. 1
0. 1
0. 1
0. 1
0. 1
0. 1
0. 1
0. 1
0. 1
0. 1
0. 1
0. 1
0. 1
0. 1
0. 1
