900.1 0
900.3 0
900.5 0
900.7 0
900.9 0
901.1 0
901.3 0
901.5 0
901.7 0
901.9 0
902.1 0
902.3 0
902.5 0
902.7 0
902.9 0
903.1 0
903.3 0
903.5 0
903.7 0
903.9 0
904.1 0
904.3 0
904.5 0
904.7 0
904.9 0
905.1 0
905.3 0
905.5 0
905.7 0
905.9 0
906.1 0
906.3 0
906.5 0
906.7 0
906.9 0
907.1 0
907.3 0
907.5 0
907.7 0
907.9 0
908.1 0
908.3 0
908.5 0
908.7 0
908.9 0
909.1 0
909.3 0
909.5 0
909.7 0
909.9 0
910.1 0
910.3 0
910.5 0
910.7 0
910.9 0
911.1 0
911.3 0
911.5 0
911.7 0
911.9 0
912.1 0
912.3 0
912.5 0
912.7 0
912.9 0
913.1 0
913.3 0
913.5 0
913.7 0
913.9 0
914.1 0
914.3 0
914.5 0
914.7 0
914.9 0
915.1 0
915.3 0
915.5 0
915.7 0
915.9 0
916.1 0
916.3 0
916.5 0
916.7 0
916.9 0
917.1 0
917.3 0
917.5 0
917.7 0
917.9 0
918.1 0
918.3 0
918.5 0
918.7 0
918.9 0
919.1 0
919.3 0
919.5 0
919.7 0
919.9 0
920.1 0
920.3 0
920.5 0
920.7 0
920.9 0
921.1 0
921.3 0
921.5 0
921.7 0
921.9 0
922.1 0
922.3 0
922.5 0
922.7 0
922.9 0
923.1 0
923.3 0
923.5 0
923.7 0
923.9 0
924.1 0
924.3 0
924.5 0
924.7 0
924.9 0
925.1 0
925.3 0
925.5 0
925.7 0
925.9 0
926.1 0
926.3 0
926.5 0
926.7 0
926.9 0
927.1 0
927.3 0
927.5 0
927.7 0
927.9 0
928.1 0
928.3 0
928.5 0
928.7 0
928.9 0
929.1 0
929.3 0
929.5 0
929.7 0
929.9 0
930.1 0
930.3 0
930.5 0
930.7 0
930.9 0
931.1 0
931.3 0
931.5 0
931.7 0
931.9 0
932.1 0
932.3 0
932.5 0
932.7 0
932.9 0
933.1 0
933.3 0
933.5 0
933.7 0
933.9 0
934.1 0
934.3 0
934.5 0
934.7 0
934.9 0
935.1 0
935.3 0
935.5 0
935.7 0
935.9 0
936.1 0
936.3 0
936.5 0
936.7 0
936.9 0
937.1 0
937.3 0
937.5 0
937.7 0
937.9 0
938.1 0
938.3 0
938.5 0
938.7 0
938.9 0
939.1 0
939.3 0
939.5 0
939.7 0
939.9 0
940.1 0
940.3 0
940.5 0
940.7 0
940.9 0
941.1 0
941.3 0
941.5 0
941.7 0
941.9 0
942.1 0
942.3 0
942.5 0
942.7 0
942.9 0
943.1 0
943.3 0
943.5 0
943.7 0
943.9 0
944.1 0
944.3 0
944.5 0
944.7 0
944.9 0
945.1 0
945.3 0
945.5 0
945.7 0
945.9 0
946.1 0
946.3 0
946.5 0
946.7 0
946.9 0
947.1 0
947.3 0
947.5 1
947.7 1
947.9 1
948.1 2
948.3 3
948.5 4
948.7 5
948.9 6
949.1 10
949.3 12
949.5 22
949.7 26
949.9 28
950.1 32
950.3 43
950.5 37
950.7 46
950.9 57
951.1 59
951.3 78
951.5 84
951.7 85
951.9 88
952.1 96
952.3 90
952.5 109
952.7 84
952.9 95
953.1 81
953.3 79
953.5 78
953.7 77
953.9 72
954.1 75
954.3 66
954.5 58
954.7 59
954.9 69
955.1 63
955.3 54
955.5 48
955.7 63
955.9 49
956.1 48
956.3 58
956.5 61
956.7 56
956.9 49
957.1 39
957.3 52
957.5 43
957.7 52
957.9 50
958.1 35
958.3 42
958.5 42
958.7 38
958.9 42
959.1 44
959.3 35
959.5 48
959.7 48
959.9 56
960.1 55
960.3 42
960.5 44
960.7 46
960.9 39
961.1 35
961.3 38
961.5 42
961.7 48
961.9 40
962.1 33
962.3 50
962.5 33
962.7 48
962.9 47
963.1 49
963.3 39
963.5 36
963.7 34
963.9 43
964.1 44
964.3 39
964.5 54
964.7 45
964.9 44
965.1 47
965.3 37
965.5 28
965.7 43
965.9 47
966.1 48
966.3 37
966.5 39
966.7 46
966.9 39
967.1 35
967.3 32
967.5 39
967.7 40
967.9 41
968.1 49
968.3 50
968.5 44
968.7 26
968.9 41
969.1 40
969.3 31
969.5 37
969.7 41
969.9 46
970.1 51
970.3 31
970.5 29
970.7 43
970.9 37
971.1 38
971.3 47
971.5 31
971.7 32
971.9 32
972.1 38
972.3 39
972.5 42
972.7 34
972.9 36
973.1 40
973.3 30
973.5 34
973.7 45
973.9 42
974.1 46
974.3 35
974.5 44
974.7 44
974.9 50
975.1 39
975.3 38
975.5 30
975.7 36
975.9 41
976.1 33
976.3 36
976.5 34
976.7 39
976.9 37
977.1 38
977.3 37
977.5 30
977.7 29
977.9 37
978.1 34
978.3 44
978.5 39
978.7 29
978.9 28
979.1 35
979.3 27
979.5 30
979.7 37
979.9 34
980.1 37
980.3 33
980.5 32
980.7 48
980.9 21
981.1 44
981.3 42
981.5 30
981.7 34
981.9 40
982.1 49
982.3 36
982.5 41
982.7 39
982.9 48
983.1 36
983.3 48
983.5 38
983.7 34
983.9 37
984.1 35
984.3 28
984.5 37
984.7 36
984.9 38
985.1 38
985.3 39
985.5 32
985.7 27
985.9 42
986.1 35
986.3 42
986.5 33
986.7 44
986.9 39
987.1 32
987.3 31
987.5 37
987.7 32
987.9 39
988.1 39
988.3 37
988.5 34
988.7 37
988.9 47
989.1 43
989.3 35
989.5 43
989.7 47
989.9 33
990.1 27
990.3 33
990.5 28
990.7 39
990.9 41
991.1 40
991.3 32
991.5 46
991.7 39
991.9 38
992.1 39
992.3 38
992.5 51
992.7 39
992.9 35
993.1 40
993.3 31
993.5 27
993.7 28
993.9 38
994.1 33
994.3 46
994.5 35
994.7 23
994.9 40
995.1 25
995.3 37
995.5 42
995.7 43
995.9 38
996.1 44
996.3 30
996.5 53
996.7 37
996.9 38
997.1 36
997.3 44
997.5 27
997.7 55
997.9 36
998.1 32
998.3 29
998.5 34
998.7 54
998.9 33
999.1 40
999.3 34
999.5 27
999.7 44
999.9 35
1000.1 43
1000.3 29
1000.5 42
1000.7 39
1000.9 36
1001.1 29
1001.3 35
1001.5 42
1001.7 30
1001.9 27
1002.1 30
1002.3 38
1002.5 30
1002.7 44
1002.9 31
1003.1 30
1003.3 32
1003.5 26
1003.7 32
1003.9 28
1004.1 31
1004.3 26
1004.5 32
1004.7 35
1004.9 37
1005.1 22
1005.3 19
1005.5 26
1005.7 35
1005.9 27
1006.1 28
1006.3 31
1006.5 32
1006.7 34
1006.9 32
1007.1 27
1007.3 30
1007.5 25
1007.7 29
1007.9 32
1008.1 21
1008.3 30
1008.5 35
1008.7 54
1008.9 33
1009.1 31
1009.3 28
1009.5 34
1009.7 31
1009.9 33
1010.1 27
1010.3 37
1010.5 23
1010.7 35
1010.9 31
1011.1 37
1011.3 30
1011.5 33
1011.7 23
1011.9 30
1012.1 33
1012.3 35
1012.5 30
1012.7 32
1012.9 40
1013.1 32
1013.3 30
1013.5 32
1013.7 33
1013.9 26
1014.1 21
1014.3 23
1014.5 28
1014.7 33
1014.9 28
1015.1 32
1015.3 29
1015.5 17
1015.7 22
1015.9 19
1016.1 31
1016.3 24
1016.5 28
1016.7 30
1016.9 27
1017.1 17
1017.3 26
1017.5 14
1017.7 19
1017.9 19
1018.1 15
1018.3 23
1018.5 23
1018.7 21
1018.9 27
1019.1 15
1019.3 12
1019.5 12
1019.7 12
1019.9 15
1020.1 23
1020.3 13
1020.5 16
1020.7 15
1020.9 17
1021.1 15
1021.3 17
1021.5 16
1021.7 21
1021.9 24
1022.1 21
1022.3 15
1022.5 16
1022.7 14
1022.9 23
1023.1 18
1023.3 15
1023.5 12
1023.7 8
1023.9 10
1024.1 13
1024.3 20
1024.5 8
1024.7 18
1024.9 21
1025.1 19
1025.3 12
1025.5 20
1025.7 15
1025.9 20
1026.1 9
1026.3 13
1026.5 21
1026.7 15
1026.9 9
1027.1 8
1027.3 6
1027.5 7
1027.7 8
1027.9 7
1028.1 6
1028.3 5
1028.5 11
1028.7 10
1028.9 7
1029.1 7
1029.3 10
1029.5 5
1029.7 7
1029.9 7
1030.1 4
1030.3 6
1030.5 5
1030.7 5
1030.9 2
1031.1 7
1031.3 2
1031.5 8
1031.7 3
1031.9 8
1032.1 8
1032.3 5
1032.5 5
1032.7 4
1032.9 5
1033.1 2
1033.3 6
1033.5 3
1033.7 9
1033.9 5
1034.1 3
1034.3 10
1034.5 6
1034.7 4
1034.9 5
1035.1 4
1035.3 5
1035.5 2
1035.7 3
1035.9 7
1036.1 5
1036.3 3
1036.5 3
1036.7 5
1036.9 1
1037.1 1
1037.3 4
1037.5 3
1037.7 2
1037.9 2
1038.1 7
1038.3 4
1038.5 7
1038.7 4
1038.9 4
1039.1 5
1039.3 6
1039.5 5
1039.7 2
1039.9 7
1040.1 9
1040.3 5
1040.5 6
1040.7 2
1040.9 1
1041.1 0
1041.3 4
1041.5 1
1041.7 3
1041.9 7
1042.1 2
1042.3 2
1042.5 0
1042.7 3
1042.9 2
1043.1 1
1043.3 0
1043.5 0
1043.7 0
1043.9 0
1044.1 4
1044.3 2
1044.5 2
1044.7 0
1044.9 1
1045.1 1
1045.3 4
1045.5 1
1045.7 1
1045.9 1
1046.1 0
1046.3 2
1046.5 2
1046.7 3
1046.9 2
1047.1 1
1047.3 0
1047.5 1
1047.7 0
1047.9 1
1048.1 2
1048.3 3
1048.5 1
1048.7 4
1048.9 3
1049.1 4
1049.3 1
1049.5 2
1049.7 1
1049.9 3
1050.1 2
1050.3 0
1050.5 0
1050.7 1
1050.9 1
1051.1 2
1051.3 2
1051.5 0
1051.7 0
1051.9 1
1052.1 2
1052.3 2
1052.5 1
1052.7 2
1052.9 3
1053.1 1
1053.3 1
1053.5 2
1053.7 1
1053.9 1
1054.1 1
1054.3 4
1054.5 2
1054.7 2
1054.9 0
1055.1 2
1055.3 1
1055.5 0
1055.7 0
1055.9 1
1056.1 1
1056.3 0
1056.5 2
1056.7 0
1056.9 0
1057.1 0
1057.3 0
1057.5 0
1057.7 1
1057.9 0
1058.1 0
1058.3 0
1058.5 0
1058.7 0
1058.9 0
1059.1 0
1059.3 3
1059.5 0
1059.7 0
1059.9 1
1060.1 0
1060.3 0
1060.5 0
1060.7 0
1060.9 0
1061.1 0
1061.3 0
1061.5 0
1061.7 1
1061.9 0
1062.1 0
1062.3 0
1062.5 1
1062.7 1
1062.9 1
1063.1 1
1063.3 0
1063.5 0
1063.7 0
1063.9 2
1064.1 1
1064.3 2
1064.5 1
1064.7 1
1064.9 0
1065.1 0
1065.3 2
1065.5 0
1065.7 0
1065.9 1
1066.1 0
1066.3 0
1066.5 2
1066.7 0
1066.9 2
1067.1 1
1067.3 1
1067.5 0
1067.7 1
1067.9 2
1068.1 0
1068.3 0
1068.5 1
1068.7 0
1068.9 1
1069.1 0
1069.3 0
1069.5 0
1069.7 0
1069.9 0
1070.1 0
1070.3 0
1070.5 0
1070.7 0
1070.9 0
1071.1 0
1071.3 0
1071.5 0
1071.7 0
1071.9 0
1072.1 0
1072.3 0
1072.5 0
1072.7 0
1072.9 0
1073.1 0
1073.3 0
1073.5 0
1073.7 0
1073.9 0
1074.1 0
1074.3 0
1074.5 0
1074.7 0
1074.9 0
1075.1 0
1075.3 0
1075.5 0
1075.7 0
1075.9 0
1076.1 0
1076.3 0
1076.5 0
1076.7 0
1076.9 0
1077.1 0
1077.3 0
1077.5 0
1077.7 0
1077.9 0
1078.1 0
1078.3 0
1078.5 0
1078.7 0
1078.9 0
1079.1 0
1079.3 0
1079.5 0
1079.7 0
1079.9 0
1080.1 0
1080.3 0
1080.5 0
1080.7 0
1080.9 0
1081.1 0
1081.3 0
1081.5 0
1081.7 0
1081.9 0
1082.1 0
1082.3 0
1082.5 0
1082.7 0
1082.9 0
1083.1 0
1083.3 0
1083.5 0
1083.7 0
1083.9 0
1084.1 0
1084.3 0
1084.5 0
1084.7 0
1084.9 0
1085.1 0
1085.3 0
1085.5 0
1085.7 0
1085.9 0
1086.1 0
1086.3 0
1086.5 0
1086.7 0
1086.9 0
1087.1 0
1087.3 0
1087.5 0
1087.7 0
1087.9 0
1088.1 0
1088.3 0
1088.5 0
1088.7 0
1088.9 0
1089.1 0
1089.3 0
1089.5 0
1089.7 0
1089.9 0
1090.1 0
1090.3 0
1090.5 0
1090.7 0
1090.9 0
1091.1 0
1091.3 0
1091.5 0
1091.7 0
1091.9 0
1092.1 0
1092.3 0
1092.5 0
1092.7 0
1092.9 0
1093.1 0
1093.3 0
1093.5 0
1093.7 0
1093.9 0
1094.1 0
1094.3 0
1094.5 0
1094.7 0
1094.9 0
1095.1 0
1095.3 0
1095.5 0
1095.7 0
1095.9 0
1096.1 0
1096.3 0
1096.5 0
1096.7 0
1096.9 0
1097.1 0
1097.3 0
1097.5 0
1097.7 0
1097.9 0
1098.1 0
1098.3 0
1098.5 0
1098.7 0
1098.9 0
1099.1 0
1099.3 0
1099.5 0
1099.7 0
1099.9 0
1100.1 0
1100.3 0
1100.5 0
1100.7 0
1100.9 0
1101.1 0
1101.3 0
1101.5 0
1101.7 0
1101.9 0
1102.1 0
1102.3 0
1102.5 0
1102.7 0
1102.9 0
1103.1 0
1103.3 0
1103.5 0
1103.7 0
1103.9 0
1104.1 0
1104.3 0
1104.5 0
1104.7 0
1104.9 0
1105.1 0
1105.3 0
1105.5 0
1105.7 0
1105.9 0
1106.1 0
1106.3 0
1106.5 0
1106.7 0
1106.9 0
1107.1 0
1107.3 0
1107.5 0
1107.7 0
1107.9 0
1108.1 0
1108.3 0
1108.5 0
1108.7 0
1108.9 0
1109.1 0
1109.3 0
1109.5 0
1109.7 0
1109.9 0
1110.1 0
1110.3 0
1110.5 0
1110.7 0
1110.9 0
1111.1 0
1111.3 0
1111.5 0
1111.7 0
1111.9 0
1112.1 0
1112.3 0
1112.5 0
1112.7 0
1112.9 0
1113.1 0
1113.3 0
1113.5 0
1113.7 0
1113.9 0
1114.1 0
1114.3 0
1114.5 0
1114.7 0
1114.9 0
1115.1 0
1115.3 0
1115.5 0
1115.7 0
1115.9 0
1116.1 0
1116.3 0
1116.5 0
1116.7 0
1116.9 0
1117.1 0
1117.3 0
1117.5 0
1117.7 0
1117.9 0
1118.1 0
1118.3 0
1118.5 0
1118.7 0
1118.9 0
1119.1 0
1119.3 0
1119.5 0
1119.7 0
1119.9 0
1120.1 0
1120.3 0
1120.5 0
1120.7 0
1120.9 0
1121.1 0
1121.3 0
1121.5 0
1121.7 0
1121.9 0
1122.1 0
1122.3 0
1122.5 0
1122.7 0
1122.9 0
1123.1 0
1123.3 0
1123.5 0
1123.7 0
1123.9 0
1124.1 0
1124.3 0
1124.5 0
1124.7 0
1124.9 0
1125.1 0
1125.3 0
1125.5 0
1125.7 0
1125.9 0
1126.1 0
1126.3 0
1126.5 0
1126.7 0
1126.9 0
1127.1 0
1127.3 0
1127.5 0
1127.7 0
1127.9 0
1128.1 0
1128.3 0
1128.5 0
1128.7 0
1128.9 0
1129.1 0
1129.3 0
1129.5 0
1129.7 0
1129.9 0
1130.1 0
1130.3 0
1130.5 0
1130.7 0
1130.9 0
1131.1 0
1131.3 0
1131.5 0
1131.7 0
1131.9 0
1132.1 0
1132.3 0
1132.5 0
1132.7 0
1132.9 0
1133.1 0
1133.3 0
1133.5 0
1133.7 0
1133.9 0
1134.1 0
1134.3 0
1134.5 0
1134.7 0
1134.9 0
1135.1 0
1135.3 0
1135.5 0
1135.7 0
1135.9 0
1136.1 0
1136.3 0
1136.5 0
1136.7 0
1136.9 0
1137.1 0
1137.3 0
1137.5 0
1137.7 0
1137.9 0
1138.1 0
1138.3 0
1138.5 0
1138.7 0
1138.9 0
1139.1 0
1139.3 0
1139.5 0
1139.7 0
1139.9 0
1140.1 0
1140.3 0
1140.5 0
1140.7 0
1140.9 0
1141.1 0
1141.3 0
1141.5 0
1141.7 0
1141.9 0
1142.1 0
1142.3 0
1142.5 0
1142.7 0
1142.9 0
1143.1 0
1143.3 0
1143.5 0
1143.7 0
1143.9 0
1144.1 0
1144.3 0
1144.5 0
1144.7 0
1144.9 0
1145.1 0
1145.3 0
1145.5 0
1145.7 0
1145.9 0
1146.1 0
1146.3 0
1146.5 0
1146.7 0
1146.9 0
1147.1 0
1147.3 0
1147.5 0
1147.7 0
1147.9 0
1148.1 0
1148.3 0
1148.5 0
1148.7 0
1148.9 0
1149.1 0
1149.3 0
1149.5 0
1149.7 0
1149.9 0
1150.1 0
1150.3 0
1150.5 0
1150.7 0
1150.9 0
1151.1 0
1151.3 0
1151.5 0
1151.7 0
1151.9 0
1152.1 0
1152.3 0
1152.5 0
1152.7 0
1152.9 0
1153.1 0
1153.3 0
1153.5 0
1153.7 0
1153.9 0
1154.1 0
1154.3 0
1154.5 0
1154.7 0
1154.9 0
1155.1 0
1155.3 0
1155.5 0
1155.7 0
1155.9 0
1156.1 0
1156.3 0
1156.5 0
1156.7 0
1156.9 0
1157.1 0
1157.3 0
1157.5 0
1157.7 0
1157.9 0
1158.1 0
1158.3 0
1158.5 0
1158.7 0
1158.9 0
1159.1 0
1159.3 0
1159.5 0
1159.7 0
1159.9 0
1160.1 0
1160.3 0
1160.5 0
1160.7 0
1160.9 0
1161.1 0
1161.3 0
1161.5 0
1161.7 0
1161.9 0
1162.1 0
1162.3 0
1162.5 0
1162.7 0
1162.9 0
1163.1 0
1163.3 0
1163.5 0
1163.7 0
1163.9 0
1164.1 0
1164.3 0
1164.5 0
1164.7 0
1164.9 0
1165.1 0
1165.3 0
1165.5 0
1165.7 0
1165.9 0
1166.1 0
1166.3 0
1166.5 0
1166.7 0
1166.9 0
1167.1 0
1167.3 0
1167.5 0
1167.7 0
1167.9 0
1168.1 0
1168.3 0
1168.5 0
1168.7 0
1168.9 0
1169.1 0
1169.3 0
1169.5 0
1169.7 0
1169.9 0
1170.1 0
1170.3 0
1170.5 0
1170.7 0
1170.9 0
1171.1 0
1171.3 0
1171.5 0
1171.7 0
1171.9 0
1172.1 0
1172.3 0
1172.5 0
1172.7 0
1172.9 0
1173.1 0
1173.3 0
1173.5 0
1173.7 0
1173.9 0
1174.1 0
1174.3 0
1174.5 0
1174.7 0
1174.9 0
1175.1 0
1175.3 0
1175.5 0
1175.7 0
1175.9 0
1176.1 0
1176.3 0
1176.5 0
1176.7 0
1176.9 0
1177.1 0
1177.3 0
1177.5 0
1177.7 0
1177.9 0
1178.1 0
1178.3 0
1178.5 0
1178.7 0
1178.9 0
1179.1 0
1179.3 0
1179.5 0
1179.7 0
1179.9 0
1180.1 0
1180.3 0
1180.5 0
1180.7 0
1180.9 0
1181.1 0
1181.3 0
1181.5 0
1181.7 0
1181.9 0
1182.1 0
1182.3 0
1182.5 0
1182.7 0
1182.9 0
1183.1 0
1183.3 0
1183.5 0
1183.7 0
1183.9 0
1184.1 0
1184.3 0
1184.5 0
1184.7 0
1184.9 0
1185.1 0
1185.3 0
1185.5 0
1185.7 0
1185.9 0
1186.1 0
1186.3 0
1186.5 0
1186.7 0
1186.9 0
1187.1 0
1187.3 0
1187.5 0
1187.7 0
1187.9 0
1188.1 0
1188.3 0
1188.5 0
1188.7 0
1188.9 0
1189.1 0
1189.3 0
1189.5 0
1189.7 0
1189.9 0
1190.1 0
1190.3 0
1190.5 0
1190.7 0
1190.9 0
1191.1 0
1191.3 0
1191.5 0
1191.7 0
1191.9 0
1192.1 0
1192.3 0
1192.5 0
1192.7 0
1192.9 0
1193.1 0
1193.3 0
1193.5 0
1193.7 0
1193.9 0
1194.1 0
1194.3 0
1194.5 0
1194.7 0
1194.9 0
1195.1 0
1195.3 0
1195.5 0
1195.7 0
1195.9 0
1196.1 0
1196.3 0
1196.5 0
1196.7 0
1196.9 0
1197.1 0
1197.3 0
1197.5 0
1197.7 0
1197.9 0
1198.1 0
1198.3 0
1198.5 0
1198.7 0
1198.9 0
1199.1 0
1199.3 0
1199.5 0
1199.7 0
1199.9 0
