997
-99.5 5.15251e-05
-99.3 5.15251e-05
-99.1 5.15251e-05
-98.9 5.15251e-05
-98.7 5.15251e-05
-98.5 5.15251e-05
-98.3 5.15251e-05
-98.1 5.15251e-05
-97.9 5.15251e-05
-97.7 5.15251e-05
-97.5 5.15251e-05
-97.3 5.15251e-05
-97.1 5.15251e-05
-96.9 5.15251e-05
-96.7 5.15251e-05
-96.5 5.15251e-05
-96.3 5.15251e-05
-96.1 5.15251e-05
-95.9 5.15251e-05
-95.7 5.15251e-05
-95.5 5.15251e-05
-95.3 5.15251e-05
-95.1 5.15251e-05
-94.9 5.15251e-05
-94.7 5.15251e-05
-94.5 5.15251e-05
-94.3 5.15251e-05
-94.1 5.15251e-05
-93.9 5.15251e-05
-93.7 0.00010305
-93.5 0.00010305
-93.3 0.00010305
-93.1 0.00010305
-92.9 0.00010305
-92.7 0.00010305
-92.5 0.00010305
-92.3 0.00010305
-92.1 0.00010305
-91.9 0.00010305
-91.7 0.00010305
-91.5 0.00010305
-91.3 0.000154575
-91.1 0.000154575
-90.9 0.000154575
-90.7 0.000154575
-90.5 0.000154575
-90.3 0.000154575
-90.1 0.000154575
-89.9 0.000154575
-89.7 0.000154575
-89.5 0.000154575
-89.3 0.000154575
-89.1 0.000154575
-88.9 0.000154575
-88.7 0.000154575
-88.5 0.000154575
-88.3 0.000154575
-88.1 0.000154575
-87.9 0.000154575
-87.7 0.000206101
-87.5 0.000206101
-87.3 0.000360676
-87.1 0.000412201
-86.9 0.000412201
-86.7 0.000412201
-86.5 0.000412201
-86.3 0.000463726
-86.1 0.000515251
-85.9 0.000515251
-85.7 0.000566777
-85.5 0.000566777
-85.3 0.000566777
-85.1 0.000618302
-84.9 0.000618302
-84.7 0.000669827
-84.5 0.000721352
-84.3 0.000772877
-84.1 0.000772877
-83.9 0.000772877
-83.7 0.000772877
-83.5 0.000824402
-83.3 0.000927453
-83.1 0.000927453
-82.9 0.0010305
-82.7 0.00108203
-82.5 0.00113355
-82.3 0.00118508
-82.1 0.00133965
-81.9 0.0014427
-81.7 0.0016488
-81.5 0.00170033
-81.3 0.00180338
-81.1 0.00180338
-80.9 0.00195796
-80.7 0.00216406
-80.5 0.00231863
-80.3 0.00237016
-80.1 0.00257626
-79.9 0.00283388
-79.7 0.00288541
-79.5 0.00298846
-79.3 0.00319456
-79.1 0.00329761
-78.9 0.00340066
-78.7 0.00360676
-78.5 0.00386439
-78.3 0.00396744
-78.1 0.00401896
-77.9 0.00427659
-77.7 0.00448269
-77.5 0.00463726
-77.3 0.00494641
-77.1 0.00525556
-76.9 0.00577082
-76.7 0.00602844
-76.5 0.00628607
-76.3 0.00649217
-76.1 0.00685284
-75.9 0.00726505
-75.7 0.0077803
-75.5 0.0079864
-75.3 0.00850165
-75.1 0.00886232
-74.9 0.00953215
-74.7 0.00989283
-74.5 0.0104081
-74.3 0.0109233
-74.1 0.0114901
-73.9 0.0123145
-73.7 0.0127267
-73.5 0.0131389
-73.3 0.0139633
-73.1 0.0147877
-72.9 0.0156636
-72.7 0.016385
-72.5 0.0174155
-72.3 0.0183945
-72.1 0.0191158
-71.9 0.0203524
-71.7 0.0215375
-71.5 0.0222589
-71.3 0.0235985
-71.1 0.0247321
-70.9 0.0258141
-70.7 0.0269992
-70.5 0.0281327
-70.3 0.0296785
-70.1 0.0310697
-69.9 0.0324608
-69.7 0.0333883
-69.5 0.0343157
-69.3 0.0355008
-69.1 0.0373042
-68.9 0.0390561
-68.7 0.041014
-68.5 0.0426113
-68.3 0.0440025
-68.1 0.0458574
-67.9 0.0479699
-67.7 0.0502885
-67.5 0.052298
-67.3 0.0544106
-67.1 0.0568838
-66.9 0.0589448
-66.7 0.0606451
-66.5 0.0626031
-66.3 0.0648186
-66.1 0.0670342
-65.9 0.069662
-65.7 0.0724444
-65.5 0.0742993
-65.3 0.0763087
-65.1 0.0785758
-64.9 0.0815128
-64.7 0.0843467
-64.5 0.0872321
-64.3 0.0893446
-64.1 0.0924361
-63.9 0.0944971
-63.7 0.0975886
-63.5 0.100886
-63.3 0.103669
-63.1 0.105678
-62.9 0.10877
-62.7 0.112067
-62.5 0.115107
-62.3 0.117735
-62.1 0.120723
-61.9 0.123351
-61.7 0.126803
-61.5 0.12974
-61.3 0.132214
-61.1 0.135254
-60.9 0.138242
-60.7 0.140715
-60.5 0.143549
-60.3 0.146074
-60.1 0.148908
-59.9 0.151845
-59.7 0.154215
-59.5 0.156843
-59.3 0.160089
-59.1 0.163592
-58.9 0.166066
-58.7 0.168384
-58.5 0.171218
-58.3 0.174413
-58.1 0.177246
-57.9 0.180338
-57.7 0.183275
-57.5 0.186057
-57.3 0.188479
-57.1 0.190901
-56.9 0.193786
-56.7 0.195796
-56.5 0.198269
-56.3 0.200381
-56.1 0.203112
-55.9 0.206255
-55.7 0.208419
-55.5 0.210738
-55.3 0.212799
-55.1 0.21553
-54.9 0.2179
-54.7 0.220012
-54.5 0.223413
-54.3 0.225938
-54.1 0.228875
-53.9 0.231296
-53.7 0.234182
-53.5 0.23681
-53.3 0.239437
-53.1 0.241962
-52.9 0.244384
-52.7 0.247527
-52.5 0.250361
-52.3 0.253092
-52.1 0.255256
-51.9 0.258192
-51.7 0.260047
-51.5 0.262933
-51.3 0.265664
-51.1 0.268085
-50.9 0.27061
-50.7 0.272723
-50.5 0.274732
-50.3 0.277978
-50.1 0.280657
-49.9 0.282822
-49.7 0.284728
-49.5 0.287098
-49.3 0.290035
-49.1 0.29292
-48.9 0.295394
-48.7 0.297609
-48.5 0.300546
-48.3 0.303174
-48.1 0.305183
-47.9 0.30776
-47.7 0.309769
-47.5 0.311985
-47.3 0.314252
-47.1 0.316158
-46.9 0.318889
-46.7 0.322702
-46.5 0.324711
-46.3 0.327185
-46.1 0.3294
-45.9 0.33177
-45.7 0.334089
-45.5 0.336614
-45.3 0.339087
-45.1 0.341303
-44.9 0.343106
-44.7 0.345579
-44.5 0.348413
-44.3 0.351041
-44.1 0.352999
-43.9 0.355369
-43.7 0.357739
-43.5 0.359903
-43.3 0.361655
-43.1 0.364231
-42.9 0.366344
-42.7 0.368611
-42.5 0.371033
-42.3 0.373609
-42.1 0.376082
-41.9 0.378401
-41.7 0.380307
-41.5 0.382007
-41.3 0.384378
-41.1 0.386336
-40.9 0.388603
-40.7 0.39123
-40.5 0.393961
-40.3 0.395559
-40.1 0.397053
-39.9 0.398856
-39.7 0.401226
-39.5 0.403596
-39.3 0.405812
-39.1 0.408337
-38.9 0.410346
-38.7 0.413283
-38.5 0.41519
-38.3 0.417766
-38.1 0.420703
-37.9 0.422918
-37.7 0.424876
-37.5 0.42771
-37.3 0.429771
-37.1 0.431626
-36.9 0.433223
-36.7 0.435594
-36.5 0.438221
-36.3 0.440231
-36.1 0.442962
-35.9 0.445023
-35.7 0.44662
-35.5 0.448629
-35.3 0.450484
-35.1 0.453215
-34.9 0.455791
-34.7 0.458625
-34.5 0.460892
-34.3 0.463314
-34.1 0.46589
-33.9 0.468106
-33.7 0.470012
-33.5 0.472228
-33.3 0.474907
-33.1 0.47702
-32.9 0.478617
-32.7 0.480575
-32.5 0.482533
-32.3 0.484594
-32.1 0.487119
-31.9 0.489334
-31.7 0.491138
-31.5 0.493508
-31.3 0.495311
-31.1 0.497887
-30.9 0.499794
-30.7 0.501958
-30.5 0.504225
-30.3 0.506183
-30.1 0.507883
-29.9 0.510047
-29.7 0.511799
-29.5 0.514633
-29.3 0.517055
-29.1 0.51958
-28.9 0.522001
-28.7 0.523856
-28.5 0.526278
-28.3 0.528493
-28.1 0.530761
-27.9 0.532718
-27.7 0.535398
-27.5 0.537665
-27.3 0.539623
-27.1 0.54189
-26.9 0.544415
-26.7 0.546682
-26.5 0.54864
-26.3 0.550804
-26.1 0.55338
-25.9 0.555132
-25.7 0.556884
-25.5 0.558842
-25.3 0.56116
-25.1 0.563427
-24.9 0.566107
-24.7 0.568013
-24.5 0.569765
-24.3 0.572238
-24.1 0.573939
-23.9 0.576515
-23.7 0.57873
-23.5 0.580843
-23.3 0.582852
-23.1 0.58445
-22.9 0.58615
-22.7 0.587644
-22.5 0.589654
-22.3 0.591921
-22.1 0.593312
-21.9 0.595785
-21.7 0.598258
-21.5 0.600113
-21.3 0.602174
-21.1 0.604132
-20.9 0.605987
-20.7 0.6081
-20.5 0.610264
-20.3 0.612376
-20.1 0.613871
-19.9 0.615519
-19.7 0.617477
-19.5 0.619693
-19.3 0.621805
-19.1 0.623506
-18.9 0.625103
-18.7 0.626855
-18.5 0.628864
-18.3 0.630359
-18.1 0.63278
-17.9 0.634687
-17.7 0.636439
-17.5 0.637778
-17.3 0.639788
-17.1 0.6419
-16.9 0.643755
-16.7 0.645713
-16.5 0.647774
-16.3 0.649681
-16.1 0.651793
-15.9 0.654009
-15.7 0.656791
-15.5 0.658285
-15.3 0.660501
-15.1 0.661944
-14.9 0.663592
-14.7 0.665241
-14.5 0.66689
-14.3 0.668899
-14.1 0.671218
-13.9 0.672918
-13.7 0.674207
-13.5 0.676164
-13.3 0.678019
-13.1 0.679977
-12.9 0.681832
-12.7 0.684254
-12.5 0.685697
-12.3 0.687345
-12.1 0.689149
-11.9 0.690746
-11.7 0.692756
-11.5 0.694301
-11.3 0.696053
-11.1 0.697547
-10.9 0.699299
-10.7 0.701257
-10.5 0.703009
-10.3 0.704967
-10.1 0.706873
-9.9 0.708574
-9.7 0.710223
-9.5 0.712438
-9.3 0.713984
-9.1 0.715478
-8.9 0.716766
-8.7 0.718312
-8.5 0.720682
-8.3 0.723258
-8.1 0.724804
-7.9 0.726659
-7.7 0.727999
-7.5 0.729699
-7.3 0.731451
-7.1 0.733512
-6.9 0.734697
-6.7 0.737067
-6.5 0.738974
-6.3 0.740159
-6.1 0.742271
-5.9 0.743456
-5.7 0.745311
-5.5 0.746702
-5.3 0.74866
-5.1 0.749845
-4.9 0.751906
-4.7 0.753555
-4.5 0.754895
-4.3 0.756956
-4.1 0.758656
-3.9 0.759944
-3.7 0.761387
-3.5 0.762778
-3.3 0.764891
-3.1 0.766797
-2.9 0.768652
-2.7 0.770146
-2.5 0.771898
-2.3 0.773547
-2.1 0.775093
-1.9 0.776845
-1.7 0.778184
-1.5 0.77973
-1.3 0.78143
-1.1 0.78344
-0.900002 0.784986
-0.700002 0.786634
-0.500002 0.788386
-0.300002 0.79055
-0.100002 0.792251
0.0999985 0.79359
0.299998 0.795342
0.499998 0.797197
0.699998 0.798382
0.899998 0.800392
1.1 0.801834
1.3 0.803792
1.5 0.805493
1.7 0.807708
1.9 0.809151
2.1 0.8108
2.3 0.811933
2.5 0.813479
2.7 0.814716
2.9 0.816467
3.1 0.818271
3.3 0.820126
3.5 0.821826
3.7 0.823269
3.9 0.825021
4.1 0.826515
4.3 0.828061
4.5 0.829658
4.7 0.830791
4.9 0.83208
5.1 0.83378
5.3 0.834965
5.5 0.836253
5.7 0.837696
5.9 0.839138
6.1 0.840993
6.3 0.842591
6.5 0.843776
6.7 0.845115
6.9 0.846455
7.1 0.848104
7.3 0.849701
7.5 0.850783
7.7 0.851968
7.9 0.853205
8.1 0.855163
8.3 0.856966
8.5 0.858563
8.7 0.860058
8.9 0.861346
9.1 0.862428
9.3 0.864231
9.5 0.866086
9.7 0.86758
9.9 0.868508
10.1 0.869641
10.3 0.870981
10.5 0.872115
10.7 0.872991
10.9 0.874279
11.1 0.875618
11.3 0.877679
11.5 0.879431
11.7 0.880513
11.9 0.881801
12.1 0.883759
12.3 0.884584
12.5 0.885717
12.7 0.886696
12.9 0.88783
13.1 0.88886
13.3 0.890148
13.5 0.891024
13.7 0.89257
13.9 0.894167
14.1 0.895455
14.3 0.896744
14.5 0.897774
14.7 0.899165
14.9 0.900505
15.1 0.902051
15.3 0.903133
15.5 0.904318
15.7 0.905657
15.9 0.906688
16.1 0.907976
16.3 0.908646
16.5 0.909625
16.7 0.910604
16.9 0.911531
17.1 0.912768
17.3 0.913644
17.5 0.91488
17.7 0.915859
17.9 0.917045
18.1 0.918693
18.3 0.919724
18.5 0.920857
18.7 0.922094
18.9 0.923073
19.1 0.924
19.3 0.925185
19.5 0.926422
19.7 0.927556
19.9 0.928586
20.1 0.929617
20.3 0.93075
20.5 0.931781
20.7 0.932914
20.9 0.934151
21.1 0.93513
21.3 0.936263
21.5 0.937036
21.7 0.938015
21.9 0.93884
22.1 0.939716
22.3 0.94054
22.5 0.941261
22.7 0.942189
22.9 0.943322
23.1 0.944353
23.3 0.945641
23.5 0.946517
23.7 0.94796
23.9 0.948836
24.1 0.949969
24.3 0.950948
24.5 0.951669
24.7 0.952545
24.9 0.953318
25.1 0.953937
25.3 0.954606
25.5 0.955379
25.7 0.956307
25.9 0.956977
26.1 0.957595
26.3 0.958213
26.5 0.958934
26.7 0.959656
26.9 0.960326
27.1 0.96115
27.3 0.961768
27.5 0.962335
27.7 0.962953
27.9 0.963675
28.1 0.964396
28.3 0.964757
28.5 0.965324
28.7 0.96589
28.9 0.966303
29.1 0.966818
29.3 0.96723
29.5 0.967539
29.7 0.96857
29.9 0.96893
30.1 0.969446
30.3 0.969755
30.5 0.970012
30.7 0.970734
30.9 0.97094
31.1 0.971455
31.3 0.971661
31.5 0.972331
31.7 0.972589
31.9 0.972846
32.1 0.973207
32.3 0.973516
32.5 0.973877
32.7 0.974237
32.9 0.974701
33.1 0.975165
33.3 0.975474
33.5 0.975732
33.7 0.975989
33.9 0.976247
34.1 0.976401
34.3 0.976453
34.5 0.976659
34.7 0.976814
34.9 0.977226
35.1 0.977535
35.3 0.978153
35.5 0.978514
35.7 0.97872
35.9 0.978875
36.1 0.97939
36.3 0.979648
36.5 0.979957
36.7 0.980317
36.9 0.980472
37.1 0.980884
37.3 0.981193
37.5 0.981554
37.7 0.98176
37.9 0.981966
38.1 0.982378
38.3 0.982481
38.5 0.982688
38.7 0.982842
38.9 0.982997
39.1 0.983254
39.3 0.983512
39.5 0.983563
39.7 0.98377
39.9 0.983873
40.1 0.983924
40.3 0.984079
40.5 0.98413
40.7 0.984233
40.9 0.984439
41.1 0.984749
41.3 0.985006
41.5 0.985058
41.7 0.985161
41.9 0.985315
42.1 0.985624
42.3 0.985882
42.5 0.986037
42.7 0.986191
42.9 0.986243
43.1 0.986603
43.3 0.986707
43.5 0.98681
43.7 0.986861
43.9 0.987016
44.1 0.987119
44.3 0.987479
44.5 0.987634
44.7 0.987737
44.9 0.987892
45.1 0.988046
45.3 0.988252
45.5 0.988407
45.7 0.98851
45.9 0.988664
46.1 0.988871
46.3 0.989128
46.5 0.989231
46.7 0.989489
46.9 0.98954
47.1 0.989798
47.3 0.989953
47.5 0.990056
47.7 0.990365
47.9 0.990519
48.1 0.990571
48.3 0.990571
48.5 0.990725
48.7 0.990829
48.9 0.990932
49.1 0.991035
49.3 0.991086
49.5 0.991241
49.7 0.991344
49.9 0.991447
50.1 0.991704
50.3 0.991859
50.5 0.991962
50.7 0.992014
50.9 0.992065
51.1 0.992065
51.3 0.992117
51.5 0.992117
51.7 0.992168
51.9 0.992271
52.1 0.992323
52.3 0.992323
52.5 0.992426
52.7 0.992477
52.9 0.992683
53.1 0.992786
53.3 0.992838
53.5 0.99289
53.7 0.992993
53.9 0.993044
54.1 0.993096
54.3 0.993147
54.5 0.993147
54.7 0.993147
54.9 0.993199
55.1 0.993302
55.3 0.993302
55.5 0.993302
55.7 0.993353
55.9 0.993456
56.1 0.993456
56.3 0.993559
56.5 0.993662
56.7 0.993662
56.9 0.993714
57.1 0.993714
57.3 0.993817
57.5 0.993869
57.7 0.993972
57.9 0.994075
58.1 0.994075
58.3 0.994126
58.5 0.994178
58.7 0.994178
58.9 0.994281
59.1 0.994281
59.3 0.994332
59.5 0.994435
59.7 0.994487
59.9 0.994538
60.1 0.994641
60.3 0.994641
60.5 0.994641
60.7 0.994796
60.9 0.994847
61.1 0.994899
61.3 0.994951
61.5 0.995002
61.7 0.995002
61.9 0.995002
62.1 0.995054
62.3 0.995105
62.5 0.995105
62.7 0.995208
62.9 0.99526
63.1 0.99526
63.3 0.995363
63.5 0.995466
63.7 0.995517
63.9 0.995569
64.1 0.99562
64.3 0.995672
64.5 0.995723
64.7 0.995826
64.9 0.995826
65.1 0.995826
65.3 0.995878
65.5 0.995878
65.7 0.995878
65.9 0.995878
66.1 0.995878
66.3 0.995981
66.5 0.996033
66.7 0.996084
66.9 0.996084
67.1 0.996136
67.3 0.996136
67.5 0.996136
67.7 0.996136
67.9 0.996136
68.1 0.996136
68.3 0.996136
68.5 0.996136
68.7 0.996136
68.9 0.996136
69.1 0.996136
69.3 0.996136
69.5 0.996136
69.7 0.996187
69.9 0.996187
70.1 0.996239
70.3 0.996342
70.5 0.996342
70.7 0.996342
70.9 0.996393
71.1 0.996445
71.3 0.996445
71.5 0.996445
71.7 0.996445
71.9 0.996496
72.1 0.996496
72.3 0.996496
72.5 0.996548
72.7 0.996548
72.9 0.996651
73.1 0.996651
73.3 0.996651
73.5 0.996702
73.7 0.996754
73.9 0.996754
74.1 0.996754
74.3 0.996754
74.5 0.996908
74.7 0.996908
74.9 0.996908
75.1 0.99696
75.3 0.997012
75.5 0.997063
75.7 0.997063
75.9 0.997115
76.1 0.997115
76.3 0.997115
76.5 0.997218
76.7 0.997218
76.9 0.997218
77.1 0.997218
77.3 0.997218
77.5 0.997269
77.7 0.997269
77.9 0.997321
78.1 0.997372
78.3 0.997372
78.5 0.997372
78.7 0.997372
78.9 0.997475
79.1 0.997475
79.3 0.997527
79.5 0.997578
79.7 0.99763
79.9 0.997681
80.1 0.997681
80.3 0.997733
80.5 0.997784
80.7 0.997836
80.9 0.997836
81.1 0.997836
81.3 0.997836
81.5 0.997836
81.7 0.997887
81.9 0.997887
82.1 0.997887
82.3 0.997991
82.5 0.998042
82.7 0.998094
82.9 0.998145
83.1 0.998145
83.3 0.998145
83.5 0.998145
83.7 0.998145
83.9 0.998145
84.1 0.998145
84.3 0.998145
84.5 0.998197
84.7 0.998197
84.9 0.998197
85.1 0.9983
85.3 0.998351
85.5 0.998351
85.7 0.998403
85.9 0.998403
86.1 0.998403
86.3 0.998403
86.5 0.998454
86.7 0.998454
86.9 0.998454
87.1 0.998506
87.3 0.998506
87.5 0.998557
87.7 0.998557
87.9 0.998557
88.1 0.998609
88.3 0.998609
88.5 0.998609
88.7 0.998609
88.9 0.99866
89.1 0.99866
89.3 0.998815
89.5 0.998866
89.7 0.998918
89.9 0.998918
90.1 0.998918
90.3 0.998918
90.5 0.998918
90.7 0.998918
90.9 0.998918
91.1 0.998918
91.3 0.998918
91.5 0.998918
91.7 0.998918
91.9 0.998969
92.1 0.998969
92.3 0.999021
92.5 0.999021
92.7 0.999021
92.9 0.999021
93.1 0.999021
93.3 0.999124
93.5 0.999176
93.7 0.999279
93.9 0.999279
94.1 0.999279
94.3 0.999279
94.5 0.999279
94.7 0.999279
94.9 0.999279
95.1 0.999279
95.3 0.999279
95.5 0.99933
95.7 0.999485
95.9 0.999485
96.1 0.999485
96.3 0.999536
96.5 0.999536
96.7 0.999536
96.9 0.999536
97.1 0.999588
97.3 0.999588
97.5 0.999639
97.7 0.999639
97.9 0.999639
98.1 0.999742
98.3 0.999845
98.5 0.999897
98.7 0.999897
98.9 0.999897
99.1 0.999948
99.3 0.999948
99.5 0.999948
99.7 1
