-829.9 0
-829.7 0
-829.5 0
-829.3 0
-829.1 0
-828.9 0
-828.7 0
-828.5 0
-828.3 0
-828.1 0
-827.9 0
-827.7 0
-827.5 0
-827.3 0
-827.1 0
-826.9 0
-826.7 0
-826.5 0
-826.3 0
-826.1 0
-825.9 0
-825.7 0
-825.5 0
-825.3 0
-825.1 0
-824.9 0
-824.7 0
-824.5 0
-824.3 0
-824.1 0
-823.9 0
-823.7 0
-823.5 0
-823.3 0
-823.1 0
-822.9 0
-822.7 0
-822.5 0
-822.3 0
-822.1 0
-821.9 0
-821.7 0
-821.5 0
-821.3 0
-821.1 0
-820.9 0
-820.7 0
-820.5 0
-820.3 0
-820.1 0
-819.9 0
-819.7 0
-819.5 0
-819.3 0
-819.1 0
-818.9 0
-818.7 0
-818.5 0
-818.3 0
-818.1 0
-817.9 0
-817.7 1
-817.5 1
-817.3 1
-817.1 2
-816.9 2
-816.7 1
-816.5 3
-816.3 1
-816.1 7
-815.9 12
-815.7 12
-815.5 19
-815.3 24
-815.1 48
-814.9 46
-814.7 64
-814.5 73
-814.3 87
-814.1 116
-813.9 141
-813.7 165
-813.5 208
-813.3 231
-813.1 264
-812.9 312
-812.7 374
-812.5 387
-812.3 419
-812.1 461
-811.9 489
-811.7 503
-811.5 516
-811.3 602
-811.1 641
-810.9 661
-810.7 677
-810.5 659
-810.3 715
-810.1 716
-809.9 724
-809.7 785
-809.5 820
-809.3 814
-809.1 769
-808.9 750
-808.7 757
-808.5 816
-808.3 790
-808.1 754
-807.9 750
-807.7 786
-807.5 695
-807.3 672
-807.1 656
-806.9 699
-806.7 678
-806.5 622
-806.3 642
-806.1 623
-805.9 590
-805.7 630
-805.5 619
-805.3 546
-805.1 531
-804.9 555
-804.7 553
-804.5 534
-804.3 526
-804.1 529
-803.9 506
-803.7 494
-803.5 494
-803.3 481
-803.1 467
-802.9 451
-802.7 442
-802.5 447
-802.3 485
-802.1 416
-801.9 432
-801.7 414
-801.5 471
-801.3 424
-801.1 438
-800.9 428
-800.7 461
-800.5 431
-800.3 427
-800.1 415
-799.9 399
-799.7 377
-799.5 397
-799.3 368
-799.1 425
-798.9 383
-798.7 353
-798.5 343
-798.3 422
-798.1 402
-797.9 411
-797.7 379
-797.5 392
-797.3 384
-797.1 366
-796.9 370
-796.7 401
-796.5 358
-796.3 352
-796.1 414
-795.9 365
-795.7 332
-795.5 373
-795.3 364
-795.1 353
-794.9 380
-794.7 361
-794.5 354
-794.3 342
-794.1 360
-793.9 385
-793.7 347
-793.5 357
-793.3 338
-793.1 336
-792.9 345
-792.7 353
-792.5 383
-792.3 344
-792.1 348
-791.9 353
-791.7 345
-791.5 329
-791.3 339
-791.1 343
-790.9 328
-790.7 318
-790.5 345
-790.3 308
-790.1 377
-789.9 363
-789.7 326
-789.5 316
-789.3 336
-789.1 345
-788.9 328
-788.7 335
-788.5 317
-788.3 336
-788.1 313
-787.9 332
-787.7 334
-787.5 303
-787.3 326
-787.1 337
-786.9 309
-786.7 285
-786.5 314
-786.3 318
-786.1 291
-785.9 291
-785.7 336
-785.5 299
-785.3 294
-785.1 289
-784.9 294
-784.7 281
-784.5 326
-784.3 330
-784.1 299
-783.9 294
-783.7 281
-783.5 280
-783.3 274
-783.1 260
-782.9 278
-782.7 240
-782.5 272
-782.3 271
-782.1 274
-781.9 243
-781.7 258
-781.5 256
-781.3 262
-781.1 264
-780.9 222
-780.7 207
-780.5 216
-780.3 202
-780.1 232
-779.9 231
-779.7 183
-779.5 209
-779.3 180
-779.1 203
-778.9 191
-778.7 159
-778.5 165
-778.3 149
-778.1 154
-777.9 131
-777.7 154
-777.5 129
-777.3 155
-777.1 131
-776.9 140
-776.7 126
-776.5 121
-776.3 114
-776.1 100
-775.9 96
-775.7 81
-775.5 88
-775.3 80
-775.1 84
-774.9 74
-774.7 66
-774.5 67
-774.3 53
-774.1 70
-773.9 56
-773.7 52
-773.5 35
-773.3 39
-773.1 25
-772.9 25
-772.7 26
-772.5 10
-772.3 12
-772.1 8
-771.9 9
-771.7 2
-771.5 2
-771.3 2
-771.1 0
-770.9 0
-770.7 1
-770.5 0
-770.3 0
-770.1 0
-769.9 0
-769.7 0
-769.5 0
-769.3 0
-769.1 0
-768.9 0
-768.7 0
-768.5 0
-768.3 0
-768.1 0
-767.9 0
-767.7 0
-767.5 0
-767.3 0
-767.1 0
-766.9 0
-766.7 0
-766.5 0
-766.3 0
-766.1 0
-765.9 0
-765.7 0
-765.5 0
-765.3 0
-765.1 0
-764.9 0
-764.7 0
-764.5 0
-764.3 0
-764.1 0
-763.9 0
-763.7 0
-763.5 0
-763.3 0
-763.1 0
-762.9 0
-762.7 0
-762.5 0
-762.3 0
-762.1 0
-761.9 0
-761.7 0
-761.5 0
-761.3 0
-761.1 0
-760.9 0
-760.7 0
-760.5 0
-760.3 0
-760.1 0
-759.9 0
-759.7 0
-759.5 0
-759.3 0
-759.1 0
-758.9 0
-758.7 1
-758.5 0
-758.3 0
-758.1 0
-757.9 0
-757.7 0
-757.5 0
-757.3 0
-757.1 0
-756.9 0
-756.7 0
-756.5 0
-756.3 0
-756.1 0
-755.9 0
-755.7 0
-755.5 0
-755.3 0
-755.1 0
-754.9 0
-754.7 0
-754.5 0
-754.3 0
-754.1 0
-753.9 0
-753.7 0
-753.5 0
-753.3 0
-753.1 0
-752.9 0
-752.7 0
-752.5 0
-752.3 0
-752.1 0
-751.9 0
-751.7 0
-751.5 0
-751.3 0
-751.1 0
-750.9 0
-750.7 0
-750.5 0
-750.3 0
-750.1 0
