400
0.001 0.00526642
0.002 0.0115397
0.003 0.0179678
0.004 0.0243185
0.005 0.0312113
0.006 0.0384913
0.007 0.044842
0.008 0.0509603
0.009 0.0587825
0.01 0.0666047
0.011 0.0731877
0.012 0.080158
0.013 0.0870508
0.014 0.0944083
0.015 0.100991
0.016 0.107265
0.017 0.112918
0.018 0.118727
0.019 0.12469
0.02 0.130654
0.021 0.136617
0.022 0.14289
0.023 0.148854
0.024 0.155359
0.025 0.161787
0.026 0.168293
0.027 0.173792
0.028 0.179833
0.029 0.185331
0.03 0.19083
0.031 0.197646
0.032 0.204306
0.033 0.209727
0.034 0.21662
0.035 0.222506
0.036 0.228934
0.037 0.23575
0.038 0.24241
0.039 0.248529
0.04 0.255886
0.041 0.261385
0.042 0.270524
0.043 0.276952
0.044 0.284232
0.045 0.291512
0.046 0.297398
0.047 0.303361
0.048 0.308628
0.049 0.314823
0.05 0.321639
0.051 0.327757
0.052 0.334572
0.053 0.340458
0.054 0.346654
0.055 0.353082
0.056 0.359278
0.057 0.365551
0.058 0.371515
0.059 0.378485
0.06 0.384449
0.061 0.392426
0.062 0.398621
0.063 0.403965
0.064 0.409696
0.065 0.41597
0.066 0.422165
0.067 0.428981
0.068 0.434944
0.069 0.441372
0.07 0.448652
0.071 0.454616
0.072 0.461586
0.073 0.469176
0.074 0.475372
0.075 0.482187
0.076 0.488693
0.077 0.494811
0.078 0.5
0.079 0.506351
0.08 0.513321
0.081 0.520136
0.082 0.528268
0.083 0.534154
0.084 0.541899
0.085 0.548637
0.086 0.556227
0.087 0.563429
0.088 0.570012
0.089 0.576595
0.09 0.583488
0.091 0.59131
0.092 0.598358
0.093 0.604167
0.094 0.611137
0.095 0.618494
0.096 0.625155
0.097 0.631893
0.098 0.638398
0.099 0.645059
0.1 0.652571
0.101 0.660781
0.102 0.667828
0.103 0.674257
0.104 0.680065
0.105 0.688042
0.106 0.695167
0.107 0.702215
0.108 0.709418
0.109 0.716853
0.11 0.724055
0.111 0.729476
0.112 0.738228
0.113 0.745353
0.114 0.752711
0.115 0.758364
0.116 0.765722
0.117 0.773234
0.118 0.780204
0.119 0.787872
0.12 0.794377
0.121 0.80189
0.122 0.80948
0.123 0.815133
0.124 0.822258
0.125 0.828532
0.126 0.835579
0.127 0.842627
0.128 0.848436
0.129 0.854322
0.13 0.862221
0.131 0.868185
0.132 0.875387
0.133 0.882203
0.134 0.888708
0.135 0.894981
0.136 0.900635
0.137 0.907373
0.138 0.912639
0.139 0.918138
0.14 0.923559
0.141 0.929523
0.142 0.934944
0.143 0.940443
0.144 0.945167
0.145 0.949814
0.146 0.953764
0.147 0.957172
0.148 0.960502
0.149 0.963445
0.15 0.966775
0.151 0.969563
0.152 0.971577
0.153 0.973978
0.154 0.975527
0.155 0.976843
0.156 0.97816
0.157 0.979631
0.158 0.980561
0.159 0.981722
0.16 0.982807
0.161 0.983659
0.162 0.984201
0.163 0.985362
0.164 0.985827
0.165 0.986214
0.166 0.986292
0.167 0.986447
0.168 0.986679
0.169 0.986989
0.17 0.987376
0.171 0.987608
0.172 0.987841
0.173 0.988151
0.174 0.988228
0.175 0.988228
0.176 0.98846
0.177 0.988615
0.178 0.988615
0.179 0.988615
0.18 0.988693
0.181 0.988848
0.182 0.988848
0.183 0.98908
0.184 0.989157
0.185 0.989312
0.186 0.989545
0.187 0.9897
0.188 0.9897
0.189 0.9897
0.19 0.989777
0.191 0.989854
0.192 0.990009
0.193 0.990009
0.194 0.990009
0.195 0.990087
0.196 0.990164
0.197 0.990242
0.198 0.990474
0.199 0.990861
0.2 0.990939
0.201 0.991171
0.202 0.991326
0.203 0.991326
0.204 0.991326
0.205 0.991403
0.206 0.991403
0.207 0.991481
0.208 0.991481
0.209 0.991558
0.21 0.991636
0.211 0.991713
0.212 0.991791
0.213 0.991791
0.214 0.991945
0.215 0.9921
0.216 0.9921
0.217 0.9921
0.218 0.992178
0.219 0.99241
0.22 0.99241
0.221 0.992565
0.222 0.99272
0.223 0.992875
0.224 0.992952
0.225 0.993107
0.226 0.993107
0.227 0.993262
0.228 0.993262
0.229 0.993262
0.23 0.99334
0.231 0.99334
0.232 0.993417
0.233 0.993417
0.234 0.993494
0.235 0.993572
0.236 0.993649
0.237 0.993649
0.238 0.993804
0.239 0.993882
0.24 0.994037
0.241 0.994037
0.242 0.994037
0.243 0.994037
0.244 0.994269
0.245 0.994346
0.246 0.994501
0.247 0.994501
0.248 0.994501
0.249 0.994579
0.25 0.994656
0.251 0.994656
0.252 0.994734
0.253 0.994811
0.254 0.994966
0.255 0.994966
0.256 0.994966
0.257 0.994966
0.258 0.995043
0.259 0.995043
0.26 0.995276
0.261 0.995276
0.262 0.995276
0.263 0.995353
0.264 0.995431
0.265 0.995431
0.266 0.995431
0.267 0.995431
0.268 0.995586
0.269 0.995818
0.27 0.995973
0.271 0.996128
0.272 0.996283
0.273 0.996283
0.274 0.996437
0.275 0.996437
0.276 0.996437
0.277 0.996437
0.278 0.996437
0.279 0.996437
0.28 0.996515
0.281 0.99667
0.282 0.99667
0.283 0.99667
0.284 0.996747
0.285 0.996747
0.286 0.996825
0.287 0.996825
0.288 0.996902
0.289 0.99698
0.29 0.997212
0.291 0.997212
0.292 0.997212
0.293 0.997212
0.294 0.997212
0.295 0.997289
0.296 0.997289
0.297 0.997367
0.298 0.997522
0.299 0.997754
0.3 0.997831
0.301 0.997909
0.302 0.997986
0.303 0.997986
0.304 0.998141
0.305 0.998219
0.306 0.998296
0.307 0.998451
0.308 0.998451
0.309 0.998451
0.31 0.998529
0.311 0.998606
0.312 0.998606
0.313 0.998761
0.314 0.998761
0.315 0.998761
0.316 0.998761
0.317 0.998761
0.318 0.998838
0.319 0.998838
0.32 0.998838
0.321 0.998916
0.322 0.998993
0.323 0.999071
0.324 0.999148
0.325 0.999148
0.326 0.999226
0.327 0.999226
0.328 0.999226
0.329 0.999226
0.33 0.999226
0.331 0.999226
0.332 0.999303
0.333 0.999303
0.334 0.99938
0.335 0.99938
0.336 0.999458
0.337 0.999458
0.338 0.999458
0.339 0.999458
0.34 0.999458
0.341 0.999458
0.342 0.999458
0.343 0.999535
0.344 0.999535
0.345 0.999535
0.346 0.999535
0.347 0.999535
0.348 0.999535
0.349 0.999535
0.35 0.999535
0.351 0.999535
0.352 0.999535
0.353 0.999535
0.354 0.999535
0.355 0.999535
0.356 0.999535
0.357 0.999535
0.358 0.999613
0.359 0.999613
0.36 0.999613
0.361 0.999613
0.362 0.99969
0.363 0.99969
0.364 0.99969
0.365 0.999768
0.366 0.999768
0.367 0.999768
0.368 0.999768
0.369 0.999768
0.37 0.999768
0.371 0.999768
0.372 0.999768
0.373 0.999768
0.374 0.999845
0.375 0.999845
0.376 0.999923
0.377 0.999923
0.378 0.999923
0.379 0.999923
0.38 0.999923
0.381 0.999923
0.382 0.999923
0.383 1
0.384 1
0.385 1
0.386 1
0.387 1
0.388 1
0.389 1
0.39 1
0.391 1
0.392 1
0.393 1
0.394 1
0.395 1
0.396 1
0.397 1
0.398 1
0.399 1
0.4 1
