-29.9 0
-29.7 0
-29.5 0
-29.3 0
-29.1 0
-28.9 0
-28.7 0
-28.5 0
-28.3 0
-28.1 0
-27.9 0
-27.7 0
-27.5 0
-27.3 0
-27.1 0
-26.9 0
-26.7 0
-26.5 1
-26.3 0
-26.1 0
-25.9 0
-25.7 0
-25.5 0
-25.3 0
-25.1 0
-24.9 0
-24.7 0
-24.5 1
-24.3 1
-24.1 0
-23.9 0
-23.7 0
-23.5 3
-23.3 0
-23.1 4
-22.9 4
-22.7 11
-22.5 5
-22.3 15
-22.1 16
-21.9 13
-21.7 20
-21.5 43
-21.3 39
-21.1 76
-20.9 92
-20.7 151
-20.5 229
-20.3 350
-20.1 444
-19.9 651
-19.7 888
-19.5 1197
-19.3 1737
-19.1 2218
-18.9 2870
-18.7 3743
-18.5 4541
-18.3 5721
-18.1 6844
-17.9 8430
-17.7 9945
-17.5 11651
-17.3 13623
-17.1 15770
-16.9 17532
-16.7 19542
-16.5 21538
-16.3 23503
-16.1 25714
-15.9 27151
-15.7 29075
-15.5 30220
-15.3 31115
-15.1 32200
-14.9 32726
-14.7 32921
-14.5 33665
-14.3 33684
-14.1 33313
-13.9 32835
-13.7 32605
-13.5 32062
-13.3 31505
-13.1 31321
-12.9 30148
-12.7 29278
-12.5 28276
-12.3 27532
-12.1 27020
-11.9 25954
-11.7 25114
-11.5 24709
-11.3 23802
-11.1 23203
-10.9 22549
-10.7 22125
-10.5 21378
-10.3 21250
-10.1 20694
-9.9 20117
-9.7 19967
-9.5 19731
-9.3 19224
-9.1 19065
-8.9 18670
-8.7 18835
-8.5 18519
-8.3 18345
-8.1 18108
-7.9 18119
-7.7 17894
-7.5 17977
-7.3 17572
-7.1 17234
-6.9 17396
-6.7 17392
-6.5 17151
-6.3 17081
-6.1 16792
-5.9 16756
-5.7 16959
-5.5 16956
-5.3 16711
-5.1 16692
-4.9 16613
-4.7 16596
-4.5 16497
-4.3 16305
-4.1 16320
-3.9 16028
-3.7 16160
-3.5 16497
-3.3 16323
-3.1 16140
-2.9 16249
-2.7 16186
-2.5 15769
-2.3 16171
-2.1 15975
-1.9 16034
-1.7 15907
-1.5 15945
-1.3 16196
-1.1 15860
-0.9 16041
-0.7 15918
-0.5 15987
-0.3 15776
-0.1 16289
0.1 15784
0.3 16044
0.5 15981
0.7 15926
0.9 16053
1.1 16021
1.3 16127
1.5 16030
1.7 15798
1.9 15912
2.1 15990
2.3 15852
2.5 15992
2.7 16025
2.9 15962
3.1 15852
3.3 15707
3.5 15796
3.7 15602
3.9 15811
4.1 15735
4.3 15767
4.5 15697
4.7 15662
4.9 15625
5.1 15640
5.3 15602
5.5 15542
5.7 15440
5.9 15717
6.1 15344
6.3 15353
6.5 15308
6.7 14933
6.9 15364
7.1 15204
7.3 15244
7.5 15240
7.7 15368
7.9 15325
8.1 15073
8.3 15021
8.5 15196
8.7 15072
8.9 15246
9.1 15430
9.3 15062
9.5 15270
9.7 15037
9.9 15140
10.1 15094
10.3 15399
10.5 15521
10.7 15357
10.9 15304
11.1 15390
11.3 15436
11.5 15631
11.7 15376
11.9 15363
12.1 15311
12.3 15428
12.5 15463
12.7 15480
12.9 15432
13.1 15395
13.3 15364
13.5 15361
13.7 15627
13.9 15406
14.1 15600
14.3 15563
14.5 15506
14.7 15514
14.9 15330
15.1 15269
15.3 15235
15.5 15091
15.7 15308
15.9 15138
16.1 15009
16.3 15102
16.5 14803
16.7 14997
16.9 14805
17.1 14729
17.3 14750
17.5 14594
17.7 14773
17.9 14892
18.1 14811
18.3 14487
18.5 14600
18.7 14554
18.9 14510
19.1 14502
19.3 14176
19.5 14334
19.7 14641
19.9 14162
20.1 14144
20.3 14132
20.5 14298
20.7 14097
20.9 14257
21.1 14300
21.3 14314
21.5 14170
21.7 14455
21.9 14337
22.1 14169
22.3 14532
22.5 14366
22.7 14554
22.9 14588
23.1 14446
23.3 14600
23.5 14583
23.7 14604
23.9 14734
24.1 14805
24.3 14686
24.5 14586
24.7 14476
24.9 14895
25.1 14814
25.3 14857
25.5 14853
25.7 14858
25.9 14686
26.1 14946
26.3 14712
26.5 14812
26.7 14839
26.9 14728
27.1 14728
27.3 14722
27.5 14620
27.7 14448
27.9 14531
28.1 14271
28.3 14195
28.5 14275
28.7 13954
28.9 14028
29.1 14034
29.3 13894
29.5 13927
29.7 14011
29.9 13846
30.1 13504
30.3 13720
30.5 13430
30.7 13717
30.9 13393
31.1 13615
31.3 13577
31.5 13457
31.7 13536
31.9 13340
32.1 13301
32.3 13289
32.5 13216
32.7 13483
32.9 13566
33.1 13398
33.3 13328
33.5 13472
33.7 13613
33.9 13453
34.1 13440
34.3 13505
34.5 13300
34.7 13435
34.9 13336
35.1 13360
35.3 13604
35.5 13529
35.7 13413
35.9 13480
36.1 13650
36.3 13375
36.5 13470
36.7 13371
36.9 13278
37.1 13432
37.3 13249
37.5 13429
37.7 13382
37.9 13445
38.1 13400
38.3 13249
38.5 13538
38.7 13181
38.9 13001
39.1 13275
39.3 13033
39.5 13151
39.7 13103
39.9 12969
40.1 12939
40.3 12784
40.5 12924
40.7 13052
40.9 12661
41.1 12618
41.3 12509
41.5 12587
41.7 12440
41.9 12564
42.1 12344
42.3 12401
42.5 12137
42.7 12081
42.9 12044
43.1 12058
43.3 11798
43.5 11699
43.7 11880
43.9 11751
44.1 11486
44.3 11638
44.5 11558
44.7 11250
44.9 11241
45.1 11212
45.3 11112
45.5 10916
45.7 10890
45.9 10753
46.1 10651
46.3 10594
46.5 10615
46.7 10391
46.9 10276
47.1 10138
47.3 9957
47.5 9715
47.7 9627
47.9 9554
48.1 9403
48.3 9230
48.5 9372
48.7 9170
48.9 9036
49.1 8933
49.3 8941
49.5 8732
49.7 8781
49.9 8301
50.1 8178
50.3 8262
50.5 8078
50.7 8125
50.9 8082
51.1 7759
51.3 7619
51.5 7758
51.7 7807
51.9 7334
52.1 7486
52.3 7361
52.5 7369
52.7 7437
52.9 7201
53.1 7141
53.3 7130
53.5 7095
53.7 6828
53.9 6750
54.1 6668
54.3 6646
54.5 6642
54.7 6436
54.9 6383
55.1 6107
55.3 6049
55.5 6058
55.7 5904
55.9 5736
56.1 5623
56.3 5610
56.5 5418
56.7 5325
56.9 5279
57.1 5174
57.3 4961
57.5 4832
57.7 4708
57.9 4620
58.1 4489
58.3 4348
58.5 4345
58.7 4246
58.9 4154
59.1 3915
59.3 3915
59.5 3726
59.7 3626
59.9 3552
60.1 3543
60.3 3499
60.5 3423
60.7 3347
60.9 3145
61.1 3121
61.3 2941
61.5 2992
61.7 2869
61.9 2898
62.1 2760
62.3 2779
62.5 2643
62.7 2727
62.9 2641
63.1 2566
63.3 2518
63.5 2400
63.7 2496
63.9 2487
64.1 2429
64.3 2356
64.5 2340
64.7 2308
64.9 2306
65.1 2381
65.3 2228
65.5 2260
65.7 2188
65.9 2159
66.1 2201
66.3 2146
66.5 2124
66.7 2159
66.9 2109
67.1 2111
67.3 2169
67.5 2123
67.7 2092
67.9 2161
68.1 2014
68.3 2009
68.5 2018
68.7 1953
68.9 2019
69.1 1995
69.3 1964
69.5 1884
69.7 1879
69.9 1853
70.1 1906
70.3 1855
70.5 1719
70.7 1686
70.9 1732
71.1 1606
71.3 1583
71.5 1556
71.7 1583
71.9 1498
72.1 1419
72.3 1379
72.5 1363
72.7 1367
72.9 1259
73.1 1249
73.3 1205
73.5 1185
73.7 1128
73.9 1070
74.1 1070
74.3 1024
74.5 1038
74.7 992
74.9 933
75.1 923
75.3 874
75.5 896
75.7 844
75.9 809
76.1 841
76.3 855
76.5 784
76.7 780
76.9 756
77.1 753
77.3 819
77.5 787
77.7 707
77.9 753
78.1 738
78.3 734
78.5 764
78.7 761
78.9 798
79.1 789
79.3 828
79.5 877
79.7 766
79.9 779
80.1 833
80.3 783
80.5 816
80.7 793
80.9 824
81.1 786
81.3 810
81.5 795
81.7 796
81.9 842
82.1 820
82.3 792
82.5 777
82.7 755
82.9 736
83.1 729
83.3 727
83.5 673
83.7 690
83.9 645
84.1 650
84.3 631
84.5 584
84.7 559
84.9 513
85.1 500
85.3 491
85.5 480
85.7 419
85.9 397
86.1 364
86.3 351
86.5 326
86.7 316
86.9 304
87.1 288
87.3 231
87.5 226
87.7 216
87.9 178
88.1 165
88.3 176
88.5 132
88.7 153
88.9 137
89.1 154
89.3 122
89.5 152
89.7 106
89.9 152
90.1 131
90.3 138
90.5 149
90.7 156
90.9 141
91.1 163
91.3 153
91.5 170
91.7 196
91.9 199
92.1 226
92.3 216
92.5 237
92.7 240
92.9 276
93.1 267
93.3 301
93.5 295
93.7 330
93.9 305
94.1 368
94.3 350
94.5 363
94.7 360
94.9 359
95.1 367
95.3 412
95.5 383
95.7 386
95.9 398
96.1 372
96.3 367
96.5 383
96.7 326
96.9 330
97.1 316
97.3 299
97.5 310
97.7 251
97.9 254
98.1 237
98.3 224
98.5 185
98.7 191
98.9 150
99.1 118
99.3 97
99.5 106
99.7 80
99.9 92
