392
-639.7 0.000316
-639.5 0.000561778
-639.3 0.000702223
-639.1 0.000877778
-638.9 0.000983112
-638.7 0.00129911
-638.5 0.00158
-638.3 0.00179067
-638.1 0.00207156
-637.9 0.00224711
-637.7 0.002528
-637.5 0.00277378
-637.3 0.00301956
-637.1 0.00326533
-636.9 0.00365156
-636.7 0.003792
-636.5 0.00396756
-636.3 0.004108
-636.1 0.00424845
-635.9 0.00431867
-635.7 0.00445911
-635.5 0.00463467
-635.3 0.00474
-635.1 0.00477511
-634.9 0.00495067
-634.7 0.00519645
-634.5 0.005372
-634.3 0.00540711
-634.1 0.00554756
-633.9 0.00586356
-633.7 0.00589867
-633.5 0.00607422
-633.3 0.00621467
-633.1 0.00639023
-632.9 0.00653067
-632.7 0.00684667
-632.5 0.00698711
-632.3 0.00719778
-632.1 0.00737334
-631.9 0.00751378
-631.7 0.00761911
-631.5 0.00772445
-631.3 0.00793511
-631.1 0.00825111
-630.9 0.00860223
-630.7 0.00923423
-630.5 0.00972578
-630.3 0.0106738
-630.1 0.0115164
-629.9 0.0127453
-629.7 0.01422
-629.5 0.0156596
-629.3 0.0181525
-629.1 0.0207156
-628.9 0.0232436
-628.7 0.0264036
-628.5 0.0300902
-628.3 0.0344089
-628.1 0.0393947
-627.9 0.0450125
-627.7 0.0502791
-627.5 0.0565991
-627.3 0.062884
-627.1 0.0693445
-626.9 0.0751729
-626.7 0.0810716
-626.5 0.0862329
-626.3 0.0918507
-626.1 0.097644
-625.9 0.103472
-625.7 0.109406
-625.5 0.11541
-625.3 0.121133
-625.1 0.126997
-624.9 0.132966
-624.7 0.13911
-624.5 0.144728
-624.3 0.150416
-624.1 0.155683
-623.9 0.160669
-623.7 0.166286
-623.5 0.171623
-623.3 0.17689
-623.1 0.181173
-622.9 0.186124
-622.7 0.191321
-622.5 0.197535
-622.3 0.202661
-622.1 0.208244
-621.9 0.212809
-621.7 0.217197
-621.5 0.222289
-621.3 0.22745
-621.1 0.232471
-620.9 0.238334
-620.7 0.243285
-620.5 0.248025
-620.3 0.25266
-620.1 0.257645
-619.9 0.263158
-619.7 0.267757
-619.5 0.272603
-619.3 0.277027
-619.1 0.282329
-618.9 0.287455
-618.7 0.292476
-618.5 0.297707
-618.3 0.302798
-618.1 0.307187
-617.9 0.312278
-617.7 0.316878
-617.5 0.321477
-617.3 0.326498
-617.1 0.331379
-616.9 0.336329
-616.7 0.340824
-616.5 0.346161
-616.3 0.350795
-616.1 0.356343
-615.9 0.361083
-615.7 0.366069
-615.5 0.371019
-615.3 0.37611
-615.1 0.381237
-614.9 0.386082
-614.7 0.391208
-614.5 0.39651
-614.3 0.400618
-614.1 0.40585
-613.9 0.411538
-613.7 0.416207
-613.5 0.421193
-613.3 0.426741
-613.1 0.43134
-612.9 0.436607
-612.7 0.442786
-612.5 0.447842
-612.3 0.453179
-612.1 0.458306
-611.9 0.463537
-611.7 0.468453
-611.5 0.474035
-611.3 0.479934
-611.1 0.48506
-610.9 0.491099
-610.7 0.496542
-610.5 0.501738
-610.3 0.50704
-610.1 0.512306
-609.9 0.517819
-609.7 0.523156
-609.5 0.52923
-609.3 0.53411
-609.1 0.539763
-608.9 0.546048
-608.7 0.552087
-608.5 0.557354
-608.3 0.563007
-608.1 0.568695
-607.9 0.574278
-607.7 0.580106
-607.5 0.585618
-607.3 0.591061
-607.1 0.596011
-606.9 0.601454
-606.7 0.606229
-606.5 0.612268
-606.3 0.618447
-606.1 0.623433
-605.9 0.629367
-605.7 0.634353
-605.5 0.639935
-605.3 0.645343
-605.1 0.650644
-604.9 0.65728
-604.7 0.662512
-604.5 0.667708
-604.3 0.672694
-604.1 0.678031
-603.9 0.683579
-603.7 0.688178
-603.5 0.693445
-603.3 0.698992
-603.1 0.703873
-602.9 0.709175
-602.7 0.714231
-602.5 0.719708
-602.3 0.723921
-602.1 0.728767
-601.9 0.733261
-601.7 0.738106
-601.5 0.743303
-601.3 0.748499
-601.1 0.753028
-600.9 0.757523
-600.7 0.762263
-600.5 0.767319
-600.3 0.772445
-600.1 0.776658
-599.9 0.781223
-599.7 0.785541
-599.5 0.789755
-599.3 0.79474
-599.1 0.79927
-598.9 0.803694
-598.7 0.808188
-598.5 0.812998
-598.3 0.817176
-598.1 0.821881
-597.9 0.8262
-597.7 0.830799
-597.5 0.83417
-597.3 0.838454
-597.1 0.84214
-596.9 0.845546
-596.7 0.849619
-596.5 0.853165
-596.3 0.857027
-596.1 0.860855
-595.9 0.863944
-595.7 0.868193
-595.5 0.871704
-595.3 0.875496
-595.1 0.87848
-594.9 0.881254
-594.7 0.88473
-594.5 0.887925
-594.3 0.891331
-594.1 0.894702
-593.9 0.897792
-593.7 0.900952
-593.5 0.903444
-593.3 0.905972
-593.1 0.909343
-592.9 0.912012
-592.7 0.914926
-592.5 0.917559
-592.3 0.920333
-592.1 0.92265
-591.9 0.924722
-591.7 0.926828
-591.5 0.928795
-591.3 0.930761
-591.1 0.933184
-590.9 0.934658
-590.7 0.93694
-590.5 0.938556
-590.3 0.940838
-590.1 0.942874
-589.9 0.945086
-589.7 0.946877
-589.5 0.948457
-589.3 0.950318
-589.1 0.95267
-588.9 0.954601
-588.7 0.956462
-588.5 0.958288
-588.3 0.960219
-588.1 0.961518
-587.9 0.963309
-587.7 0.965064
-587.5 0.965872
-587.3 0.967101
-587.1 0.968646
-586.9 0.969524
-586.7 0.971068
-586.5 0.972122
-586.3 0.97307
-586.1 0.973948
-585.9 0.975071
-585.7 0.975703
-585.5 0.976511
-585.3 0.977248
-585.1 0.97788
-584.9 0.978266
-584.7 0.979004
-584.5 0.979671
-584.3 0.980338
-584.1 0.98104
-583.9 0.981391
-583.7 0.982093
-583.5 0.982655
-583.3 0.983006
-583.1 0.983638
-582.9 0.984305
-582.7 0.984902
-582.5 0.985569
-582.3 0.986131
-582.1 0.986482
-581.9 0.987114
-581.7 0.98743
-581.5 0.987816
-581.3 0.988168
-581.1 0.988413
-580.9 0.989045
-580.7 0.989361
-580.5 0.989888
-580.3 0.990415
-580.1 0.990731
-579.9 0.991082
-579.7 0.991328
-579.5 0.991644
-579.3 0.99196
-579.1 0.992205
-578.9 0.992416
-578.7 0.992732
-578.5 0.992943
-578.3 0.993364
-578.1 0.993575
-577.9 0.99382
-577.7 0.994031
-577.5 0.994172
-577.3 0.994242
-577.1 0.994558
-576.9 0.994733
-576.7 0.994804
-576.5 0.994944
-576.3 0.995225
-576.1 0.995506
-575.9 0.995611
-575.7 0.995822
-575.5 0.995892
-575.3 0.996068
-575.1 0.996173
-574.9 0.996278
-574.7 0.996419
-574.5 0.996559
-574.3 0.99677
-574.1 0.996875
-573.9 0.997016
-573.7 0.997121
-573.5 0.997402
-573.3 0.997472
-573.1 0.997577
-572.9 0.997648
-572.7 0.997893
-572.5 0.998034
-572.3 0.998209
-572.1 0.998315
-571.9 0.998385
-571.7 0.99849
-571.5 0.998525
-571.3 0.998596
-571.1 0.998631
-570.9 0.998771
-570.7 0.998876
-570.5 0.999017
-570.3 0.999122
-570.1 0.999192
-569.9 0.999263
-569.7 0.999333
-569.5 0.999333
-569.3 0.999368
-569.1 0.999473
-568.9 0.999508
-568.7 0.999544
-568.5 0.999544
-568.3 0.999544
-568.1 0.999579
-567.9 0.999579
-567.7 0.999579
-567.5 0.999649
-567.3 0.999649
-567.1 0.999719
-566.9 0.999719
-566.7 0.999719
-566.5 0.999789
-566.3 0.999789
-566.1 0.999789
-565.9 0.999789
-565.7 0.999824
-565.5 0.99986
-565.3 0.999895
-565.1 0.999895
-564.9 0.999895
-564.7 0.999895
-564.5 0.99993
-564.3 0.99993
-564.1 0.99993
-563.9 0.99993
-563.7 0.999965
-563.5 0.999965
-563.3 0.999965
-563.1 0.999965
-562.9 0.999965
-562.7 0.999965
-562.5 0.999965
-562.3 0.999965
-562.1 0.999965
-561.9 0.999965
-561.7 0.999965
-561.5 1
