900.1 0
900.3 0
900.5 2
900.7 1
900.9 2
901.1 0
901.3 0
901.5 1
901.7 2
901.9 0
902.1 2
902.3 0
902.5 0
902.7 0
902.9 2
903.1 1
903.3 0
903.5 3
903.7 0
903.9 3
904.1 1
904.3 2
904.5 2
904.7 0
904.9 0
905.1 2
905.3 2
905.5 1
905.7 1
905.9 0
906.1 2
906.3 1
906.5 1
906.7 1
906.9 3
907.1 0
907.3 0
907.5 1
907.7 6
907.9 3
908.1 1
908.3 2
908.5 1
908.7 1
908.9 1
909.1 0
909.3 0
909.5 0
909.7 1
909.9 2
910.1 2
910.3 1
910.5 0
910.7 1
910.9 1
911.1 0
911.3 0
911.5 0
911.7 1
911.9 0
912.1 2
912.3 0
912.5 2
912.7 0
912.9 0
913.1 2
913.3 3
913.5 1
913.7 2
913.9 2
914.1 0
914.3 0
914.5 1
914.7 0
914.9 1
915.1 1
915.3 0
915.5 1
915.7 2
915.9 1
916.1 0
916.3 0
916.5 1
916.7 1
916.9 2
917.1 0
917.3 2
917.5 0
917.7 2
917.9 1
918.1 1
918.3 0
918.5 2
918.7 3
918.9 3
919.1 0
919.3 1
919.5 1
919.7 3
919.9 1
920.1 4
920.3 0
920.5 1
920.7 2
920.9 2
921.1 3
921.3 2
921.5 2
921.7 0
921.9 0
922.1 2
922.3 1
922.5 1
922.7 2
922.9 0
923.1 0
923.3 3
923.5 2
923.7 3
923.9 1
924.1 2
924.3 2
924.5 1
924.7 2
924.9 0
925.1 2
925.3 1
925.5 0
925.7 1
925.9 0
926.1 2
926.3 1
926.5 3
926.7 0
926.9 2
927.1 3
927.3 1
927.5 2
927.7 1
927.9 1
928.1 0
928.3 1
928.5 1
928.7 2
928.9 1
929.1 2
929.3 1
929.5 2
929.7 2
929.9 1
930.1 1
930.3 5
930.5 0
930.7 2
930.9 0
931.1 2
931.3 1
931.5 3
931.7 1
931.9 0
932.1 2
932.3 0
932.5 0
932.7 2
932.9 0
933.1 8
933.3 0
933.5 0
933.7 3
933.9 2
934.1 2
934.3 1
934.5 0
934.7 0
934.9 0
935.1 1
935.3 0
935.5 3
935.7 0
935.9 1
936.1 4
936.3 1
936.5 1
936.7 1
936.9 1
937.1 2
937.3 0
937.5 1
937.7 2
937.9 2
938.1 1
938.3 0
938.5 3
938.7 3
938.9 2
939.1 2
939.3 0
939.5 1
939.7 2
939.9 0
940.1 1
940.3 0
940.5 2
940.7 2
940.9 2
941.1 2
941.3 3
941.5 1
941.7 0
941.9 3
942.1 1
942.3 2
942.5 1
942.7 1
942.9 0
943.1 2
943.3 2
943.5 1
943.7 0
943.9 2
944.1 0
944.3 3
944.5 2
944.7 1
944.9 2
945.1 2
945.3 0
945.5 1
945.7 3
945.9 0
946.1 1
946.3 3
946.5 4
946.7 1
946.9 2
947.1 1
947.3 2
947.5 0
947.7 0
947.9 1
948.1 3
948.3 0
948.5 2
948.7 1
948.9 0
949.1 1
949.3 3
949.5 2
949.7 3
949.9 0
950.1 2
950.3 3
950.5 1
950.7 3
950.9 0
951.1 2
951.3 4
951.5 1
951.7 0
951.9 3
952.1 0
952.3 0
952.5 1
952.7 1
952.9 3
953.1 3
953.3 0
953.5 1
953.7 0
953.9 2
954.1 1
954.3 1
954.5 2
954.7 0
954.9 1
955.1 2
955.3 0
955.5 5
955.7 3
955.9 4
956.1 2
956.3 1
956.5 0
956.7 2
956.9 1
957.1 2
957.3 3
957.5 2
957.7 0
957.9 2
958.1 3
958.3 1
958.5 1
958.7 2
958.9 2
959.1 3
959.3 1
959.5 2
959.7 2
959.9 0
960.1 4
960.3 1
960.5 5
960.7 3
960.9 0
961.1 1
961.3 2
961.5 4
961.7 0
961.9 3
962.1 3
962.3 0
962.5 5
962.7 2
962.9 3
963.1 2
963.3 4
963.5 2
963.7 0
963.9 1
964.1 2
964.3 2
964.5 0
964.7 0
964.9 0
965.1 5
965.3 2
965.5 0
965.7 3
965.9 2
966.1 2
966.3 2
966.5 3
966.7 3
966.9 1
967.1 0
967.3 1
967.5 1
967.7 1
967.9 3
968.1 0
968.3 3
968.5 4
968.7 2
968.9 2
969.1 1
969.3 3
969.5 2
969.7 2
969.9 4
970.1 2
970.3 1
970.5 1
970.7 1
970.9 1
971.1 4
971.3 3
971.5 3
971.7 4
971.9 0
972.1 1
972.3 3
972.5 4
972.7 1
972.9 2
973.1 3
973.3 1
973.5 0
973.7 2
973.9 2
974.1 1
974.3 4
974.5 2
974.7 0
974.9 4
975.1 1
975.3 3
975.5 3
975.7 4
975.9 4
976.1 2
976.3 3
976.5 1
976.7 3
976.9 2
977.1 1
977.3 2
977.5 5
977.7 6
977.9 3
978.1 2
978.3 1
978.5 2
978.7 1
978.9 3
979.1 2
979.3 6
979.5 2
979.7 1
979.9 2
980.1 4
980.3 2
980.5 3
980.7 5
980.9 2
981.1 3
981.3 2
981.5 5
981.7 4
981.9 3
982.1 1
982.3 4
982.5 2
982.7 1
982.9 0
983.1 2
983.3 2
983.5 3
983.7 3
983.9 4
984.1 3
984.3 1
984.5 2
984.7 5
984.9 1
985.1 5
985.3 7
985.5 0
985.7 4
985.9 3
986.1 4
986.3 5
986.5 1
986.7 1
986.9 6
987.1 4
987.3 2
987.5 2
987.7 3
987.9 4
988.1 1
988.3 5
988.5 5
988.7 4
988.9 3
989.1 3
989.3 4
989.5 0
989.7 4
989.9 3
990.1 3
990.3 5
990.5 2
990.7 4
990.9 4
991.1 3
991.3 2
991.5 2
991.7 3
991.9 5
992.1 2
992.3 2
992.5 1
992.7 5
992.9 2
993.1 5
993.3 4
993.5 4
993.7 3
993.9 5
994.1 6
994.3 4
994.5 5
994.7 8
994.9 3
995.1 5
995.3 5
995.5 4
995.7 4
995.9 3
996.1 5
996.3 9
996.5 3
996.7 7
996.9 3
997.1 1
997.3 7
997.5 6
997.7 2
997.9 5
998.1 5
998.3 3
998.5 7
998.7 3
998.9 1
999.1 6
999.3 3
999.5 2
999.7 2
999.9 2
1000.1 3
1000.3 5
1000.5 2
1000.7 6
1000.9 4
1001.1 2
1001.3 7
1001.5 8
1001.7 6
1001.9 6
1002.1 3
1002.3 2
1002.5 6
1002.7 3
1002.9 8
1003.1 5
1003.3 1
1003.5 2
1003.7 5
1003.9 3
1004.1 3
1004.3 5
1004.5 4
1004.7 7
1004.9 6
1005.1 4
1005.3 6
1005.5 3
1005.7 9
1005.9 3
1006.1 3
1006.3 4
1006.5 8
1006.7 4
1006.9 4
1007.1 5
1007.3 3
1007.5 6
1007.7 8
1007.9 10
1008.1 11
1008.3 3
1008.5 5
1008.7 4
1008.9 8
1009.1 9
1009.3 8
1009.5 2
1009.7 7
1009.9 8
1010.1 7
1010.3 6
1010.5 7
1010.7 9
1010.9 6
1011.1 11
1011.3 6
1011.5 5
1011.7 5
1011.9 7
1012.1 11
1012.3 4
1012.5 6
1012.7 9
1012.9 5
1013.1 6
1013.3 8
1013.5 11
1013.7 7
1013.9 7
1014.1 10
1014.3 4
1014.5 9
1014.7 9
1014.9 12
1015.1 5
1015.3 8
1015.5 12
1015.7 6
1015.9 9
1016.1 11
1016.3 4
1016.5 3
1016.7 7
1016.9 10
1017.1 10
1017.3 9
1017.5 7
1017.7 6
1017.9 15
1018.1 13
1018.3 13
1018.5 7
1018.7 9
1018.9 9
1019.1 10
1019.3 10
1019.5 9
1019.7 7
1019.9 13
1020.1 10
1020.3 9
1020.5 10
1020.7 12
1020.9 9
1021.1 12
1021.3 4
1021.5 10
1021.7 9
1021.9 12
1022.1 8
1022.3 12
1022.5 11
1022.7 10
1022.9 5
1023.1 15
1023.3 6
1023.5 14
1023.7 8
1023.9 20
1024.1 14
1024.3 10
1024.5 6
1024.7 12
1024.9 7
1025.1 13
1025.3 13
1025.5 11
1025.7 12
1025.9 7
1026.1 15
1026.3 10
1026.5 16
1026.7 15
1026.9 17
1027.1 14
1027.3 18
1027.5 15
1027.7 13
1027.9 14
1028.1 16
1028.3 13
1028.5 13
1028.7 14
1028.9 22
1029.1 21
1029.3 14
1029.5 16
1029.7 18
1029.9 24
1030.1 29
1030.3 18
1030.5 20
1030.7 12
1030.9 18
1031.1 18
1031.3 22
1031.5 14
1031.7 25
1031.9 14
1032.1 21
1032.3 17
1032.5 18
1032.7 18
1032.9 17
1033.1 24
1033.3 26
1033.5 21
1033.7 19
1033.9 14
1034.1 23
1034.3 21
1034.5 21
1034.7 30
1034.9 25
1035.1 16
1035.3 27
1035.5 16
1035.7 30
1035.9 25
1036.1 27
1036.3 21
1036.5 26
1036.7 39
1036.9 28
1037.1 28
1037.3 32
1037.5 38
1037.7 28
1037.9 22
1038.1 29
1038.3 37
1038.5 35
1038.7 33
1038.9 26
1039.1 46
1039.3 32
1039.5 33
1039.7 34
1039.9 39
1040.1 44
1040.3 37
1040.5 31
1040.7 35
1040.9 41
1041.1 32
1041.3 38
1041.5 45
1041.7 43
1041.9 46
1042.1 33
1042.3 42
1042.5 39
1042.7 34
1042.9 55
1043.1 60
1043.3 46
1043.5 35
1043.7 33
1043.9 58
1044.1 57
1044.3 45
1044.5 43
1044.7 53
1044.9 49
1045.1 54
1045.3 52
1045.5 63
1045.7 53
1045.9 61
1046.1 72
1046.3 60
1046.5 63
1046.7 55
1046.9 72
1047.1 57
1047.3 58
1047.5 56
1047.7 63
1047.9 77
1048.1 62
1048.3 65
1048.5 69
1048.7 61
1048.9 74
1049.1 86
1049.3 78
1049.5 83
1049.7 100
1049.9 70
1050.1 76
1050.3 74
1050.5 85
1050.7 81
1050.9 78
1051.1 86
1051.3 88
1051.5 87
1051.7 72
1051.9 96
1052.1 94
1052.3 70
1052.5 94
1052.7 88
1052.9 106
1053.1 99
1053.3 89
1053.5 91
1053.7 103
1053.9 94
1054.1 118
1054.3 114
1054.5 127
1054.7 106
1054.9 114
1055.1 121
1055.3 119
1055.5 117
1055.7 118
1055.9 131
1056.1 144
1056.3 119
1056.5 141
1056.7 144
1056.9 135
1057.1 142
1057.3 139
1057.5 151
1057.7 153
1057.9 152
1058.1 139
1058.3 126
1058.5 145
1058.7 150
1058.9 154
1059.1 160
1059.3 158
1059.5 135
1059.7 145
1059.9 154
1060.1 159
1060.3 161
1060.5 159
1060.7 168
1060.9 165
1061.1 185
1061.3 164
1061.5 166
1061.7 191
1061.9 155
1062.1 185
1062.3 199
1062.5 192
1062.7 204
1062.9 192
1063.1 200
1063.3 222
1063.5 200
1063.7 217
1063.9 194
1064.1 205
1064.3 207
1064.5 211
1064.7 217
1064.9 222
1065.1 200
1065.3 239
1065.5 215
1065.7 233
1065.9 230
1066.1 220
1066.3 224
1066.5 253
1066.7 242
1066.9 220
1067.1 231
1067.3 220
1067.5 246
1067.7 235
1067.9 251
1068.1 234
1068.3 234
1068.5 252
1068.7 260
1068.9 261
1069.1 222
1069.3 268
1069.5 277
1069.7 270
1069.9 278
1070.1 270
1070.3 269
1070.5 267
1070.7 269
1070.9 280
1071.1 294
1071.3 282
1071.5 308
1071.7 270
1071.9 284
1072.1 300
1072.3 262
1072.5 311
1072.7 299
1072.9 294
1073.1 289
1073.3 320
1073.5 308
1073.7 319
1073.9 304
1074.1 337
1074.3 305
1074.5 317
1074.7 318
1074.9 344
1075.1 333
1075.3 332
1075.5 330
1075.7 299
1075.9 332
1076.1 340
1076.3 327
1076.5 333
1076.7 350
1076.9 317
1077.1 354
1077.3 369
1077.5 338
1077.7 364
1077.9 325
1078.1 405
1078.3 351
1078.5 349
1078.7 341
1078.9 342
1079.1 351
1079.3 343
1079.5 374
1079.7 368
1079.9 348
1080.1 354
1080.3 394
1080.5 372
1080.7 354
1080.9 380
1081.1 365
1081.3 386
1081.5 396
1081.7 388
1081.9 376
1082.1 405
1082.3 356
1082.5 421
1082.7 399
1082.9 374
1083.1 428
1083.3 377
1083.5 400
1083.7 404
1083.9 397
1084.1 363
1084.3 414
1084.5 440
1084.7 441
1084.9 409
1085.1 376
1085.3 401
1085.5 386
1085.7 366
1085.9 389
1086.1 405
1086.3 456
1086.5 417
1086.7 398
1086.9 424
1087.1 423
1087.3 393
1087.5 418
1087.7 449
1087.9 395
1088.1 400
1088.3 396
1088.5 409
1088.7 407
1088.9 434
1089.1 417
1089.3 410
1089.5 449
1089.7 459
1089.9 425
1090.1 430
1090.3 439
1090.5 394
1090.7 438
1090.9 456
1091.1 393
1091.3 406
1091.5 437
1091.7 417
1091.9 425
1092.1 439
1092.3 410
1092.5 444
1092.7 455
1092.9 443
1093.1 430
1093.3 412
1093.5 470
1093.7 427
1093.9 445
1094.1 444
1094.3 410
1094.5 419
1094.7 419
1094.9 451
1095.1 432
1095.3 412
1095.5 454
1095.7 412
1095.9 407
1096.1 428
1096.3 454
1096.5 433
1096.7 450
1096.9 442
1097.1 439
1097.3 433
1097.5 421
1097.7 430
1097.9 436
1098.1 414
1098.3 470
1098.5 437
1098.7 445
1098.9 470
1099.1 399
1099.3 401
1099.5 432
1099.7 407
1099.9 433
1100.1 402
1100.3 469
1100.5 442
1100.7 436
1100.9 447
1101.1 420
1101.3 444
1101.5 427
1101.7 427
1101.9 421
1102.1 379
1102.3 453
1102.5 440
1102.7 468
1102.9 453
1103.1 401
1103.3 417
1103.5 462
1103.7 438
1103.9 439
1104.1 426
1104.3 446
1104.5 408
1104.7 412
1104.9 417
1105.1 391
1105.3 450
1105.5 451
1105.7 399
1105.9 425
1106.1 445
1106.3 437
1106.5 387
1106.7 433
1106.9 376
1107.1 393
1107.3 405
1107.5 391
1107.7 396
1107.9 441
1108.1 401
1108.3 441
1108.5 428
1108.7 428
1108.9 392
1109.1 424
1109.3 405
1109.5 409
1109.7 434
1109.9 404
1110.1 425
1110.3 388
1110.5 401
1110.7 403
1110.9 404
1111.1 409
1111.3 410
1111.5 459
1111.7 371
1111.9 397
1112.1 368
1112.3 402
1112.5 356
1112.7 404
1112.9 363
1113.1 417
1113.3 374
1113.5 379
1113.7 413
1113.9 400
1114.1 393
1114.3 388
1114.5 375
1114.7 351
1114.9 360
1115.1 377
1115.3 378
1115.5 368
1115.7 389
1115.9 370
1116.1 375
1116.3 346
1116.5 397
1116.7 347
1116.9 396
1117.1 358
1117.3 374
1117.5 328
1117.7 361
1117.9 384
1118.1 330
1118.3 353
1118.5 385
1118.7 396
1118.9 348
1119.1 360
1119.3 362
1119.5 328
1119.7 358
1119.9 365
1120.1 381
1120.3 361
1120.5 341
1120.7 340
1120.9 363
1121.1 340
1121.3 368
1121.5 322
1121.7 351
1121.9 331
1122.1 352
1122.3 306
1122.5 330
1122.7 346
1122.9 350
1123.1 347
1123.3 331
1123.5 340
1123.7 340
1123.9 330
1124.1 343
1124.3 344
1124.5 343
1124.7 318
1124.9 314
1125.1 308
1125.3 321
1125.5 326
1125.7 349
1125.9 310
1126.1 340
1126.3 323
1126.5 304
1126.7 324
1126.9 314
1127.1 292
1127.3 319
1127.5 338
1127.7 307
1127.9 306
1128.1 326
1128.3 315
1128.5 304
1128.7 287
1128.9 268
1129.1 289
1129.3 290
1129.5 296
1129.7 294
1129.9 304
1130.1 293
1130.3 290
1130.5 286
1130.7 292
1130.9 307
1131.1 275
1131.3 290
1131.5 296
1131.7 279
1131.9 282
1132.1 275
1132.3 283
1132.5 307
1132.7 272
1132.9 266
1133.1 272
1133.3 266
1133.5 273
1133.7 263
1133.9 263
1134.1 249
1134.3 275
1134.5 300
1134.7 270
1134.9 235
1135.1 271
1135.3 253
1135.5 246
1135.7 230
1135.9 237
1136.1 246
1136.3 246
1136.5 255
1136.7 251
1136.9 243
1137.1 229
1137.3 262
1137.5 243
1137.7 230
1137.9 240
1138.1 252
1138.3 256
1138.5 243
1138.7 234
1138.9 213
1139.1 223
1139.3 224
1139.5 198
1139.7 199
1139.9 240
1140.1 201
1140.3 226
1140.5 214
1140.7 238
1140.9 218
1141.1 211
1141.3 202
1141.5 215
1141.7 209
1141.9 234
1142.1 225
1142.3 184
1142.5 213
1142.7 217
1142.9 207
1143.1 213
1143.3 202
1143.5 184
1143.7 208
1143.9 172
1144.1 187
1144.3 189
1144.5 195
1144.7 179
1144.9 186
1145.1 167
1145.3 181
1145.5 172
1145.7 174
1145.9 184
1146.1 164
1146.3 178
1146.5 168
1146.7 166
1146.9 167
1147.1 176
1147.3 147
1147.5 172
1147.7 174
1147.9 164
1148.1 154
1148.3 156
1148.5 158
1148.7 142
1148.9 164
1149.1 129
1149.3 172
1149.5 155
1149.7 140
1149.9 142
1150.1 155
1150.3 147
1150.5 119
1150.7 138
1150.9 134
1151.1 158
1151.3 130
1151.5 131
1151.7 139
1151.9 146
1152.1 129
1152.3 111
1152.5 135
1152.7 122
1152.9 128
1153.1 128
1153.3 136
1153.5 115
1153.7 123
1153.9 119
1154.1 128
1154.3 110
1154.5 112
1154.7 111
1154.9 125
1155.1 115
1155.3 114
1155.5 117
1155.7 95
1155.9 129
1156.1 98
1156.3 123
1156.5 130
1156.7 111
1156.9 113
1157.1 108
1157.3 117
1157.5 114
1157.7 115
1157.9 104
1158.1 95
1158.3 91
1158.5 107
1158.7 91
1158.9 97
1159.1 91
1159.3 100
1159.5 88
1159.7 99
1159.9 104
1160.1 101
1160.3 88
1160.5 83
1160.7 91
1160.9 94
1161.1 79
1161.3 73
1161.5 102
1161.7 79
1161.9 69
1162.1 83
1162.3 69
1162.5 74
1162.7 87
1162.9 77
1163.1 79
1163.3 76
1163.5 73
1163.7 72
1163.9 63
1164.1 79
1164.3 78
1164.5 60
1164.7 83
1164.9 64
1165.1 73
1165.3 64
1165.5 75
1165.7 66
1165.9 42
1166.1 79
1166.3 64
1166.5 69
1166.7 50
1166.9 65
1167.1 58
1167.3 46
1167.5 65
1167.7 51
1167.9 59
1168.1 65
1168.3 55
1168.5 49
1168.7 58
1168.9 42
1169.1 37
1169.3 49
1169.5 50
1169.7 46
1169.9 49
1170.1 45
1170.3 48
1170.5 48
1170.7 50
1170.9 43
1171.1 45
1171.3 42
1171.5 39
1171.7 40
1171.9 42
1172.1 37
1172.3 43
1172.5 55
1172.7 26
1172.9 35
1173.1 28
1173.3 43
1173.5 24
1173.7 28
1173.9 34
1174.1 46
1174.3 34
1174.5 46
1174.7 50
1174.9 43
1175.1 36
1175.3 32
1175.5 31
1175.7 40
1175.9 33
1176.1 29
1176.3 36
1176.5 32
1176.7 30
1176.9 30
1177.1 17
1177.3 35
1177.5 37
1177.7 27
1177.9 33
1178.1 29
1178.3 32
1178.5 25
1178.7 29
1178.9 26
1179.1 24
1179.3 29
1179.5 20
1179.7 30
1179.9 26
1180.1 26
1180.3 23
1180.5 27
1180.7 15
1180.9 22
1181.1 21
1181.3 22
1181.5 25
1181.7 20
1181.9 18
1182.1 32
1182.3 21
1182.5 29
1182.7 20
1182.9 19
1183.1 29
1183.3 20
1183.5 16
1183.7 20
1183.9 24
1184.1 14
1184.3 8
1184.5 18
1184.7 16
1184.9 20
1185.1 17
1185.3 8
1185.5 16
1185.7 17
1185.9 13
1186.1 11
1186.3 10
1186.5 10
1186.7 10
1186.9 14
1187.1 13
1187.3 13
1187.5 8
1187.7 14
1187.9 9
1188.1 16
1188.3 16
1188.5 9
1188.7 10
1188.9 13
1189.1 21
1189.3 11
1189.5 11
1189.7 8
1189.9 16
1190.1 19
1190.3 9
1190.5 9
1190.7 8
1190.9 6
1191.1 10
1191.3 16
1191.5 9
1191.7 3
1191.9 12
1192.1 13
1192.3 13
1192.5 5
1192.7 8
1192.9 7
1193.1 8
1193.3 4
1193.5 8
1193.7 8
1193.9 5
1194.1 10
1194.3 6
1194.5 7
1194.7 13
1194.9 5
1195.1 10
1195.3 2
1195.5 5
1195.7 6
1195.9 5
1196.1 5
1196.3 10
1196.5 6
1196.7 5
1196.9 5
1197.1 9
1197.3 5
1197.5 8
1197.7 5
1197.9 8
1198.1 6
1198.3 8
1198.5 5
1198.7 5
1198.9 5
1199.1 4
1199.3 9
1199.5 5
1199.7 9
1199.9 4
1200.1 2
1200.3 3
1200.5 5
1200.7 3
1200.9 3
1201.1 7
1201.3 3
1201.5 8
1201.7 3
1201.9 2
1202.1 4
1202.3 6
1202.5 4
1202.7 3
1202.9 4
1203.1 7
1203.3 3
1203.5 4
1203.7 3
1203.9 4
1204.1 4
1204.3 2
1204.5 4
1204.7 1
1204.9 3
1205.1 2
1205.3 3
1205.5 0
1205.7 3
1205.9 1
1206.1 2
1206.3 3
1206.5 6
1206.7 3
1206.9 2
1207.1 3
1207.3 4
1207.5 1
1207.7 3
1207.9 1
1208.1 3
1208.3 0
1208.5 4
1208.7 2
1208.9 4
1209.1 1
1209.3 1
1209.5 3
1209.7 3
1209.9 0
1210.1 1
1210.3 1
1210.5 2
1210.7 0
1210.9 0
1211.1 1
1211.3 2
1211.5 1
1211.7 2
1211.9 3
1212.1 4
1212.3 1
1212.5 1
1212.7 0
1212.9 1
1213.1 2
1213.3 1
1213.5 1
1213.7 2
1213.9 0
1214.1 1
1214.3 0
1214.5 0
1214.7 0
1214.9 1
1215.1 1
1215.3 1
1215.5 1
1215.7 4
1215.9 0
1216.1 1
1216.3 1
1216.5 1
1216.7 3
1216.9 2
1217.1 1
1217.3 0
1217.5 2
1217.7 0
1217.9 0
1218.1 2
1218.3 1
1218.5 1
1218.7 0
1218.9 0
1219.1 0
1219.3 0
1219.5 0
1219.7 2
1219.9 0
1220.1 0
1220.3 0
1220.5 1
1220.7 0
1220.9 1
1221.1 0
1221.3 0
1221.5 1
1221.7 0
1221.9 0
1222.1 1
1222.3 0
1222.5 1
1222.7 1
1222.9 0
1223.1 1
1223.3 0
1223.5 1
1223.7 1
1223.9 0
1224.1 1
1224.3 0
1224.5 1
1224.7 0
1224.9 0
1225.1 0
1225.3 0
1225.5 1
1225.7 0
1225.9 0
1226.1 0
1226.3 2
1226.5 0
1226.7 1
1226.9 0
1227.1 1
1227.3 0
1227.5 0
1227.7 0
1227.9 1
1228.1 0
1228.3 3
1228.5 0
1228.7 0
1228.9 1
1229.1 0
1229.3 0
1229.5 2
1229.7 0
1229.9 1
1230.1 1
1230.3 0
1230.5 1
1230.7 1
1230.9 1
1231.1 1
1231.3 0
1231.5 0
1231.7 0
1231.9 0
1232.1 0
1232.3 0
1232.5 0
1232.7 0
1232.9 0
1233.1 0
1233.3 0
1233.5 0
1233.7 0
1233.9 0
1234.1 0
1234.3 0
1234.5 0
1234.7 0
1234.9 0
1235.1 0
1235.3 0
1235.5 0
1235.7 0
1235.9 0
1236.1 0
1236.3 0
1236.5 1
1236.7 0
1236.9 0
1237.1 0
1237.3 0
1237.5 0
1237.7 0
1237.9 0
1238.1 0
1238.3 0
1238.5 1
1238.7 0
1238.9 0
1239.1 1
1239.3 0
1239.5 0
1239.7 0
1239.9 0
1240.1 0
1240.3 0
1240.5 0
1240.7 0
1240.9 0
1241.1 0
1241.3 0
1241.5 0
1241.7 0
1241.9 0
1242.1 0
1242.3 0
1242.5 0
1242.7 0
1242.9 0
1243.1 0
1243.3 0
1243.5 0
1243.7 0
1243.9 0
1244.1 0
1244.3 0
1244.5 1
1244.7 0
1244.9 0
1245.1 0
1245.3 0
1245.5 0
1245.7 0
1245.9 0
1246.1 0
1246.3 0
1246.5 0
1246.7 0
1246.9 0
1247.1 0
1247.3 0
1247.5 0
1247.7 0
1247.9 0
1248.1 0
1248.3 0
1248.5 0
1248.7 1
1248.9 0
1249.1 0
1249.3 0
1249.5 0
1249.7 0
1249.9 0
1250.1 0
1250.3 0
1250.5 0
1250.7 0
1250.9 0
1251.1 0
1251.3 0
1251.5 0
1251.7 0
1251.9 0
1252.1 0
1252.3 0
1252.5 0
1252.7 0
1252.9 0
1253.1 0
1253.3 0
1253.5 0
1253.7 0
1253.9 0
1254.1 0
1254.3 0
1254.5 0
1254.7 0
1254.9 0
1255.1 0
1255.3 0
1255.5 0
1255.7 0
1255.9 0
1256.1 0
1256.3 1
1256.5 0
1256.7 0
1256.9 0
1257.1 0
1257.3 0
1257.5 0
1257.7 0
1257.9 0
1258.1 0
1258.3 0
1258.5 0
1258.7 0
1258.9 0
1259.1 0
1259.3 0
1259.5 0
1259.7 0
1259.9 0
1260.1 0
1260.3 0
1260.5 0
1260.7 0
1260.9 0
1261.1 0
1261.3 0
1261.5 0
1261.7 0
1261.9 0
1262.1 0
1262.3 0
1262.5 0
1262.7 0
1262.9 0
1263.1 0
1263.3 0
1263.5 0
1263.7 0
1263.9 0
1264.1 0
1264.3 0
1264.5 0
1264.7 0
1264.9 0
1265.1 0
1265.3 0
1265.5 0
1265.7 0
1265.9 0
1266.1 0
1266.3 0
1266.5 0
1266.7 0
1266.9 0
1267.1 0
1267.3 0
1267.5 0
1267.7 0
1267.9 0
1268.1 0
1268.3 0
1268.5 0
1268.7 0
1268.9 0
1269.1 0
1269.3 0
1269.5 0
1269.7 0
1269.9 0
1270.1 0
1270.3 0
1270.5 0
1270.7 0
1270.9 0
1271.1 0
1271.3 0
1271.5 0
1271.7 0
1271.9 0
1272.1 0
1272.3 0
1272.5 0
1272.7 0
1272.9 0
1273.1 0
1273.3 0
1273.5 0
1273.7 0
1273.9 0
1274.1 0
1274.3 0
1274.5 0
1274.7 0
1274.9 0
1275.1 0
1275.3 0
1275.5 0
1275.7 0
1275.9 0
1276.1 0
1276.3 0
1276.5 0
1276.7 0
1276.9 0
1277.1 0
1277.3 0
1277.5 1
1277.7 0
1277.9 0
1278.1 0
1278.3 0
1278.5 0
1278.7 0
1278.9 0
1279.1 0
1279.3 0
1279.5 0
1279.7 0
1279.9 0
1280.1 0
1280.3 0
1280.5 0
1280.7 0
1280.9 0
1281.1 0
1281.3 0
1281.5 0
1281.7 0
1281.9 0
1282.1 0
1282.3 0
1282.5 0
1282.7 0
1282.9 0
1283.1 0
1283.3 0
1283.5 0
1283.7 0
1283.9 0
1284.1 0
1284.3 0
1284.5 0
1284.7 0
1284.9 0
1285.1 0
1285.3 0
1285.5 0
1285.7 0
1285.9 0
1286.1 0
1286.3 0
1286.5 0
1286.7 0
1286.9 0
1287.1 0
1287.3 0
1287.5 0
1287.7 0
1287.9 0
1288.1 0
1288.3 0
1288.5 0
1288.7 0
1288.9 0
1289.1 0
1289.3 0
1289.5 0
1289.7 0
1289.9 0
1290.1 0
1290.3 0
1290.5 0
1290.7 0
1290.9 0
1291.1 0
1291.3 0
1291.5 0
1291.7 0
1291.9 0
1292.1 0
1292.3 0
1292.5 0
1292.7 0
1292.9 0
1293.1 0
1293.3 0
1293.5 0
1293.7 1
1293.9 0
1294.1 0
1294.3 0
1294.5 0
1294.7 0
1294.9 0
1295.1 0
1295.3 0
1295.5 0
1295.7 0
1295.9 0
1296.1 0
1296.3 0
1296.5 0
1296.7 0
1296.9 1
1297.1 0
1297.3 1
1297.5 0
1297.7 0
1297.9 0
1298.1 0
1298.3 0
1298.5 0
1298.7 0
1298.9 0
1299.1 0
1299.3 0
1299.5 0
1299.7 0
1299.9 0
