-99.9 0
-99.7 0
-99.5 0
-99.3 0
-99.1 0
-98.9 0
-98.7 0
-98.5 0
-98.3 0
-98.1 0
-97.9 0
-97.7 0
-97.5 0
-97.3 0
-97.1 0
-96.9 0
-96.7 0
-96.5 0
-96.3 0
-96.1 0
-95.9 0
-95.7 0
-95.5 0
-95.3 0
-95.1 0
-94.9 0
-94.7 0
-94.5 0
-94.3 0
-94.1 0
-93.9 0
-93.7 0
-93.5 0
-93.3 0
-93.1 0
-92.9 0
-92.7 0
-92.5 0
-92.3 0
-92.1 0
-91.9 0
-91.7 0
-91.5 0
-91.3 0
-91.1 0
-90.9 0
-90.7 0
-90.5 0
-90.3 0
-90.1 0
-89.9 0
-89.7 0
-89.5 0
-89.3 1
-89.1 0
-88.9 0
-88.7 0
-88.5 0
-88.3 0
-88.1 0
-87.9 0
-87.7 0
-87.5 0
-87.3 0
-87.1 0
-86.9 0
-86.7 0
-86.5 0
-86.3 0
-86.1 0
-85.9 0
-85.7 0
-85.5 0
-85.3 0
-85.1 0
-84.9 0
-84.7 0
-84.5 0
-84.3 0
-84.1 0
-83.9 0
-83.7 0
-83.5 0
-83.3 0
-83.1 0
-82.9 0
-82.7 0
-82.5 0
-82.3 0
-82.1 0
-81.9 0
-81.7 0
-81.5 0
-81.3 0
-81.1 0
-80.9 0
-80.7 0
-80.5 0
-80.3 0
-80.1 0
-79.9 0
-79.7 0
-79.5 0
-79.3 0
-79.1 0
-78.9 0
-78.7 0
-78.5 0
-78.3 0
-78.1 0
-77.9 0
-77.7 0
-77.5 0
-77.3 0
-77.1 0
-76.9 0
-76.7 0
-76.5 0
-76.3 0
-76.1 1
-75.9 0
-75.7 0
-75.5 0
-75.3 0
-75.1 0
-74.9 0
-74.7 0
-74.5 0
-74.3 0
-74.1 0
-73.9 0
-73.7 0
-73.5 0
-73.3 0
-73.1 0
-72.9 0
-72.7 0
-72.5 0
-72.3 0
-72.1 0
-71.9 0
-71.7 0
-71.5 0
-71.3 0
-71.1 0
-70.9 0
-70.7 0
-70.5 0
-70.3 0
-70.1 0
-69.9 0
-69.7 0
-69.5 0
-69.3 0
-69.1 0
-68.9 0
-68.7 0
-68.5 0
-68.3 0
-68.1 0
-67.9 0
-67.7 0
-67.5 0
-67.3 0
-67.1 0
-66.9 0
-66.7 0
-66.5 0
-66.3 0
-66.1 0
-65.9 0
-65.7 0
-65.5 0
-65.3 0
-65.1 0
-64.9 0
-64.7 0
-64.5 0
-64.3 0
-64.1 0
-63.9 0
-63.7 0
-63.5 0
-63.3 0
-63.1 0
-62.9 0
-62.7 0
-62.5 0
-62.3 0
-62.1 0
-61.9 0
-61.7 0
-61.5 0
-61.3 0
-61.1 0
-60.9 0
-60.7 0
-60.5 0
-60.3 0
-60.1 0
-59.9 0
-59.7 1
-59.5 0
-59.3 0
-59.1 0
-58.9 0
-58.7 0
-58.5 0
-58.3 0
-58.1 0
-57.9 0
-57.7 0
-57.5 0
-57.3 0
-57.1 0
-56.9 0
-56.7 0
-56.5 0
-56.3 0
-56.1 0
-55.9 0
-55.7 0
-55.5 0
-55.3 0
-55.1 0
-54.9 0
-54.7 0
-54.5 0
-54.3 0
-54.1 0
-53.9 0
-53.7 0
-53.5 0
-53.3 0
-53.1 0
-52.9 0
-52.7 0
-52.5 0
-52.3 0
-52.1 0
-51.9 1
-51.7 0
-51.5 0
-51.3 0
-51.1 0
-50.9 0
-50.7 0
-50.5 0
-50.3 0
-50.1 0
-49.9 0
-49.7 0
-49.5 0
-49.3 0
-49.1 0
-48.9 0
-48.7 0
-48.5 0
-48.3 0
-48.1 0
-47.9 0
-47.7 0
-47.5 0
-47.3 0
-47.1 0
-46.9 0
-46.7 0
-46.5 0
-46.3 0
-46.1 0
-45.9 0
-45.7 0
-45.5 0
-45.3 0
-45.1 0
-44.9 0
-44.7 0
-44.5 0
-44.3 0
-44.1 0
-43.9 0
-43.7 0
-43.5 0
-43.3 0
-43.1 0
-42.9 0
-42.7 0
-42.5 0
-42.3 0
-42.1 0
-41.9 0
-41.7 0
-41.5 0
-41.3 0
-41.1 0
-40.9 0
-40.7 0
-40.5 0
-40.3 0
-40.1 0
-39.9 0
-39.7 0
-39.5 0
-39.3 1
-39.1 0
-38.9 0
-38.7 1
-38.5 0
-38.3 0
-38.1 0
-37.9 0
-37.7 0
-37.5 0
-37.3 0
-37.1 0
-36.9 0
-36.7 0
-36.5 0
-36.3 0
-36.1 0
-35.9 0
-35.7 0
-35.5 0
-35.3 0
-35.1 0
-34.9 0
-34.7 0
-34.5 0
-34.3 1
-34.1 0
-33.9 0
-33.7 0
-33.5 1
-33.3 0
-33.1 0
-32.9 1
-32.7 2
-32.5 1
-32.3 2
-32.1 1
-31.9 1
-31.7 1
-31.5 0
-31.3 2
-31.1 0
-30.9 2
-30.7 1
-30.5 3
-30.3 2
-30.1 2
-29.9 1
-29.7 2
-29.5 2
-29.3 2
-29.1 2
-28.9 2
-28.7 2
-28.5 2
-28.3 2
-28.1 1
-27.9 2
-27.7 5
-27.5 7
-27.3 1
-27.1 4
-26.9 2
-26.7 0
-26.5 4
-26.3 5
-26.1 6
-25.9 7
-25.7 3
-25.5 7
-25.3 6
-25.1 9
-24.9 6
-24.7 4
-24.5 5
-24.3 8
-24.1 8
-23.9 9
-23.7 10
-23.5 6
-23.3 11
-23.1 12
-22.9 6
-22.7 13
-22.5 10
-22.3 13
-22.1 11
-21.9 15
-21.7 14
-21.5 12
-21.3 12
-21.1 14
-20.9 12
-20.7 17
-20.5 14
-20.3 11
-20.1 17
-19.9 17
-19.7 13
-19.5 8
-19.3 10
-19.1 9
-18.9 22
-18.7 12
-18.5 12
-18.3 21
-18.1 21
-17.9 15
-17.7 22
-17.5 12
-17.3 18
-17.1 16
-16.9 22
-16.7 18
-16.5 23
-16.3 8
-16.1 10
-15.9 15
-15.7 14
-15.5 20
-15.3 20
-15.1 13
-14.9 21
-14.7 14
-14.5 12
-14.3 15
-14.1 14
-13.9 12
-13.7 13
-13.5 20
-13.3 11
-13.1 23
-12.9 15
-12.7 15
-12.5 16
-12.3 15
-12.1 13
-11.9 8
-11.7 16
-11.5 19
-11.3 14
-11.1 19
-10.9 12
-10.7 17
-10.5 12
-10.3 20
-10.1 13
-9.9 12
-9.7 7
-9.5 21
-9.3 14
-9.1 16
-8.9 9
-8.7 13
-8.5 10
-8.3 14
-8.1 10
-7.9 6
-7.7 15
-7.5 14
-7.3 17
-7.1 15
-6.9 15
-6.7 11
-6.5 20
-6.3 14
-6.1 14
-5.9 12
-5.7 18
-5.5 11
-5.3 9
-5.1 11
-4.9 8
-4.7 11
-4.5 8
-4.3 14
-4.1 14
-3.9 12
-3.7 10
-3.5 15
-3.3 14
-3.1 13
-2.9 13
-2.7 13
-2.5 12
-2.3 14
-2.1 13
-1.9 11
-1.7 5
-1.5 13
-1.3 17
-1.1 7
-0.9 14
-0.7 12
-0.5 16
-0.3 12
-0.1 14
0.1 8
0.3 11
0.5 12
0.7 11
0.9 14
1.1 15
1.3 12
1.5 9
1.7 11
1.9 11
2.1 18
2.3 8
2.5 16
2.7 10
2.9 9
3.1 16
3.3 19
3.5 10
3.7 16
3.9 12
4.1 16
4.3 8
4.5 16
4.7 10
4.9 7
5.1 15
5.3 9
5.5 21
5.7 10
5.9 11
6.1 15
6.3 8
6.5 8
6.7 7
6.9 7
7.1 9
7.3 15
7.5 13
7.7 6
7.9 12
8.1 15
8.3 4
8.5 12
8.7 12
8.9 14
9.1 7
9.3 14
9.5 12
9.7 7
9.9 13
10.1 9
10.3 10
10.5 11
10.7 12
10.9 7
11.1 6
11.3 9
11.5 8
11.7 9
11.9 17
12.1 13
12.3 12
12.5 7
12.7 18
12.9 16
13.1 11
13.3 9
13.5 15
13.7 6
13.9 11
14.1 12
14.3 12
14.5 8
14.7 10
14.9 7
15.1 11
15.3 14
15.5 7
15.7 7
15.9 12
16.1 8
16.3 8
16.5 16
16.7 9
16.9 9
17.1 9
17.3 4
17.5 15
17.7 11
17.9 14
18.1 7
18.3 11
18.5 9
18.7 8
18.9 7
19.1 10
19.3 9
19.5 8
19.7 19
19.9 15
20.1 13
20.3 12
20.5 15
20.7 10
20.9 10
21.1 16
21.3 11
21.5 10
21.7 14
21.9 7
22.1 13
22.3 11
22.5 11
22.7 10
22.9 10
23.1 11
23.3 10
23.5 8
23.7 7
23.9 8
24.1 12
24.3 6
24.5 11
24.7 12
24.9 7
25.1 11
25.3 12
25.5 11
25.7 12
25.9 12
26.1 9
26.3 10
26.5 8
26.7 13
26.9 3
27.1 9
27.3 10
27.5 11
27.7 5
27.9 11
28.1 9
28.3 12
28.5 10
28.7 5
28.9 8
29.1 15
29.3 13
29.5 7
29.7 8
29.9 6
30.1 4
30.3 7
30.5 11
30.7 7
30.9 5
31.1 11
31.3 12
31.5 11
31.7 8
31.9 9
32.1 6
32.3 13
32.5 13
32.7 9
32.9 4
33.1 9
33.3 9
33.5 9
33.7 11
33.9 7
34.1 9
34.3 12
34.5 8
34.7 8
34.9 4
35.1 7
35.3 8
35.5 10
35.7 10
35.9 9
36.1 5
36.3 11
36.5 10
36.7 6
36.9 8
37.1 13
37.3 7
37.5 6
37.7 4
37.9 7
38.1 9
38.3 10
38.5 6
38.7 10
38.9 5
39.1 7
39.3 6
39.5 6
39.7 10
39.9 10
40.1 17
40.3 5
40.5 8
40.7 7
40.9 6
41.1 9
41.3 14
41.5 8
41.7 9
41.9 9
42.1 10
42.3 6
42.5 7
42.7 4
42.9 8
43.1 6
43.3 8
43.5 6
43.7 7
43.9 7
44.1 2
44.3 12
44.5 11
44.7 4
44.9 6
45.1 5
45.3 10
45.5 5
45.7 7
45.9 7
46.1 4
46.3 6
46.5 6
46.7 5
46.9 10
47.1 6
47.3 10
47.5 11
47.7 12
47.9 7
48.1 3
48.3 7
48.5 5
48.7 8
48.9 7
49.1 16
49.3 9
49.5 8
49.7 8
49.9 6
50.1 3
50.3 2
50.5 3
50.7 7
50.9 12
51.1 2
51.3 8
51.5 6
51.7 10
51.9 11
52.1 13
52.3 11
52.5 5
52.7 6
52.9 4
53.1 9
53.3 10
53.5 2
53.7 1
53.9 4
54.1 4
54.3 5
54.5 8
54.7 6
54.9 2
55.1 7
55.3 6
55.5 4
55.7 6
55.9 6
56.1 3
56.3 8
56.5 7
56.7 5
56.9 12
57.1 3
57.3 6
57.5 7
57.7 4
57.9 7
58.1 6
58.3 9
58.5 6
58.7 7
58.9 5
59.1 6
59.3 5
59.5 6
59.7 11
59.9 7
60.1 7
60.3 4
60.5 1
60.7 3
60.9 1
61.1 5
61.3 5
61.5 3
61.7 4
61.9 5
62.1 4
62.3 6
62.5 4
62.7 6
62.9 6
63.1 5
63.3 3
63.5 6
63.7 3
63.9 6
64.1 3
64.3 6
64.5 4
64.7 2
64.9 4
65.1 5
65.3 7
65.5 1
65.7 4
65.9 2
66.1 5
66.3 2
66.5 3
66.7 8
66.9 5
67.1 4
67.3 1
67.5 4
67.7 4
67.9 2
68.1 4
68.3 0
68.5 4
68.7 3
68.9 4
69.1 2
69.3 3
69.5 2
69.7 4
69.9 4
70.1 5
70.3 3
70.5 2
70.7 1
70.9 4
71.1 2
71.3 4
71.5 3
71.7 5
71.9 5
72.1 3
72.3 2
72.5 2
72.7 1
72.9 1
73.1 4
73.3 3
73.5 4
73.7 1
73.9 0
74.1 0
74.3 1
74.5 1
74.7 2
74.9 2
75.1 1
75.3 2
75.5 1
75.7 0
75.9 1
76.1 5
76.3 0
76.5 3
76.7 2
76.9 1
77.1 3
77.3 2
77.5 1
77.7 5
77.9 4
78.1 3
78.3 1
78.5 3
78.7 1
78.9 2
79.1 1
79.3 3
79.5 2
79.7 1
79.9 3
80.1 3
80.3 1
80.5 2
80.7 1
80.9 0
81.1 1
81.3 3
81.5 1
81.7 2
81.9 4
82.1 1
82.3 1
82.5 3
82.7 1
82.9 2
83.1 2
83.3 1
83.5 1
83.7 0
83.9 0
84.1 0
84.3 3
84.5 1
84.7 1
84.9 1
85.1 1
85.3 2
85.5 1
85.7 3
85.9 2
86.1 0
86.3 2
86.5 2
86.7 0
86.9 2
87.1 0
87.3 1
87.5 2
87.7 0
87.9 3
88.1 1
88.3 4
88.5 0
88.7 0
88.9 1
89.1 0
89.3 1
89.5 2
89.7 1
89.9 2
90.1 1
90.3 1
90.5 0
90.7 0
90.9 1
91.1 0
91.3 2
91.5 2
91.7 0
91.9 1
92.1 2
92.3 1
92.5 1
92.7 0
92.9 0
93.1 2
93.3 0
93.5 0
93.7 0
93.9 0
94.1 1
94.3 3
94.5 1
94.7 2
94.9 1
95.1 0
95.3 1
95.5 0
95.7 1
95.9 1
96.1 1
96.3 2
96.5 1
96.7 0
96.9 1
97.1 0
97.3 3
97.5 1
97.7 2
97.9 0
98.1 0
98.3 1
98.5 0
98.7 2
98.9 1
99.1 1
99.3 1
99.5 1
99.7 0
99.9 0
