1950.1 0
1950.3 0
1950.5 0
1950.7 0
1950.9 0
1951.1 0
1951.3 0
1951.5 0
1951.7 0
1951.9 0
1952.1 0
1952.3 0
1952.5 0
1952.7 0
1952.9 0
1953.1 0
1953.3 0
1953.5 0
1953.7 0
1953.9 0
1954.1 0
1954.3 0
1954.5 0
1954.7 0
1954.9 0
1955.1 0
1955.3 0
1955.5 0
1955.7 0
1955.9 0
1956.1 0
1956.3 0
1956.5 0
1956.7 0
1956.9 0
1957.1 0
1957.3 0
1957.5 0
1957.7 0
1957.9 0
1958.1 0
1958.3 0
1958.5 0
1958.7 0
1958.9 0
1959.1 0
1959.3 0
1959.5 0
1959.7 0
1959.9 0
1960.1 0
1960.3 0
1960.5 0
1960.7 0
1960.9 0
1961.1 0
1961.3 0
1961.5 0
1961.7 0
1961.9 0
1962.1 0
1962.3 0
1962.5 0
1962.7 0
1962.9 0
1963.1 0
1963.3 0
1963.5 0
1963.7 0
1963.9 0
1964.1 0
1964.3 0
1964.5 0
1964.7 0
1964.9 0
1965.1 0
1965.3 0
1965.5 0
1965.7 0
1965.9 0
1966.1 0
1966.3 0
1966.5 0
1966.7 0
1966.9 0
1967.1 0
1967.3 0
1967.5 0
1967.7 0
1967.9 0
1968.1 0
1968.3 0
1968.5 0
1968.7 0
1968.9 0
1969.1 0
1969.3 0
1969.5 0
1969.7 0
1969.9 0
1970.1 0
1970.3 0
1970.5 0
1970.7 0
1970.9 0
1971.1 0
1971.3 0
1971.5 0
1971.7 0
1971.9 0
1972.1 0
1972.3 0
1972.5 0
1972.7 0
1972.9 0
1973.1 0
1973.3 0
1973.5 0
1973.7 0
1973.9 0
1974.1 0
1974.3 0
1974.5 0
1974.7 0
1974.9 0
1975.1 0
1975.3 0
1975.5 0
1975.7 0
1975.9 0
1976.1 0
1976.3 0
1976.5 0
1976.7 0
1976.9 0
1977.1 0
1977.3 0
1977.5 0
1977.7 0
1977.9 0
1978.1 0
1978.3 0
1978.5 0
1978.7 0
1978.9 0
1979.1 0
1979.3 0
1979.5 0
1979.7 0
1979.9 0
1980.1 0
1980.3 0
1980.5 0
1980.7 0
1980.9 0
1981.1 0
1981.3 0
1981.5 0
1981.7 0
1981.9 0
1982.1 0
1982.3 0
1982.5 0
1982.7 0
1982.9 0
1983.1 0
1983.3 0
1983.5 0
1983.7 0
1983.9 0
1984.1 0
1984.3 0
1984.5 0
1984.7 0
1984.9 0
1985.1 0
1985.3 0
1985.5 0
1985.7 0
1985.9 0
1986.1 0
1986.3 0
1986.5 0
1986.7 0
1986.9 0
1987.1 0
1987.3 0
1987.5 0
1987.7 0
1987.9 0
1988.1 0
1988.3 0
1988.5 0
1988.7 0
1988.9 0
1989.1 0
1989.3 0
1989.5 0
1989.7 0
1989.9 0
1990.1 0
1990.3 0
1990.5 0
1990.7 0
1990.9 0
1991.1 0
1991.3 0
1991.5 0
1991.7 0
1991.9 0
1992.1 0
1992.3 0
1992.5 0
1992.7 0
1992.9 0
1993.1 0
1993.3 0
1993.5 0
1993.7 0
1993.9 0
1994.1 0
1994.3 0
1994.5 0
1994.7 0
1994.9 0
1995.1 0
1995.3 0
1995.5 0
1995.7 0
1995.9 0
1996.1 0
1996.3 0
1996.5 0
1996.7 0
1996.9 0
1997.1 0
1997.3 0
1997.5 0
1997.7 0
1997.9 0
1998.1 0
1998.3 0
1998.5 0
1998.7 0
1998.9 0
1999.1 0
1999.3 0
1999.5 0
1999.7 0
1999.9 0
2000.1 0
2000.3 0
2000.5 0
2000.7 0
2000.9 0
2001.1 0
2001.3 0
2001.5 0
2001.7 0
2001.9 0
2002.1 0
2002.3 0
2002.5 0
2002.7 0
2002.9 0
2003.1 0
2003.3 0
2003.5 0
2003.7 0
2003.9 0
2004.1 0
2004.3 0
2004.5 0
2004.7 0
2004.9 0
2005.1 0
2005.3 0
2005.5 0
2005.7 0
2005.9 0
2006.1 0
2006.3 0
2006.5 0
2006.7 0
2006.9 0
2007.1 0
2007.3 0
2007.5 0
2007.7 0
2007.9 0
2008.1 0
2008.3 0
2008.5 0
2008.7 0
2008.9 0
2009.1 0
2009.3 0
2009.5 0
2009.7 0
2009.9 0
2010.1 0
2010.3 0
2010.5 0
2010.7 0
2010.9 0
2011.1 0
2011.3 0
2011.5 0
2011.7 0
2011.9 0
2012.1 0
2012.3 0
2012.5 0
2012.7 0
2012.9 0
2013.1 0
2013.3 0
2013.5 0
2013.7 0
2013.9 0
2014.1 0
2014.3 0
2014.5 0
2014.7 1
2014.9 4
2015.1 3
2015.3 8
2015.5 5
2015.7 7
2015.9 13
2016.1 14
2016.3 12
2016.5 15
2016.7 14
2016.9 11
2017.1 12
2017.3 12
2017.5 10
2017.7 9
2017.9 5
2018.1 13
2018.3 11
2018.5 10
2018.7 12
2018.9 11
2019.1 6
2019.3 8
2019.5 10
2019.7 6
2019.9 4
2020.1 8
2020.3 8
2020.5 8
2020.7 5
2020.9 7
2021.1 8
2021.3 6
2021.5 5
2021.7 8
2021.9 8
2022.1 6
2022.3 7
2022.5 9
2022.7 6
2022.9 14
2023.1 11
2023.3 9
2023.5 21
2023.7 28
2023.9 26
2024.1 28
2024.3 25
2024.5 23
2024.7 22
2024.9 23
2025.1 19
2025.3 16
2025.5 19
2025.7 16
2025.9 21
2026.1 22
2026.3 24
2026.5 16
2026.7 20
2026.9 24
2027.1 19
2027.3 12
2027.5 20
2027.7 26
2027.9 18
2028.1 12
2028.3 10
2028.5 15
2028.7 25
2028.9 16
2029.1 18
2029.3 18
2029.5 12
2029.7 14
2029.9 10
2030.1 15
2030.3 17
2030.5 17
2030.7 17
2030.9 11
2031.1 20
2031.3 18
2031.5 12
2031.7 22
2031.9 26
2032.1 26
2032.3 24
2032.5 28
2032.7 24
2032.9 25
2033.1 32
2033.3 35
2033.5 32
2033.7 28
2033.9 23
2034.1 24
2034.3 25
2034.5 28
2034.7 39
2034.9 28
2035.1 20
2035.3 36
2035.5 33
2035.7 35
2035.9 21
2036.1 23
2036.3 29
2036.5 29
2036.7 18
2036.9 32
2037.1 26
2037.3 40
2037.5 33
2037.7 37
2037.9 28
2038.1 33
2038.3 37
2038.5 22
2038.7 39
2038.9 29
2039.1 54
2039.3 38
2039.5 63
2039.7 67
2039.9 78
2040.1 93
2040.3 108
2040.5 121
2040.7 129
2040.9 136
2041.1 115
2041.3 113
2041.5 144
2041.7 146
2041.9 138
2042.1 137
2042.3 98
2042.5 119
2042.7 124
2042.9 127
2043.1 101
2043.3 99
2043.5 92
2043.7 93
2043.9 106
2044.1 100
2044.3 90
2044.5 107
2044.7 92
2044.9 75
2045.1 87
2045.3 85
2045.5 75
2045.7 101
2045.9 97
2046.1 97
2046.3 78
2046.5 94
2046.7 89
2046.9 94
2047.1 83
2047.3 87
2047.5 85
2047.7 80
2047.9 85
2048.1 96
2048.3 85
2048.5 98
2048.7 80
2048.9 95
2049.1 105
2049.3 109
2049.5 114
2049.7 104
2049.9 140
2050.1 121
2050.3 112
2050.5 143
2050.7 135
2050.9 128
2051.1 143
2051.3 133
2051.5 128
2051.7 142
2051.9 122
2052.1 124
2052.3 120
2052.5 119
2052.7 134
2052.9 124
2053.1 117
2053.3 110
2053.5 126
2053.7 109
2053.9 118
2054.1 123
2054.3 111
2054.5 115
2054.7 120
2054.9 112
2055.1 128
2055.3 110
2055.5 114
2055.7 105
2055.9 103
2056.1 108
2056.3 94
2056.5 107
2056.7 94
2056.9 103
2057.1 93
2057.3 101
2057.5 108
2057.7 89
2057.9 91
2058.1 105
2058.3 87
2058.5 106
2058.7 116
2058.9 86
2059.1 112
2059.3 94
2059.5 113
2059.7 105
2059.9 96
2060.1 108
2060.3 112
2060.5 109
2060.7 86
2060.9 117
2061.1 118
2061.3 115
2061.5 111
2061.7 93
2061.9 102
2062.1 115
2062.3 84
2062.5 96
2062.7 105
2062.9 105
2063.1 106
2063.3 115
2063.5 116
2063.7 106
2063.9 113
2064.1 105
2064.3 86
2064.5 93
2064.7 90
2064.9 109
2065.1 97
2065.3 92
2065.5 102
2065.7 103
2065.9 109
2066.1 114
2066.3 76
2066.5 112
2066.7 107
2066.9 105
2067.1 98
2067.3 115
2067.5 93
2067.7 110
2067.9 88
2068.1 86
2068.3 83
2068.5 95
2068.7 107
2068.9 108
2069.1 130
2069.3 92
2069.5 102
2069.7 86
2069.9 104
2070.1 103
2070.3 103
2070.5 99
2070.7 97
2070.9 113
2071.1 81
2071.3 113
2071.5 94
2071.7 83
2071.9 95
2072.1 106
2072.3 82
2072.5 99
2072.7 100
2072.9 94
2073.1 80
2073.3 93
2073.5 84
2073.7 103
2073.9 104
2074.1 88
2074.3 97
2074.5 101
2074.7 91
2074.9 93
2075.1 101
2075.3 82
2075.5 103
2075.7 85
2075.9 97
2076.1 90
2076.3 97
2076.5 95
2076.7 82
2076.9 98
2077.1 110
2077.3 111
2077.5 93
2077.7 90
2077.9 86
2078.1 99
2078.3 106
2078.5 115
2078.7 100
2078.9 105
2079.1 87
2079.3 109
2079.5 76
2079.7 92
2079.9 82
2080.1 97
2080.3 95
2080.5 87
2080.7 89
2080.9 82
2081.1 89
2081.3 81
2081.5 102
2081.7 88
2081.9 79
2082.1 94
2082.3 90
2082.5 85
2082.7 99
2082.9 77
2083.1 82
2083.3 98
2083.5 78
2083.7 101
2083.9 99
2084.1 88
2084.3 96
2084.5 84
2084.7 82
2084.9 94
2085.1 94
2085.3 103
2085.5 81
2085.7 99
2085.9 82
2086.1 84
2086.3 90
2086.5 80
2086.7 105
2086.9 97
2087.1 79
2087.3 91
2087.5 81
2087.7 89
2087.9 96
2088.1 87
2088.3 88
2088.5 89
2088.7 83
2088.9 83
2089.1 96
2089.3 94
2089.5 105
2089.7 82
2089.9 80
2090.1 87
2090.3 74
2090.5 77
2090.7 64
2090.9 117
2091.1 89
2091.3 86
2091.5 71
2091.7 94
2091.9 88
2092.1 82
2092.3 78
2092.5 100
2092.7 101
2092.9 81
2093.1 90
2093.3 82
2093.5 81
2093.7 78
2093.9 76
2094.1 78
2094.3 69
2094.5 81
2094.7 76
2094.9 97
2095.1 73
2095.3 85
2095.5 69
2095.7 89
2095.9 63
2096.1 94
2096.3 74
2096.5 75
2096.7 89
2096.9 79
2097.1 82
2097.3 99
2097.5 54
2097.7 76
2097.9 76
2098.1 86
2098.3 70
2098.5 93
2098.7 86
2098.9 70
2099.1 82
2099.3 75
2099.5 79
2099.7 87
2099.9 63
2100.1 69
2100.3 70
2100.5 74
2100.7 81
2100.9 69
2101.1 78
2101.3 62
2101.5 58
2101.7 84
2101.9 72
2102.1 81
2102.3 86
2102.5 72
2102.7 46
2102.9 68
2103.1 71
2103.3 77
2103.5 68
2103.7 70
2103.9 64
2104.1 80
2104.3 81
2104.5 80
2104.7 69
2104.9 75
2105.1 60
2105.3 66
2105.5 57
2105.7 59
2105.9 61
2106.1 63
2106.3 60
2106.5 79
2106.7 51
2106.9 60
2107.1 64
2107.3 69
2107.5 51
2107.7 55
2107.9 56
2108.1 71
2108.3 54
2108.5 58
2108.7 49
2108.9 61
2109.1 72
2109.3 54
2109.5 46
2109.7 57
2109.9 60
2110.1 55
2110.3 51
2110.5 55
2110.7 46
2110.9 56
2111.1 47
2111.3 39
2111.5 46
2111.7 43
2111.9 41
2112.1 59
2112.3 48
2112.5 53
2112.7 56
2112.9 42
2113.1 41
2113.3 50
2113.5 50
2113.7 45
2113.9 47
2114.1 42
2114.3 54
2114.5 37
2114.7 39
2114.9 51
2115.1 35
2115.3 31
2115.5 35
2115.7 27
2115.9 50
2116.1 30
2116.3 36
2116.5 34
2116.7 40
2116.9 43
2117.1 32
2117.3 28
2117.5 32
2117.7 29
2117.9 26
2118.1 33
2118.3 30
2118.5 29
2118.7 30
2118.9 31
2119.1 34
2119.3 33
2119.5 33
2119.7 23
2119.9 39
2120.1 26
2120.3 30
2120.5 19
2120.7 26
2120.9 32
2121.1 30
2121.3 25
2121.5 23
2121.7 23
2121.9 21
2122.1 20
2122.3 24
2122.5 23
2122.7 25
2122.9 18
2123.1 15
2123.3 24
2123.5 26
2123.7 21
2123.9 18
2124.1 17
2124.3 21
2124.5 15
2124.7 14
2124.9 23
2125.1 17
2125.3 9
2125.5 23
2125.7 18
2125.9 23
2126.1 17
2126.3 18
2126.5 10
2126.7 16
2126.9 17
2127.1 15
2127.3 15
2127.5 20
2127.7 22
2127.9 13
2128.1 15
2128.3 10
2128.5 20
2128.7 11
2128.9 10
2129.1 15
2129.3 9
2129.5 14
2129.7 8
2129.9 11
2130.1 11
2130.3 10
2130.5 13
2130.7 19
2130.9 13
2131.1 9
2131.3 12
2131.5 12
2131.7 8
2131.9 13
2132.1 8
2132.3 7
2132.5 9
2132.7 9
2132.9 15
2133.1 4
2133.3 10
2133.5 4
2133.7 5
2133.9 6
2134.1 8
2134.3 11
2134.5 7
2134.7 8
2134.9 6
2135.1 11
2135.3 10
2135.5 4
2135.7 10
2135.9 5
2136.1 9
2136.3 5
2136.5 8
2136.7 11
2136.9 8
2137.1 3
2137.3 5
2137.5 9
2137.7 11
2137.9 5
2138.1 9
2138.3 5
2138.5 7
2138.7 5
2138.9 4
2139.1 7
2139.3 6
2139.5 4
2139.7 4
2139.9 8
2140.1 5
2140.3 4
2140.5 5
2140.7 5
2140.9 10
2141.1 4
2141.3 7
2141.5 2
2141.7 6
2141.9 4
2142.1 5
2142.3 4
2142.5 9
2142.7 5
2142.9 2
2143.1 4
2143.3 3
2143.5 5
2143.7 2
2143.9 4
2144.1 3
2144.3 5
2144.5 4
2144.7 4
2144.9 3
2145.1 3
2145.3 4
2145.5 2
2145.7 4
2145.9 3
2146.1 2
2146.3 2
2146.5 1
2146.7 7
2146.9 1
2147.1 3
2147.3 2
2147.5 1
2147.7 1
2147.9 1
2148.1 2
2148.3 1
2148.5 0
2148.7 4
2148.9 2
2149.1 1
2149.3 0
2149.5 0
2149.7 2
2149.9 1
2150.1 3
2150.3 2
2150.5 3
2150.7 3
2150.9 2
2151.1 4
2151.3 2
2151.5 2
2151.7 4
2151.9 2
2152.1 0
2152.3 0
2152.5 2
2152.7 3
2152.9 1
2153.1 1
2153.3 4
2153.5 0
2153.7 2
2153.9 4
2154.1 0
2154.3 2
2154.5 1
2154.7 6
2154.9 0
2155.1 4
2155.3 2
2155.5 2
2155.7 2
2155.9 2
2156.1 1
2156.3 2
2156.5 2
2156.7 1
2156.9 2
2157.1 1
2157.3 0
2157.5 2
2157.7 2
2157.9 2
2158.1 0
2158.3 1
2158.5 1
2158.7 1
2158.9 0
2159.1 1
2159.3 1
2159.5 1
2159.7 0
2159.9 0
2160.1 0
2160.3 1
2160.5 0
2160.7 3
2160.9 0
2161.1 0
2161.3 0
2161.5 1
2161.7 1
2161.9 0
2162.1 0
2162.3 2
2162.5 2
2162.7 0
2162.9 0
2163.1 0
2163.3 0
2163.5 2
2163.7 1
2163.9 0
2164.1 0
2164.3 0
2164.5 1
2164.7 0
2164.9 0
2165.1 0
2165.3 0
2165.5 0
2165.7 2
2165.9 1
2166.1 1
2166.3 2
2166.5 0
2166.7 1
2166.9 0
2167.1 1
2167.3 0
2167.5 0
2167.7 1
2167.9 1
2168.1 0
2168.3 0
2168.5 1
2168.7 0
2168.9 0
2169.1 0
2169.3 0
2169.5 0
2169.7 0
2169.9 0
2170.1 0
2170.3 1
2170.5 0
2170.7 0
2170.9 0
2171.1 0
2171.3 0
2171.5 0
2171.7 0
2171.9 0
2172.1 0
2172.3 1
2172.5 0
2172.7 0
2172.9 0
2173.1 0
2173.3 0
2173.5 0
2173.7 0
2173.9 0
2174.1 0
2174.3 0
2174.5 0
2174.7 0
2174.9 0
2175.1 0
2175.3 0
2175.5 0
2175.7 1
2175.9 0
2176.1 0
2176.3 0
2176.5 0
2176.7 0
2176.9 0
2177.1 0
2177.3 0
2177.5 0
2177.7 0
2177.9 0
2178.1 0
2178.3 0
2178.5 0
2178.7 0
2178.9 0
2179.1 0
2179.3 0
2179.5 0
2179.7 0
2179.9 0
2180.1 0
2180.3 0
2180.5 0
2180.7 0
2180.9 0
2181.1 1
2181.3 0
2181.5 0
2181.7 0
2181.9 0
2182.1 0
2182.3 0
2182.5 0
2182.7 0
2182.9 0
2183.1 0
2183.3 0
2183.5 0
2183.7 0
2183.9 0
2184.1 0
2184.3 0
2184.5 0
2184.7 0
2184.9 0
2185.1 0
2185.3 0
2185.5 0
2185.7 0
2185.9 0
2186.1 0
2186.3 0
2186.5 0
2186.7 0
2186.9 0
2187.1 0
2187.3 0
2187.5 0
2187.7 0
2187.9 0
2188.1 0
2188.3 0
2188.5 0
2188.7 0
2188.9 0
2189.1 0
2189.3 0
2189.5 0
2189.7 0
2189.9 1
2190.1 0
2190.3 0
2190.5 0
2190.7 0
2190.9 0
2191.1 0
2191.3 0
2191.5 0
2191.7 0
2191.9 0
2192.1 0
2192.3 0
2192.5 0
2192.7 0
2192.9 0
2193.1 0
2193.3 0
2193.5 0
2193.7 0
2193.9 0
2194.1 0
2194.3 0
2194.5 0
2194.7 0
2194.9 0
2195.1 0
2195.3 0
2195.5 0
2195.7 0
2195.9 0
2196.1 0
2196.3 0
2196.5 0
2196.7 0
2196.9 0
2197.1 0
2197.3 0
2197.5 0
2197.7 0
2197.9 0
2198.1 0
2198.3 0
2198.5 0
2198.7 0
2198.9 0
2199.1 0
2199.3 0
2199.5 0
2199.7 0
2199.9 0
2200.1 0
2200.3 0
2200.5 0
2200.7 0
2200.9 0
2201.1 0
2201.3 0
2201.5 0
2201.7 0
2201.9 0
2202.1 0
2202.3 0
2202.5 0
2202.7 0
2202.9 0
2203.1 0
2203.3 0
2203.5 0
2203.7 0
2203.9 0
2204.1 0
2204.3 0
2204.5 0
2204.7 0
2204.9 0
2205.1 0
2205.3 0
2205.5 0
2205.7 0
2205.9 0
2206.1 0
2206.3 0
2206.5 0
2206.7 0
2206.9 0
2207.1 0
2207.3 0
2207.5 0
2207.7 0
2207.9 0
2208.1 0
2208.3 0
2208.5 0
2208.7 0
2208.9 0
2209.1 0
2209.3 0
2209.5 0
2209.7 0
2209.9 0
2210.1 0
2210.3 0
2210.5 0
2210.7 0
2210.9 0
2211.1 0
2211.3 0
2211.5 0
2211.7 0
2211.9 0
2212.1 0
2212.3 0
2212.5 0
2212.7 0
2212.9 0
2213.1 0
2213.3 0
2213.5 0
2213.7 0
2213.9 0
2214.1 0
2214.3 0
2214.5 0
2214.7 0
2214.9 0
2215.1 0
2215.3 0
2215.5 0
2215.7 0
2215.9 0
2216.1 0
2216.3 0
2216.5 0
2216.7 0
2216.9 0
2217.1 0
2217.3 0
2217.5 0
2217.7 0
2217.9 0
2218.1 0
2218.3 0
2218.5 0
2218.7 0
2218.9 0
2219.1 0
2219.3 0
2219.5 0
2219.7 0
2219.9 0
2220.1 0
2220.3 0
2220.5 0
2220.7 0
2220.9 0
2221.1 0
2221.3 0
2221.5 0
2221.7 0
2221.9 0
2222.1 0
2222.3 0
2222.5 0
2222.7 0
2222.9 0
2223.1 0
2223.3 0
2223.5 0
2223.7 0
2223.9 0
2224.1 0
2224.3 0
2224.5 0
2224.7 0
2224.9 0
2225.1 0
2225.3 0
2225.5 0
2225.7 0
2225.9 0
2226.1 0
2226.3 0
2226.5 0
2226.7 0
2226.9 0
2227.1 0
2227.3 0
2227.5 0
2227.7 0
2227.9 0
2228.1 0
2228.3 0
2228.5 0
2228.7 0
2228.9 0
2229.1 0
2229.3 0
2229.5 0
2229.7 0
2229.9 0
2230.1 0
2230.3 0
2230.5 0
2230.7 0
2230.9 0
2231.1 0
2231.3 0
2231.5 0
2231.7 0
2231.9 0
2232.1 0
2232.3 0
2232.5 0
2232.7 0
2232.9 0
2233.1 0
2233.3 0
2233.5 0
2233.7 0
2233.9 0
2234.1 0
2234.3 0
2234.5 0
2234.7 0
2234.9 0
2235.1 0
2235.3 0
2235.5 0
2235.7 1
2235.9 0
2236.1 0
2236.3 0
2236.5 0
2236.7 0
2236.9 0
2237.1 0
2237.3 0
2237.5 0
2237.7 0
2237.9 0
2238.1 0
2238.3 0
2238.5 0
2238.7 0
2238.9 0
2239.1 0
2239.3 0
2239.5 0
2239.7 0
2239.9 0
2240.1 0
2240.3 0
2240.5 0
2240.7 0
2240.9 0
2241.1 0
2241.3 0
2241.5 0
2241.7 0
2241.9 0
2242.1 0
2242.3 0
2242.5 0
2242.7 0
2242.9 0
2243.1 0
2243.3 0
2243.5 0
2243.7 0
2243.9 0
2244.1 0
2244.3 0
2244.5 0
2244.7 0
2244.9 0
2245.1 0
2245.3 0
2245.5 0
2245.7 0
2245.9 0
2246.1 0
2246.3 0
2246.5 0
2246.7 0
2246.9 0
2247.1 1
2247.3 0
2247.5 0
2247.7 0
2247.9 0
2248.1 0
2248.3 0
2248.5 0
2248.7 0
2248.9 0
2249.1 0
2249.3 0
2249.5 0
2249.7 0
2249.9 0
