300
0.001 0.00647954
0.002 0.0125288
0.003 0.0181984
0.004 0.0241464
0.005 0.0304741
0.006 0.0371814
0.007 0.0436103
0.008 0.0497102
0.009 0.0559619
0.01 0.0623908
0.011 0.0690729
0.012 0.075603
0.013 0.0813739
0.014 0.0874484
0.015 0.0943329
0.016 0.100635
0.017 0.107241
0.018 0.113772
0.019 0.120175
0.02 0.127237
0.021 0.13364
0.022 0.139664
0.023 0.145714
0.024 0.151636
0.025 0.15842
0.026 0.164317
0.027 0.171455
0.028 0.178086
0.029 0.184996
0.03 0.191045
0.031 0.197246
0.032 0.203447
0.033 0.209775
0.034 0.215698
0.035 0.222278
0.036 0.228859
0.037 0.234984
0.038 0.241464
0.039 0.247614
0.04 0.254018
0.041 0.260447
0.042 0.266876
0.043 0.272875
0.044 0.279405
0.045 0.284796
0.046 0.29168
0.047 0.298084
0.048 0.304462
0.049 0.310765
0.05 0.317371
0.051 0.324179
0.052 0.330634
0.053 0.337645
0.054 0.344453
0.055 0.35154
0.056 0.357134
0.057 0.363132
0.058 0.36908
0.059 0.375383
0.06 0.38123
0.061 0.38819
0.062 0.394518
0.063 0.400694
0.064 0.407122
0.065 0.413146
0.066 0.419398
0.067 0.425397
0.068 0.431395
0.069 0.438153
0.07 0.444228
0.071 0.450125
0.072 0.456149
0.073 0.462477
0.074 0.468956
0.075 0.474829
0.076 0.481333
0.077 0.487965
0.078 0.494672
0.079 0.500974
0.08 0.507884
0.081 0.514516
0.082 0.520236
0.083 0.52626
0.084 0.533043
0.085 0.539928
0.086 0.546154
0.087 0.552406
0.088 0.558809
0.089 0.565491
0.09 0.57192
0.091 0.579058
0.092 0.585259
0.093 0.591992
0.094 0.598826
0.095 0.6049
0.096 0.611228
0.097 0.617657
0.098 0.623478
0.099 0.630034
0.1 0.637045
0.101 0.643271
0.102 0.650029
0.103 0.657319
0.104 0.663418
0.105 0.670176
0.106 0.676048
0.107 0.682579
0.108 0.689033
0.109 0.694804
0.11 0.701536
0.111 0.708471
0.112 0.714318
0.113 0.720545
0.114 0.726366
0.115 0.732744
0.116 0.739173
0.117 0.745425
0.118 0.751955
0.119 0.758435
0.12 0.764028
0.121 0.769318
0.122 0.774785
0.123 0.779974
0.124 0.785948
0.125 0.791212
0.126 0.796224
0.127 0.80164
0.128 0.806677
0.129 0.811106
0.13 0.815637
0.131 0.820092
0.132 0.823939
0.133 0.828723
0.134 0.832342
0.135 0.835303
0.136 0.839201
0.137 0.842593
0.138 0.84606
0.139 0.849174
0.14 0.852262
0.141 0.855172
0.142 0.857805
0.143 0.860285
0.144 0.862639
0.145 0.865018
0.146 0.867473
0.147 0.870207
0.148 0.872054
0.149 0.874282
0.15 0.876256
0.151 0.878382
0.152 0.880179
0.153 0.882482
0.154 0.884431
0.155 0.886178
0.156 0.888
0.157 0.889974
0.158 0.891797
0.159 0.89329
0.16 0.89529
0.161 0.897416
0.162 0.899036
0.163 0.901263
0.164 0.903338
0.165 0.905591
0.166 0.906882
0.167 0.908704
0.168 0.910147
0.169 0.911767
0.17 0.913184
0.171 0.914754
0.172 0.916373
0.173 0.918044
0.174 0.91979
0.175 0.921132
0.176 0.922651
0.177 0.92427
0.178 0.925966
0.179 0.927308
0.18 0.929206
0.181 0.93075
0.182 0.93242
0.183 0.933863
0.184 0.935255
0.185 0.936698
0.186 0.938191
0.187 0.939786
0.188 0.941203
0.189 0.942418
0.19 0.944013
0.191 0.94538
0.192 0.946797
0.193 0.94829
0.194 0.949708
0.195 0.951176
0.196 0.952492
0.197 0.953985
0.198 0.9552
0.199 0.956744
0.2 0.958161
0.201 0.9593
0.202 0.960389
0.203 0.961553
0.204 0.962869
0.205 0.964236
0.206 0.965653
0.207 0.966716
0.208 0.968007
0.209 0.969172
0.21 0.970108
0.211 0.971146
0.212 0.972184
0.213 0.973171
0.214 0.974158
0.215 0.975398
0.216 0.976461
0.217 0.977448
0.218 0.978207
0.219 0.978967
0.22 0.979903
0.221 0.98084
0.222 0.98208
0.223 0.982941
0.224 0.983649
0.225 0.984358
0.226 0.985269
0.227 0.986206
0.228 0.986965
0.229 0.987724
0.23 0.988458
0.231 0.989319
0.232 0.990104
0.233 0.990762
0.234 0.991243
0.235 0.991774
0.236 0.99223
0.237 0.992938
0.238 0.993445
0.239 0.994103
0.24 0.995064
0.241 0.995596
0.242 0.996102
0.243 0.996558
0.244 0.997039
0.245 0.997798
0.246 0.998405
0.247 0.998861
0.248 0.999266
0.249 0.999772
0.25 1
0.251 1.02711
0.252 1.02711
0.253 1.02711
0.254 1.02711
0.255 1.02711
0.256 1.02711
0.257 1.02711
0.258 1.02711
0.259 1.02711
0.26 1.02711
0.261 1.02711
0.262 1.02711
0.263 1.02711
0.264 1.02711
0.265 1.02711
0.266 1.02711
0.267 1.02711
0.268 1.02711
0.269 1.02711
0.27 1.02711
0.271 1.02711
0.272 1.02711
0.273 1.02711
0.274 1.02711
0.275 1.02711
0.276 1.02711
0.277 1.02711
0.278 1.02711
0.279 1.02711
0.28 1.02711
0.281 1.02711
0.282 1.02711
0.283 1.02711
0.284 1.02711
0.285 1.02711
0.286 1.02711
0.287 1.02711
0.288 1.02711
0.289 1.02711
0.29 1.02711
0.291 1.02711
0.292 1.02711
0.293 1.02711
0.294 1.02711
0.295 1.02711
0.296 1.02711
0.297 1.02711
0.298 1.02711
0.299 1.02711
0.3 1.02711
