935
-1283.1 3.54846e-06
-1282.9 3.54846e-06
-1282.7 3.54846e-06
-1282.5 3.54846e-06
-1282.3 3.54846e-06
-1282.1 7.09693e-06
-1281.9 7.09693e-06
-1281.7 7.09693e-06
-1281.5 7.09693e-06
-1281.3 1.41939e-05
-1281.1 2.48393e-05
-1280.9 2.48393e-05
-1280.7 3.90331e-05
-1280.5 4.25816e-05
-1280.3 5.3227e-05
-1280.1 6.03239e-05
-1279.9 6.38724e-05
-1279.7 7.09693e-05
-1279.5 8.16147e-05
-1279.3 8.87116e-05
-1279.1 9.58086e-05
-1278.9 0.000102905
-1278.7 0.000113551
-1278.5 0.000124196
-1278.3 0.000127745
-1278.1 0.000127745
-1277.9 0.000131293
-1277.7 0.000134842
-1277.5 0.00013839
-1277.3 0.000145487
-1277.1 0.000149036
-1276.9 0.000149036
-1276.7 0.000156132
-1276.5 0.000159681
-1276.3 0.000173875
-1276.1 0.000177423
-1275.9 0.000177423
-1275.7 0.000180972
-1275.5 0.000191617
-1275.3 0.000202263
-1275.1 0.000205811
-1274.9 0.000209359
-1274.7 0.000212908
-1274.5 0.000212908
-1274.3 0.000220005
-1274.1 0.00023065
-1273.9 0.00023065
-1273.7 0.000234199
-1273.5 0.000244844
-1273.3 0.000248393
-1273.1 0.000248393
-1272.9 0.000255489
-1272.7 0.000266135
-1272.5 0.000273232
-1272.3 0.000273232
-1272.1 0.000273232
-1271.9 0.00027678
-1271.7 0.00027678
-1271.5 0.000287426
-1271.3 0.000290974
-1271.1 0.000305168
-1270.9 0.000312265
-1270.7 0.000315813
-1270.5 0.000319362
-1270.3 0.00032291
-1270.1 0.00032291
-1269.9 0.000326459
-1269.7 0.000326459
-1269.5 0.000330007
-1269.3 0.000333556
-1269.1 0.000344201
-1268.9 0.000354846
-1268.7 0.000354846
-1268.5 0.000358395
-1268.3 0.000365492
-1268.1 0.000365492
-1267.9 0.000372589
-1267.7 0.000376137
-1267.5 0.000376137
-1267.3 0.000383234
-1267.1 0.000383234
-1266.9 0.000383234
-1266.7 0.000386783
-1266.5 0.000386783
-1266.3 0.000386783
-1266.1 0.000386783
-1265.9 0.00039388
-1265.7 0.000400977
-1265.5 0.000400977
-1265.3 0.000404525
-1265.1 0.000408073
-1264.9 0.000418719
-1264.7 0.000422267
-1264.5 0.000429364
-1264.3 0.000432913
-1264.1 0.000432913
-1263.9 0.000432913
-1263.7 0.000432913
-1263.5 0.000432913
-1263.3 0.000432913
-1263.1 0.000436461
-1262.9 0.000443558
-1262.7 0.000443558
-1262.5 0.000447107
-1262.3 0.000447107
-1262.1 0.000447107
-1261.9 0.000450655
-1261.7 0.000450655
-1261.5 0.000450655
-1261.3 0.000450655
-1261.1 0.000454204
-1260.9 0.000454204
-1260.7 0.000454204
-1260.5 0.000457752
-1260.3 0.000457752
-1260.1 0.0004613
-1259.9 0.000468397
-1259.7 0.000468397
-1259.5 0.000468397
-1259.3 0.000468397
-1259.1 0.000468397
-1258.9 0.000468397
-1258.7 0.000468397
-1258.5 0.000468397
-1258.3 0.000468397
-1258.1 0.000471946
-1257.9 0.000471946
-1257.7 0.000471946
-1257.5 0.000471946
-1257.3 0.000471946
-1257.1 0.000471946
-1256.9 0.000471946
-1256.7 0.000475494
-1256.5 0.000475494
-1256.3 0.000475494
-1256.1 0.000475494
-1255.9 0.000475494
-1255.7 0.000475494
-1255.5 0.000475494
-1255.3 0.000475494
-1255.1 0.000475494
-1254.9 0.000475494
-1254.7 0.000475494
-1254.5 0.000475494
-1254.3 0.000475494
-1254.1 0.000475494
-1253.9 0.000475494
-1253.7 0.000475494
-1253.5 0.000475494
-1253.3 0.000475494
-1253.1 0.000475494
-1252.9 0.000475494
-1252.7 0.000475494
-1252.5 0.000475494
-1252.3 0.000475494
-1252.1 0.000475494
-1251.9 0.000475494
-1251.7 0.000475494
-1251.5 0.000475494
-1251.3 0.000475494
-1251.1 0.000475494
-1250.9 0.000475494
-1250.7 0.000475494
-1250.5 0.000475494
-1250.3 0.000475494
-1250.1 0.000475494
-1249.9 0.000475494
-1249.7 0.000475494
-1249.5 0.000475494
-1249.3 0.000475494
-1249.1 0.000475494
-1248.9 0.000475494
-1248.7 0.000475494
-1248.5 0.000475494
-1248.3 0.000475494
-1248.1 0.000475494
-1247.9 0.000475494
-1247.7 0.000475494
-1247.5 0.000475494
-1247.3 0.000475494
-1247.1 0.000475494
-1246.9 0.000475494
-1246.7 0.000475494
-1246.5 0.000475494
-1246.3 0.000475494
-1246.1 0.000475494
-1245.9 0.000475494
-1245.7 0.000475494
-1245.5 0.000475494
-1245.3 0.000475494
-1245.1 0.000475494
-1244.9 0.000475494
-1244.7 0.000475494
-1244.5 0.000475494
-1244.3 0.000475494
-1244.1 0.000475494
-1243.9 0.000475494
-1243.7 0.000475494
-1243.5 0.000475494
-1243.3 0.000475494
-1243.1 0.000475494
-1242.9 0.000475494
-1242.7 0.000475494
-1242.5 0.000475494
-1242.3 0.000475494
-1242.1 0.000475494
-1241.9 0.000475494
-1241.7 0.000475494
-1241.5 0.000475494
-1241.3 0.000475494
-1241.1 0.000475494
-1240.9 0.000475494
-1240.7 0.000475494
-1240.5 0.000475494
-1240.3 0.000475494
-1240.1 0.000475494
-1239.9 0.000475494
-1239.7 0.000475494
-1239.5 0.000475494
-1239.3 0.000475494
-1239.1 0.000475494
-1238.9 0.000475494
-1238.7 0.000475494
-1238.5 0.000475494
-1238.3 0.000475494
-1238.1 0.000475494
-1237.9 0.000475494
-1237.7 0.000475494
-1237.5 0.000475494
-1237.3 0.000475494
-1237.1 0.000475494
-1236.9 0.000475494
-1236.7 0.000475494
-1236.5 0.000475494
-1236.3 0.000475494
-1236.1 0.000475494
-1235.9 0.000475494
-1235.7 0.000475494
-1235.5 0.000475494
-1235.3 0.000475494
-1235.1 0.000475494
-1234.9 0.000475494
-1234.7 0.000475494
-1234.5 0.000475494
-1234.3 0.000475494
-1234.1 0.000475494
-1233.9 0.000475494
-1233.7 0.000475494
-1233.5 0.000475494
-1233.3 0.000475494
-1233.1 0.000475494
-1232.9 0.000475494
-1232.7 0.000475494
-1232.5 0.000475494
-1232.3 0.000475494
-1232.1 0.000475494
-1231.9 0.000475494
-1231.7 0.000475494
-1231.5 0.000475494
-1231.3 0.000475494
-1231.1 0.000475494
-1230.9 0.000475494
-1230.7 0.000475494
-1230.5 0.000475494
-1230.3 0.000475494
-1230.1 0.000479043
-1229.9 0.000479043
-1229.7 0.000482591
-1229.5 0.000500334
-1229.3 0.000521624
-1229.1 0.000528721
-1228.9 0.000539367
-1228.7 0.000564206
-1228.5 0.000617433
-1228.3 0.000660014
-1228.1 0.000699048
-1227.9 0.000816147
-1227.7 0.000972279
-1227.5 0.00136971
-1227.3 0.00199424
-1227.1 0.00334975
-1226.9 0.00604304
-1226.7 0.0109612
-1226.5 0.0186614
-1226.3 0.0299774
-1226.1 0.0453778
-1225.9 0.0638511
-1225.7 0.0841589
-1225.5 0.104871
-1225.3 0.124498
-1225.1 0.142936
-1224.9 0.159198
-1224.7 0.173932
-1224.5 0.187362
-1224.3 0.199754
-1224.1 0.211591
-1223.9 0.222286
-1223.7 0.233074
-1223.5 0.24357
-1223.3 0.253907
-1223.1 0.263843
-1222.9 0.273395
-1222.7 0.283143
-1222.5 0.292535
-1222.3 0.302091
-1222.1 0.311406
-1221.9 0.320441
-1221.7 0.329397
-1221.5 0.338861
-1221.3 0.347835
-1221.1 0.356883
-1220.9 0.365673
-1220.7 0.374509
-1220.5 0.383287
-1220.3 0.392102
-1220.1 0.400796
-1219.9 0.409365
-1219.7 0.417832
-1219.5 0.425926
-1219.3 0.434222
-1219.1 0.442749
-1218.9 0.45145
-1218.7 0.459913
-1218.5 0.468021
-1218.3 0.476481
-1218.1 0.484454
-1217.9 0.492694
-1217.7 0.500837
-1217.5 0.509187
-1217.3 0.517544
-1217.1 0.525829
-1216.9 0.533746
-1216.7 0.54189
-1216.5 0.549859
-1216.3 0.558145
-1216.1 0.566065
-1215.9 0.574174
-1215.7 0.582342
-1215.5 0.59044
-1215.3 0.598583
-1215.1 0.606553
-1214.9 0.614736
-1214.7 0.622539
-1214.5 0.630782
-1214.3 0.639288
-1214.1 0.647389
-1213.9 0.655416
-1213.7 0.663073
-1213.5 0.670983
-1213.3 0.679158
-1213.1 0.687089
-1212.9 0.695169
-1212.7 0.703316
-1212.5 0.711371
-1212.3 0.71948
-1212.1 0.727343
-1211.9 0.735402
-1211.7 0.743237
-1211.5 0.751011
-1211.3 0.758875
-1211.1 0.766518
-1210.9 0.774566
-1210.7 0.782738
-1210.5 0.790403
-1210.3 0.797801
-1210.1 0.805381
-1209.9 0.812939
-1209.7 0.82038
-1209.5 0.82775
-1209.3 0.835096
-1209.1 0.842228
-1208.9 0.8493
-1208.7 0.856142
-1208.5 0.863001
-1208.3 0.869878
-1208.1 0.876481
-1207.9 0.883
-1207.7 0.889536
-1207.5 0.895824
-1207.3 0.901683
-1207.1 0.907431
-1206.9 0.913251
-1206.7 0.918797
-1206.5 0.924421
-1206.3 0.929513
-1206.1 0.934694
-1205.9 0.939559
-1205.7 0.944289
-1205.5 0.949023
-1205.3 0.953494
-1205.1 0.957646
-1204.9 0.961457
-1204.7 0.965062
-1204.5 0.968412
-1204.3 0.971836
-1204.1 0.975001
-1203.9 0.977893
-1203.7 0.980654
-1203.5 0.983237
-1203.3 0.985749
-1203.1 0.987768
-1202.9 0.989777
-1202.7 0.99143
-1202.5 0.99279
-1202.3 0.994042
-1202.1 0.995011
-1201.9 0.995958
-1201.7 0.99665
-1201.5 0.997239
-1201.3 0.997711
-1201.1 0.998141
-1200.9 0.998375
-1200.7 0.998574
-1200.5 0.998705
-1200.3 0.998801
-1200.1 0.998857
-1199.9 0.998907
-1199.7 0.998946
-1199.5 0.998971
-1199.3 0.998992
-1199.1 0.999014
-1198.9 0.999021
-1198.7 0.999024
-1198.5 0.999028
-1198.3 0.999042
-1198.1 0.999049
-1197.9 0.999056
-1197.7 0.99906
-1197.5 0.999063
-1197.3 0.999067
-1197.1 0.99907
-1196.9 0.99907
-1196.7 0.999074
-1196.5 0.999077
-1196.3 0.999077
-1196.1 0.999084
-1195.9 0.999088
-1195.7 0.999088
-1195.5 0.999092
-1195.3 0.999099
-1195.1 0.999099
-1194.9 0.999099
-1194.7 0.999099
-1194.5 0.999102
-1194.3 0.999106
-1194.1 0.999106
-1193.9 0.999106
-1193.7 0.999106
-1193.5 0.999106
-1193.3 0.999106
-1193.1 0.999106
-1192.9 0.999106
-1192.7 0.999106
-1192.5 0.999109
-1192.3 0.999109
-1192.1 0.999109
-1191.9 0.999109
-1191.7 0.999109
-1191.5 0.999109
-1191.3 0.999109
-1191.1 0.999109
-1190.9 0.999109
-1190.7 0.999109
-1190.5 0.999109
-1190.3 0.999109
-1190.1 0.999109
-1189.9 0.999109
-1189.7 0.999109
-1189.5 0.999109
-1189.3 0.999109
-1189.1 0.999109
-1188.9 0.999109
-1188.7 0.999109
-1188.5 0.999109
-1188.3 0.999109
-1188.1 0.999109
-1187.9 0.999109
-1187.7 0.999109
-1187.5 0.999109
-1187.3 0.999109
-1187.1 0.999109
-1186.9 0.999109
-1186.7 0.999109
-1186.5 0.999109
-1186.3 0.999109
-1186.1 0.999109
-1185.9 0.999109
-1185.7 0.999109
-1185.5 0.999109
-1185.3 0.999109
-1185.1 0.999109
-1184.9 0.999109
-1184.7 0.999109
-1184.5 0.999109
-1184.3 0.999109
-1184.1 0.999109
-1183.9 0.999109
-1183.7 0.999109
-1183.5 0.999109
-1183.3 0.999109
-1183.1 0.999109
-1182.9 0.999109
-1182.7 0.999109
-1182.5 0.999109
-1182.3 0.999109
-1182.1 0.999109
-1181.9 0.999109
-1181.7 0.999109
-1181.5 0.999109
-1181.3 0.999109
-1181.1 0.999109
-1180.9 0.999109
-1180.7 0.999109
-1180.5 0.999109
-1180.3 0.999109
-1180.1 0.999109
-1179.9 0.999109
-1179.7 0.999109
-1179.5 0.999109
-1179.3 0.999109
-1179.1 0.999109
-1178.9 0.999109
-1178.7 0.999109
-1178.5 0.999109
-1178.3 0.999109
-1178.1 0.999109
-1177.9 0.999109
-1177.7 0.999109
-1177.5 0.999109
-1177.3 0.999109
-1177.1 0.999109
-1176.9 0.999109
-1176.7 0.999109
-1176.5 0.999109
-1176.3 0.999109
-1176.1 0.999109
-1175.9 0.999109
-1175.7 0.999109
-1175.5 0.999109
-1175.3 0.999109
-1175.1 0.999109
-1174.9 0.999109
-1174.7 0.999109
-1174.5 0.999109
-1174.3 0.999109
-1174.1 0.999109
-1173.9 0.999109
-1173.7 0.999109
-1173.5 0.999109
-1173.3 0.999113
-1173.1 0.999113
-1172.9 0.99912
-1172.7 0.99912
-1172.5 0.99912
-1172.3 0.999124
-1172.1 0.999127
-1171.9 0.999131
-1171.7 0.999138
-1171.5 0.999145
-1171.3 0.999148
-1171.1 0.999163
-1170.9 0.999166
-1170.7 0.999173
-1170.5 0.999191
-1170.3 0.999198
-1170.1 0.999209
-1169.9 0.999216
-1169.7 0.999223
-1169.5 0.999234
-1169.3 0.999237
-1169.1 0.999241
-1168.9 0.999255
-1168.7 0.999269
-1168.5 0.99928
-1168.3 0.99929
-1168.1 0.999294
-1167.9 0.999297
-1167.7 0.999297
-1167.5 0.999301
-1167.3 0.999308
-1167.1 0.999319
-1166.9 0.999326
-1166.7 0.999329
-1166.5 0.999333
-1166.3 0.999344
-1166.1 0.999347
-1165.9 0.999358
-1165.7 0.999361
-1165.5 0.999368
-1165.3 0.999379
-1165.1 0.99939
-1164.9 0.999397
-1164.7 0.999415
-1164.5 0.999415
-1164.3 0.999418
-1164.1 0.999418
-1163.9 0.999422
-1163.7 0.999422
-1163.5 0.999425
-1163.3 0.999425
-1163.1 0.999432
-1162.9 0.999436
-1162.7 0.999436
-1162.5 0.999443
-1162.3 0.999446
-1162.1 0.999446
-1161.9 0.999446
-1161.7 0.99945
-1161.5 0.99945
-1161.3 0.999457
-1161.1 0.999464
-1160.9 0.999464
-1160.7 0.999464
-1160.5 0.999464
-1160.3 0.999475
-1160.1 0.999478
-1159.9 0.999482
-1159.7 0.999493
-1159.5 0.9995
-1159.3 0.999503
-1159.1 0.999507
-1158.9 0.999507
-1158.7 0.999507
-1158.5 0.99951
-1158.3 0.999517
-1158.1 0.999517
-1157.9 0.999517
-1157.7 0.999517
-1157.5 0.999528
-1157.3 0.999528
-1157.1 0.999532
-1156.9 0.999532
-1156.7 0.999532
-1156.5 0.999535
-1156.3 0.999542
-1156.1 0.999542
-1155.9 0.999542
-1155.7 0.999542
-1155.5 0.999549
-1155.3 0.999549
-1155.1 0.999549
-1154.9 0.999553
-1154.7 0.999553
-1154.5 0.999553
-1154.3 0.999553
-1154.1 0.999553
-1153.9 0.999556
-1153.7 0.99956
-1153.5 0.999564
-1153.3 0.999564
-1153.1 0.999571
-1152.9 0.999571
-1152.7 0.999571
-1152.5 0.999571
-1152.3 0.999571
-1152.1 0.999571
-1151.9 0.999571
-1151.7 0.999574
-1151.5 0.999574
-1151.3 0.999574
-1151.1 0.999574
-1150.9 0.999574
-1150.7 0.999574
-1150.5 0.999574
-1150.3 0.999574
-1150.1 0.999574
-1149.9 0.999574
-1149.7 0.999574
-1149.5 0.999578
-1149.3 0.999578
-1149.1 0.999578
-1148.9 0.999578
-1148.7 0.999578
-1148.5 0.999578
-1148.3 0.999578
-1148.1 0.999578
-1147.9 0.999578
-1147.7 0.999578
-1147.5 0.999578
-1147.3 0.999578
-1147.1 0.999578
-1146.9 0.999578
-1146.7 0.999578
-1146.5 0.999578
-1146.3 0.999578
-1146.1 0.999578
-1145.9 0.999578
-1145.7 0.999578
-1145.5 0.999578
-1145.3 0.999578
-1145.1 0.999578
-1144.9 0.999578
-1144.7 0.999578
-1144.5 0.999578
-1144.3 0.999578
-1144.1 0.999578
-1143.9 0.999578
-1143.7 0.999578
-1143.5 0.999578
-1143.3 0.999578
-1143.1 0.999578
-1142.9 0.999578
-1142.7 0.999578
-1142.5 0.999578
-1142.3 0.999578
-1142.1 0.999578
-1141.9 0.999578
-1141.7 0.999578
-1141.5 0.999578
-1141.3 0.999578
-1141.1 0.999578
-1140.9 0.999578
-1140.7 0.999578
-1140.5 0.999578
-1140.3 0.999578
-1140.1 0.999578
-1139.9 0.999578
-1139.7 0.999578
-1139.5 0.999578
-1139.3 0.999578
-1139.1 0.999578
-1138.9 0.999578
-1138.7 0.999578
-1138.5 0.999578
-1138.3 0.999578
-1138.1 0.999578
-1137.9 0.999578
-1137.7 0.999578
-1137.5 0.999578
-1137.3 0.999578
-1137.1 0.999578
-1136.9 0.999578
-1136.7 0.999578
-1136.5 0.999578
-1136.3 0.999578
-1136.1 0.999578
-1135.9 0.999578
-1135.7 0.999578
-1135.5 0.999578
-1135.3 0.999578
-1135.1 0.999578
-1134.9 0.999578
-1134.7 0.999578
-1134.5 0.999578
-1134.3 0.999578
-1134.1 0.999578
-1133.9 0.999578
-1133.7 0.999578
-1133.5 0.999578
-1133.3 0.999578
-1133.1 0.999578
-1132.9 0.999578
-1132.7 0.999578
-1132.5 0.999578
-1132.3 0.999578
-1132.1 0.999578
-1131.9 0.999578
-1131.7 0.999578
-1131.5 0.999578
-1131.3 0.999578
-1131.1 0.999578
-1130.9 0.999578
-1130.7 0.999578
-1130.5 0.999578
-1130.3 0.999578
-1130.1 0.999578
-1129.9 0.999578
-1129.7 0.999578
-1129.5 0.999578
-1129.3 0.999578
-1129.1 0.999578
-1128.9 0.999578
-1128.7 0.999578
-1128.5 0.999578
-1128.3 0.999578
-1128.1 0.999578
-1127.9 0.999578
-1127.7 0.999578
-1127.5 0.999578
-1127.3 0.999578
-1127.1 0.999578
-1126.9 0.999578
-1126.7 0.999578
-1126.5 0.999578
-1126.3 0.999578
-1126.1 0.999578
-1125.9 0.999578
-1125.7 0.999578
-1125.5 0.999578
-1125.3 0.999578
-1125.1 0.999578
-1124.9 0.999578
-1124.7 0.999578
-1124.5 0.999578
-1124.3 0.999578
-1124.1 0.999578
-1123.9 0.999578
-1123.7 0.999578
-1123.5 0.999578
-1123.3 0.999578
-1123.1 0.999578
-1122.9 0.999578
-1122.7 0.999578
-1122.5 0.999578
-1122.3 0.999578
-1122.1 0.999578
-1121.9 0.999578
-1121.7 0.999578
-1121.5 0.999578
-1121.3 0.999578
-1121.1 0.999578
-1120.9 0.999578
-1120.7 0.999578
-1120.5 0.999578
-1120.3 0.999578
-1120.1 0.999578
-1119.9 0.999578
-1119.7 0.999578
-1119.5 0.999578
-1119.3 0.999578
-1119.1 0.999578
-1118.9 0.999578
-1118.7 0.999578
-1118.5 0.999578
-1118.3 0.999578
-1118.1 0.999578
-1117.9 0.999578
-1117.7 0.999578
-1117.5 0.999581
-1117.3 0.999581
-1117.1 0.999585
-1116.9 0.999588
-1116.7 0.999592
-1116.5 0.999592
-1116.3 0.999599
-1116.1 0.999599
-1115.9 0.99961
-1115.7 0.99962
-1115.5 0.999638
-1115.3 0.999645
-1115.1 0.999656
-1114.9 0.999659
-1114.7 0.999688
-1114.5 0.999698
-1114.3 0.999709
-1114.1 0.99972
-1113.9 0.999727
-1113.7 0.999737
-1113.5 0.999745
-1113.3 0.999748
-1113.1 0.999759
-1112.9 0.999759
-1112.7 0.999762
-1112.5 0.999766
-1112.3 0.999776
-1112.1 0.999776
-1111.9 0.999784
-1111.7 0.999784
-1111.5 0.999794
-1111.3 0.999798
-1111.1 0.999798
-1110.9 0.999812
-1110.7 0.999812
-1110.5 0.999819
-1110.3 0.99983
-1110.1 0.999837
-1109.9 0.999844
-1109.7 0.999847
-1109.5 0.999855
-1109.3 0.999858
-1109.1 0.999869
-1108.9 0.999869
-1108.7 0.999872
-1108.5 0.999883
-1108.3 0.99989
-1108.1 0.999894
-1107.9 0.999894
-1107.7 0.999894
-1107.5 0.999897
-1107.3 0.999901
-1107.1 0.999904
-1106.9 0.999904
-1106.7 0.999911
-1106.5 0.999911
-1106.3 0.999915
-1106.1 0.999915
-1105.9 0.999918
-1105.7 0.999922
-1105.5 0.999922
-1105.3 0.999922
-1105.1 0.999925
-1104.9 0.999925
-1104.7 0.999929
-1104.5 0.999929
-1104.3 0.999933
-1104.1 0.999933
-1103.9 0.999936
-1103.7 0.999936
-1103.5 0.99994
-1103.3 0.999943
-1103.1 0.999943
-1102.9 0.99995
-1102.7 0.99995
-1102.5 0.999954
-1102.3 0.999954
-1102.1 0.999957
-1101.9 0.999957
-1101.7 0.999961
-1101.5 0.999965
-1101.3 0.999968
-1101.1 0.999968
-1100.9 0.999972
-1100.7 0.999972
-1100.5 0.999972
-1100.3 0.999972
-1100.1 0.999972
-1099.9 0.999972
-1099.7 0.999979
-1099.5 0.999979
-1099.3 0.999982
-1099.1 0.999982
-1098.9 0.999982
-1098.7 0.999982
-1098.5 0.999982
-1098.3 0.999982
-1098.1 0.999982
-1097.9 0.999982
-1097.7 0.999986
-1097.5 0.999986
-1097.3 0.999986
-1097.1 0.999986
-1096.9 0.999986
-1096.7 0.999986
-1096.5 0.999996
-1096.3 1
