941
-1283.5 3.54831e-06
-1283.3 3.54831e-06
-1283.1 3.54831e-06
-1282.9 7.09663e-06
-1282.7 7.09663e-06
-1282.5 7.09663e-06
-1282.3 7.09663e-06
-1282.1 7.09663e-06
-1281.9 1.06449e-05
-1281.7 1.06449e-05
-1281.5 1.06449e-05
-1281.3 1.77416e-05
-1281.1 2.48382e-05
-1280.9 2.83865e-05
-1280.7 2.83865e-05
-1280.5 2.83865e-05
-1280.3 3.54831e-05
-1280.1 4.96764e-05
-1279.9 6.03213e-05
-1279.7 7.45146e-05
-1279.5 9.22562e-05
-1279.3 9.93528e-05
-1279.1 0.000120643
-1278.9 0.000134836
-1278.7 0.000141933
-1278.5 0.000152577
-1278.3 0.000173867
-1278.1 0.000184512
-1277.9 0.000195157
-1277.7 0.000202254
-1277.5 0.000212899
-1277.3 0.000227092
-1277.1 0.000237737
-1276.9 0.000241285
-1276.7 0.000241285
-1276.5 0.00025193
-1276.3 0.00025193
-1276.1 0.000259027
-1275.9 0.000269672
-1275.7 0.000276768
-1275.5 0.000276768
-1275.3 0.000290962
-1275.1 0.000290962
-1274.9 0.000298058
-1274.7 0.000298058
-1274.5 0.000305155
-1274.3 0.000312252
-1274.1 0.000312252
-1273.9 0.000312252
-1273.7 0.0003158
-1273.5 0.000319348
-1273.3 0.000326445
-1273.1 0.000326445
-1272.9 0.000326445
-1272.7 0.000329993
-1272.5 0.000340638
-1272.3 0.000344186
-1272.1 0.000344186
-1271.9 0.000351283
-1271.7 0.000354831
-1271.5 0.00035838
-1271.3 0.00035838
-1271.1 0.000361928
-1270.9 0.000361928
-1270.7 0.000361928
-1270.5 0.000365476
-1270.3 0.000372573
-1270.1 0.00037967
-1269.9 0.00037967
-1269.7 0.00037967
-1269.5 0.000383218
-1269.3 0.000386766
-1269.1 0.000386766
-1268.9 0.000386766
-1268.7 0.000393863
-1268.5 0.000397411
-1268.3 0.000400959
-1268.1 0.000400959
-1267.9 0.000408056
-1267.7 0.000415153
-1267.5 0.000415153
-1267.3 0.000415153
-1267.1 0.000425798
-1266.9 0.000432894
-1266.7 0.000436443
-1266.5 0.000436443
-1266.3 0.000443539
-1266.1 0.000447088
-1265.9 0.000447088
-1265.7 0.000457732
-1265.5 0.000461281
-1265.3 0.000461281
-1265.1 0.000464829
-1264.9 0.000464829
-1264.7 0.000468377
-1264.5 0.000471926
-1264.3 0.000471926
-1264.1 0.000475474
-1263.9 0.000479022
-1263.7 0.000479022
-1263.5 0.000479022
-1263.3 0.000482571
-1263.1 0.000482571
-1262.9 0.000486119
-1262.7 0.000489667
-1262.5 0.000493216
-1262.3 0.000493216
-1262.1 0.000496764
-1261.9 0.000500312
-1261.7 0.000500312
-1261.5 0.000500312
-1261.3 0.000500312
-1261.1 0.000500312
-1260.9 0.000500312
-1260.7 0.000503861
-1260.5 0.000503861
-1260.3 0.000503861
-1260.1 0.000503861
-1259.9 0.000507409
-1259.7 0.000507409
-1259.5 0.000507409
-1259.3 0.000514506
-1259.1 0.000514506
-1258.9 0.000514506
-1258.7 0.000514506
-1258.5 0.000514506
-1258.3 0.000518054
-1258.1 0.000518054
-1257.9 0.000518054
-1257.7 0.000518054
-1257.5 0.000518054
-1257.3 0.000518054
-1257.1 0.000518054
-1256.9 0.000518054
-1256.7 0.000518054
-1256.5 0.000518054
-1256.3 0.000518054
-1256.1 0.000518054
-1255.9 0.000518054
-1255.7 0.000518054
-1255.5 0.000518054
-1255.3 0.000518054
-1255.1 0.000518054
-1254.9 0.000518054
-1254.7 0.000518054
-1254.5 0.000518054
-1254.3 0.000518054
-1254.1 0.000518054
-1253.9 0.000518054
-1253.7 0.000518054
-1253.5 0.000518054
-1253.3 0.000518054
-1253.1 0.000518054
-1252.9 0.000518054
-1252.7 0.000518054
-1252.5 0.000518054
-1252.3 0.000518054
-1252.1 0.000518054
-1251.9 0.000518054
-1251.7 0.000518054
-1251.5 0.000518054
-1251.3 0.000518054
-1251.1 0.000518054
-1250.9 0.000518054
-1250.7 0.000518054
-1250.5 0.000518054
-1250.3 0.000518054
-1250.1 0.000518054
-1249.9 0.000518054
-1249.7 0.000518054
-1249.5 0.000518054
-1249.3 0.000518054
-1249.1 0.000518054
-1248.9 0.000518054
-1248.7 0.000518054
-1248.5 0.000518054
-1248.3 0.000518054
-1248.1 0.000518054
-1247.9 0.000518054
-1247.7 0.000518054
-1247.5 0.000518054
-1247.3 0.000518054
-1247.1 0.000521602
-1246.9 0.000521602
-1246.7 0.000521602
-1246.5 0.000521602
-1246.3 0.000521602
-1246.1 0.000521602
-1245.9 0.000521602
-1245.7 0.000521602
-1245.5 0.000521602
-1245.3 0.000521602
-1245.1 0.000521602
-1244.9 0.000521602
-1244.7 0.000521602
-1244.5 0.000521602
-1244.3 0.000521602
-1244.1 0.000521602
-1243.9 0.000521602
-1243.7 0.000521602
-1243.5 0.000521602
-1243.3 0.000521602
-1243.1 0.000521602
-1242.9 0.000521602
-1242.7 0.000521602
-1242.5 0.000521602
-1242.3 0.000521602
-1242.1 0.000521602
-1241.9 0.000521602
-1241.7 0.000521602
-1241.5 0.000521602
-1241.3 0.000521602
-1241.1 0.000521602
-1240.9 0.000521602
-1240.7 0.000521602
-1240.5 0.000521602
-1240.3 0.000521602
-1240.1 0.000521602
-1239.9 0.000521602
-1239.7 0.000521602
-1239.5 0.000521602
-1239.3 0.000521602
-1239.1 0.000521602
-1238.9 0.000521602
-1238.7 0.000521602
-1238.5 0.000521602
-1238.3 0.000521602
-1238.1 0.000521602
-1237.9 0.000521602
-1237.7 0.000521602
-1237.5 0.000521602
-1237.3 0.000521602
-1237.1 0.000521602
-1236.9 0.000521602
-1236.7 0.000521602
-1236.5 0.000521602
-1236.3 0.000521602
-1236.1 0.000521602
-1235.9 0.000521602
-1235.7 0.000521602
-1235.5 0.000521602
-1235.3 0.000521602
-1235.1 0.000521602
-1234.9 0.000521602
-1234.7 0.000521602
-1234.5 0.000521602
-1234.3 0.000521602
-1234.1 0.000521602
-1233.9 0.000521602
-1233.7 0.000521602
-1233.5 0.000521602
-1233.3 0.000521602
-1233.1 0.000521602
-1232.9 0.000521602
-1232.7 0.000521602
-1232.5 0.000521602
-1232.3 0.000521602
-1232.1 0.000521602
-1231.9 0.000521602
-1231.7 0.000521602
-1231.5 0.000521602
-1231.3 0.000521602
-1231.1 0.000521602
-1230.9 0.000521602
-1230.7 0.000521602
-1230.5 0.000521602
-1230.3 0.000521602
-1230.1 0.000521602
-1229.9 0.000521602
-1229.7 0.000521602
-1229.5 0.000521602
-1229.3 0.000521602
-1229.1 0.000521602
-1228.9 0.000535795
-1228.7 0.000535795
-1228.5 0.000539344
-1228.3 0.000539344
-1228.1 0.000571279
-1227.9 0.000603213
-1227.7 0.000642245
-1227.5 0.000699018
-1227.3 0.000826757
-1227.1 0.00106449
-1226.9 0.00146545
-1226.7 0.00219286
-1226.5 0.00371154
-1226.3 0.00666373
-1226.1 0.0121636
-1225.9 0.0211054
-1225.7 0.0336274
-1225.5 0.0497367
-1225.3 0.0686883
-1225.1 0.0889278
-1224.9 0.109366
-1224.7 0.12813
-1224.5 0.145311
-1224.3 0.16104
-1224.1 0.174982
-1223.9 0.187401
-1223.7 0.199057
-1223.5 0.210227
-1223.3 0.221074
-1223.1 0.231868
-1222.9 0.242243
-1222.7 0.252157
-1222.5 0.261901
-1222.3 0.271588
-1222.1 0.281566
-1221.9 0.290649
-1221.7 0.299989
-1221.5 0.309289
-1221.3 0.318642
-1221.1 0.327839
-1220.9 0.336863
-1220.7 0.346049
-1220.5 0.354874
-1220.3 0.363912
-1220.1 0.372662
-1219.9 0.381202
-1219.7 0.390055
-1219.5 0.398678
-1219.3 0.407265
-1219.1 0.415728
-1218.9 0.423984
-1218.7 0.432373
-1218.5 0.440931
-1218.3 0.449511
-1218.1 0.458027
-1217.9 0.466539
-1217.7 0.475077
-1217.5 0.483515
-1217.3 0.491775
-1217.1 0.499847
-1216.9 0.508076
-1216.7 0.516326
-1216.5 0.524693
-1216.3 0.532786
-1216.1 0.540891
-1215.9 0.548903
-1215.7 0.556908
-1215.5 0.564895
-1215.3 0.573227
-1215.1 0.581267
-1214.9 0.589258
-1214.7 0.597199
-1214.5 0.605154
-1214.3 0.612826
-1214.1 0.620795
-1213.9 0.628946
-1213.7 0.636961
-1213.5 0.645108
-1213.3 0.653209
-1213.1 0.661147
-1212.9 0.66913
-1212.7 0.677015
-1212.5 0.685211
-1212.3 0.693401
-1212.1 0.701427
-1211.9 0.709652
-1211.7 0.7177
-1211.5 0.72546
-1211.3 0.73372
-1211.1 0.74175
-1210.9 0.749748
-1210.7 0.75748
-1210.5 0.76529
-1210.3 0.77321
-1210.1 0.781158
-1209.9 0.78889
-1209.7 0.7966
-1209.5 0.804445
-1209.3 0.812032
-1209.1 0.81955
-1208.9 0.82713
-1208.7 0.834517
-1208.5 0.841983
-1208.3 0.849356
-1208.1 0.856439
-1207.9 0.863716
-1207.7 0.870543
-1207.5 0.877384
-1207.3 0.884258
-1207.1 0.890847
-1206.9 0.897102
-1206.7 0.903149
-1206.5 0.909099
-1206.3 0.914887
-1206.1 0.920543
-1205.9 0.926071
-1205.7 0.931528
-1205.5 0.936815
-1205.3 0.941701
-1205.1 0.946318
-1204.9 0.950835
-1204.7 0.955327
-1204.5 0.959613
-1204.3 0.963463
-1204.1 0.967029
-1203.9 0.970545
-1203.7 0.973852
-1203.5 0.97701
-1203.3 0.979909
-1203.1 0.982528
-1202.9 0.984991
-1202.7 0.987333
-1202.5 0.989327
-1202.3 0.991023
-1202.1 0.992627
-1201.9 0.993957
-1201.7 0.995114
-1201.5 0.996029
-1201.3 0.996736
-1201.1 0.997349
-1200.9 0.997843
-1200.7 0.998201
-1200.5 0.998449
-1200.3 0.998655
-1200.1 0.998811
-1199.9 0.998896
-1199.7 0.998971
-1199.5 0.999014
-1199.3 0.999042
-1199.1 0.999067
-1198.9 0.999092
-1198.7 0.999095
-1198.5 0.999124
-1198.3 0.999124
-1198.1 0.999131
-1197.9 0.999134
-1197.7 0.999145
-1197.5 0.999166
-1197.3 0.99917
-1197.1 0.999173
-1196.9 0.999177
-1196.7 0.99918
-1196.5 0.999187
-1196.3 0.999187
-1196.1 0.999191
-1195.9 0.999191
-1195.7 0.999191
-1195.5 0.999195
-1195.3 0.999195
-1195.1 0.999205
-1194.9 0.999209
-1194.7 0.999212
-1194.5 0.999212
-1194.3 0.999216
-1194.1 0.999219
-1193.9 0.999223
-1193.7 0.999226
-1193.5 0.999226
-1193.3 0.999226
-1193.1 0.999226
-1192.9 0.999226
-1192.7 0.99923
-1192.5 0.99923
-1192.3 0.99923
-1192.1 0.99923
-1191.9 0.999234
-1191.7 0.999234
-1191.5 0.999234
-1191.3 0.999234
-1191.1 0.999234
-1190.9 0.999234
-1190.7 0.999234
-1190.5 0.999234
-1190.3 0.999234
-1190.1 0.999234
-1189.9 0.999234
-1189.7 0.999234
-1189.5 0.999234
-1189.3 0.999234
-1189.1 0.999234
-1188.9 0.999234
-1188.7 0.999234
-1188.5 0.999234
-1188.3 0.999234
-1188.1 0.999234
-1187.9 0.999234
-1187.7 0.999234
-1187.5 0.999234
-1187.3 0.999234
-1187.1 0.999234
-1186.9 0.999234
-1186.7 0.999234
-1186.5 0.999234
-1186.3 0.999234
-1186.1 0.999234
-1185.9 0.999234
-1185.7 0.999234
-1185.5 0.999234
-1185.3 0.999234
-1185.1 0.999234
-1184.9 0.999234
-1184.7 0.999234
-1184.5 0.999234
-1184.3 0.999234
-1184.1 0.999234
-1183.9 0.999234
-1183.7 0.999234
-1183.5 0.999234
-1183.3 0.999234
-1183.1 0.999234
-1182.9 0.999234
-1182.7 0.999234
-1182.5 0.999234
-1182.3 0.999234
-1182.1 0.999234
-1181.9 0.999234
-1181.7 0.999234
-1181.5 0.999234
-1181.3 0.999234
-1181.1 0.999234
-1180.9 0.999234
-1180.7 0.999234
-1180.5 0.999234
-1180.3 0.999234
-1180.1 0.999234
-1179.9 0.999234
-1179.7 0.999234
-1179.5 0.999234
-1179.3 0.999234
-1179.1 0.999234
-1178.9 0.999234
-1178.7 0.999234
-1178.5 0.999234
-1178.3 0.999234
-1178.1 0.999234
-1177.9 0.999234
-1177.7 0.999234
-1177.5 0.999234
-1177.3 0.999234
-1177.1 0.999234
-1176.9 0.999234
-1176.7 0.999234
-1176.5 0.999234
-1176.3 0.999234
-1176.1 0.999234
-1175.9 0.999234
-1175.7 0.999234
-1175.5 0.999234
-1175.3 0.999234
-1175.1 0.999234
-1174.9 0.999234
-1174.7 0.999234
-1174.5 0.999234
-1174.3 0.999234
-1174.1 0.999234
-1173.9 0.999234
-1173.7 0.999237
-1173.5 0.999237
-1173.3 0.999237
-1173.1 0.999237
-1172.9 0.999237
-1172.7 0.999237
-1172.5 0.999241
-1172.3 0.999248
-1172.1 0.999251
-1171.9 0.999251
-1171.7 0.999258
-1171.5 0.999262
-1171.3 0.999273
-1171.1 0.999283
-1170.9 0.999287
-1170.7 0.99929
-1170.5 0.999305
-1170.3 0.999319
-1170.1 0.999326
-1169.9 0.99934
-1169.7 0.99934
-1169.5 0.99934
-1169.3 0.999354
-1169.1 0.999358
-1168.9 0.999361
-1168.7 0.999372
-1168.5 0.999375
-1168.3 0.999386
-1168.1 0.999386
-1167.9 0.999393
-1167.7 0.999397
-1167.5 0.999397
-1167.3 0.999397
-1167.1 0.999404
-1166.9 0.999407
-1166.7 0.999411
-1166.5 0.999415
-1166.3 0.999418
-1166.1 0.999418
-1165.9 0.999425
-1165.7 0.999425
-1165.5 0.999425
-1165.3 0.999429
-1165.1 0.999432
-1164.9 0.999436
-1164.7 0.999436
-1164.5 0.999436
-1164.3 0.999439
-1164.1 0.999439
-1163.9 0.999439
-1163.7 0.999446
-1163.5 0.99945
-1163.3 0.999457
-1163.1 0.999457
-1162.9 0.999457
-1162.7 0.999457
-1162.5 0.999457
-1162.3 0.999461
-1162.1 0.999464
-1161.9 0.999468
-1161.7 0.999471
-1161.5 0.999471
-1161.3 0.999471
-1161.1 0.999475
-1160.9 0.999475
-1160.7 0.999475
-1160.5 0.999478
-1160.3 0.999478
-1160.1 0.999482
-1159.9 0.999482
-1159.7 0.999485
-1159.5 0.999493
-1159.3 0.999493
-1159.1 0.9995
-1158.9 0.999503
-1158.7 0.999503
-1158.5 0.99951
-1158.3 0.999514
-1158.1 0.999517
-1157.9 0.999521
-1157.7 0.999525
-1157.5 0.999528
-1157.3 0.999535
-1157.1 0.999535
-1156.9 0.999539
-1156.7 0.999542
-1156.5 0.999542
-1156.3 0.999549
-1156.1 0.99956
-1155.9 0.99956
-1155.7 0.999564
-1155.5 0.999574
-1155.3 0.999578
-1155.1 0.999578
-1154.9 0.999578
-1154.7 0.999585
-1154.5 0.999585
-1154.3 0.999585
-1154.1 0.999585
-1153.9 0.999588
-1153.7 0.999588
-1153.5 0.999588
-1153.3 0.999588
-1153.1 0.999595
-1152.9 0.999599
-1152.7 0.999599
-1152.5 0.999599
-1152.3 0.999599
-1152.1 0.999599
-1151.9 0.999599
-1151.7 0.999599
-1151.5 0.999599
-1151.3 0.999599
-1151.1 0.999599
-1150.9 0.999599
-1150.7 0.999599
-1150.5 0.999599
-1150.3 0.999599
-1150.1 0.999599
-1149.9 0.999599
-1149.7 0.999599
-1149.5 0.999599
-1149.3 0.999599
-1149.1 0.999599
-1148.9 0.999599
-1148.7 0.999599
-1148.5 0.999599
-1148.3 0.999599
-1148.1 0.999599
-1147.9 0.999599
-1147.7 0.999599
-1147.5 0.999599
-1147.3 0.999599
-1147.1 0.999599
-1146.9 0.999599
-1146.7 0.999599
-1146.5 0.999599
-1146.3 0.999599
-1146.1 0.999599
-1145.9 0.999599
-1145.7 0.999599
-1145.5 0.999599
-1145.3 0.999599
-1145.1 0.999599
-1144.9 0.999599
-1144.7 0.999599
-1144.5 0.999599
-1144.3 0.999599
-1144.1 0.999599
-1143.9 0.999599
-1143.7 0.999599
-1143.5 0.999599
-1143.3 0.999599
-1143.1 0.999599
-1142.9 0.999599
-1142.7 0.999599
-1142.5 0.999599
-1142.3 0.999599
-1142.1 0.999599
-1141.9 0.999599
-1141.7 0.999599
-1141.5 0.999599
-1141.3 0.999599
-1141.1 0.999599
-1140.9 0.999599
-1140.7 0.999599
-1140.5 0.999599
-1140.3 0.999599
-1140.1 0.999599
-1139.9 0.999599
-1139.7 0.999599
-1139.5 0.999599
-1139.3 0.999599
-1139.1 0.999599
-1138.9 0.999599
-1138.7 0.999599
-1138.5 0.999599
-1138.3 0.999599
-1138.1 0.999599
-1137.9 0.999599
-1137.7 0.999599
-1137.5 0.999599
-1137.3 0.999599
-1137.1 0.999599
-1136.9 0.999599
-1136.7 0.999599
-1136.5 0.999599
-1136.3 0.999599
-1136.1 0.999599
-1135.9 0.999599
-1135.7 0.999599
-1135.5 0.999599
-1135.3 0.999599
-1135.1 0.999599
-1134.9 0.999599
-1134.7 0.999599
-1134.5 0.999599
-1134.3 0.999599
-1134.1 0.999599
-1133.9 0.999599
-1133.7 0.999599
-1133.5 0.999599
-1133.3 0.999599
-1133.1 0.999599
-1132.9 0.999599
-1132.7 0.999599
-1132.5 0.999599
-1132.3 0.999599
-1132.1 0.999599
-1131.9 0.999599
-1131.7 0.999599
-1131.5 0.999599
-1131.3 0.999599
-1131.1 0.999599
-1130.9 0.999599
-1130.7 0.999599
-1130.5 0.999599
-1130.3 0.999599
-1130.1 0.999599
-1129.9 0.999599
-1129.7 0.999599
-1129.5 0.999599
-1129.3 0.999599
-1129.1 0.999599
-1128.9 0.999599
-1128.7 0.999599
-1128.5 0.999599
-1128.3 0.999599
-1128.1 0.999599
-1127.9 0.999599
-1127.7 0.999599
-1127.5 0.999599
-1127.3 0.999599
-1127.1 0.999599
-1126.9 0.999599
-1126.7 0.999599
-1126.5 0.999599
-1126.3 0.999599
-1126.1 0.999599
-1125.9 0.999599
-1125.7 0.999599
-1125.5 0.999599
-1125.3 0.999599
-1125.1 0.999599
-1124.9 0.999599
-1124.7 0.999599
-1124.5 0.999599
-1124.3 0.999599
-1124.1 0.999599
-1123.9 0.999599
-1123.7 0.999599
-1123.5 0.999599
-1123.3 0.999599
-1123.1 0.999599
-1122.9 0.999599
-1122.7 0.999599
-1122.5 0.999599
-1122.3 0.999599
-1122.1 0.999599
-1121.9 0.999599
-1121.7 0.999599
-1121.5 0.999599
-1121.3 0.999599
-1121.1 0.999599
-1120.9 0.999599
-1120.7 0.999599
-1120.5 0.999599
-1120.3 0.999599
-1120.1 0.999599
-1119.9 0.999599
-1119.7 0.999599
-1119.5 0.999599
-1119.3 0.999599
-1119.1 0.999599
-1118.9 0.999599
-1118.7 0.999599
-1118.5 0.999599
-1118.3 0.999599
-1118.1 0.999599
-1117.9 0.999599
-1117.7 0.999599
-1117.5 0.999599
-1117.3 0.999599
-1117.1 0.999599
-1116.9 0.999599
-1116.7 0.999599
-1116.5 0.999603
-1116.3 0.999606
-1116.1 0.999617
-1115.9 0.999627
-1115.7 0.999635
-1115.5 0.999652
-1115.3 0.999663
-1115.1 0.999666
-1114.9 0.999666
-1114.7 0.999674
-1114.5 0.999677
-1114.3 0.999677
-1114.1 0.999681
-1113.9 0.999695
-1113.7 0.999698
-1113.5 0.999705
-1113.3 0.99972
-1113.1 0.999723
-1112.9 0.999737
-1112.7 0.999741
-1112.5 0.999752
-1112.3 0.999762
-1112.1 0.999766
-1111.9 0.999773
-1111.7 0.999773
-1111.5 0.99978
-1111.3 0.999784
-1111.1 0.999791
-1110.9 0.999798
-1110.7 0.999798
-1110.5 0.999805
-1110.3 0.999808
-1110.1 0.999812
-1109.9 0.999815
-1109.7 0.999826
-1109.5 0.99983
-1109.3 0.999833
-1109.1 0.99984
-1108.9 0.99984
-1108.7 0.99984
-1108.5 0.999844
-1108.3 0.999855
-1108.1 0.999855
-1107.9 0.999855
-1107.7 0.999858
-1107.5 0.999862
-1107.3 0.999865
-1107.1 0.999865
-1106.9 0.999865
-1106.7 0.999869
-1106.5 0.999886
-1106.3 0.999894
-1106.1 0.999897
-1105.9 0.999897
-1105.7 0.999901
-1105.5 0.999908
-1105.3 0.999915
-1105.1 0.999915
-1104.9 0.999922
-1104.7 0.999925
-1104.5 0.999929
-1104.3 0.999933
-1104.1 0.999936
-1103.9 0.999936
-1103.7 0.999936
-1103.5 0.999936
-1103.3 0.99994
-1103.1 0.99994
-1102.9 0.99994
-1102.7 0.999943
-1102.5 0.999943
-1102.3 0.999943
-1102.1 0.999943
-1101.9 0.999943
-1101.7 0.999943
-1101.5 0.999947
-1101.3 0.999947
-1101.1 0.999947
-1100.9 0.999954
-1100.7 0.999957
-1100.5 0.999957
-1100.3 0.999961
-1100.1 0.999965
-1099.9 0.999965
-1099.7 0.999968
-1099.5 0.999968
-1099.3 0.999968
-1099.1 0.999972
-1098.9 0.999979
-1098.7 0.999982
-1098.5 0.999986
-1098.3 0.999986
-1098.1 0.999986
-1097.9 0.999986
-1097.7 0.999986
-1097.5 0.999986
-1097.3 0.999993
-1097.1 0.999993
-1096.9 0.999993
-1096.7 0.999993
-1096.5 0.999993
-1096.3 0.999996
-1096.1 0.999996
-1095.9 0.999996
-1095.7 0.999996
-1095.5 1
