890
-78.7 0.000542888
-78.5 0.000542888
-78.3 0.000542888
-78.1 0.000542888
-77.9 0.000542888
-77.7 0.000542888
-77.5 0.000542888
-77.3 0.000542888
-77.1 0.000542888
-76.9 0.000542888
-76.7 0.000542888
-76.5 0.000542888
-76.3 0.000542888
-76.1 0.000542888
-75.9 0.000542888
-75.7 0.000542888
-75.5 0.000542888
-75.3 0.000542888
-75.1 0.000542888
-74.9 0.000542888
-74.7 0.000542888
-74.5 0.000542888
-74.3 0.000542888
-74.1 0.000542888
-73.9 0.000542888
-73.7 0.000542888
-73.5 0.000542888
-73.3 0.000542888
-73.1 0.000542888
-72.9 0.000542888
-72.7 0.000542888
-72.5 0.000542888
-72.3 0.000542888
-72.1 0.000542888
-71.9 0.000542888
-71.7 0.000542888
-71.5 0.000542888
-71.3 0.000542888
-71.1 0.000542888
-70.9 0.000542888
-70.7 0.000542888
-70.5 0.000542888
-70.3 0.000542888
-70.1 0.000542888
-69.9 0.000542888
-69.7 0.000542888
-69.5 0.000542888
-69.3 0.000542888
-69.1 0.000542888
-68.9 0.000542888
-68.7 0.000542888
-68.5 0.000542888
-68.3 0.000542888
-68.1 0.000542888
-67.9 0.000542888
-67.7 0.000542888
-67.5 0.000542888
-67.3 0.000542888
-67.1 0.000542888
-66.9 0.000542888
-66.7 0.000542888
-66.5 0.000542888
-66.3 0.000542888
-66.1 0.000542888
-65.9 0.000542888
-65.7 0.000542888
-65.5 0.000542888
-65.3 0.000542888
-65.1 0.000542888
-64.9 0.000542888
-64.7 0.000542888
-64.5 0.000542888
-64.3 0.000542888
-64.1 0.000542888
-63.9 0.000542888
-63.7 0.000542888
-63.5 0.000542888
-63.3 0.000542888
-63.1 0.000542888
-62.9 0.000542888
-62.7 0.000542888
-62.5 0.000542888
-62.3 0.000542888
-62.1 0.000542888
-61.9 0.000542888
-61.7 0.000542888
-61.5 0.000542888
-61.3 0.000542888
-61.1 0.000542888
-60.9 0.000542888
-60.7 0.000542888
-60.5 0.000542888
-60.3 0.000542888
-60.1 0.000542888
-59.9 0.000542888
-59.7 0.000542888
-59.5 0.000542888
-59.3 0.000542888
-59.1 0.000542888
-58.9 0.000542888
-58.7 0.000542888
-58.5 0.000542888
-58.3 0.000542888
-58.1 0.000542888
-57.9 0.000542888
-57.7 0.000542888
-57.5 0.000542888
-57.3 0.000542888
-57.1 0.000542888
-56.9 0.000542888
-56.7 0.000542888
-56.5 0.000542888
-56.3 0.000542888
-56.1 0.000542888
-55.9 0.000542888
-55.7 0.000542888
-55.5 0.000542888
-55.3 0.000542888
-55.1 0.000542888
-54.9 0.000542888
-54.7 0.000542888
-54.5 0.000542888
-54.3 0.000542888
-54.1 0.000542888
-53.9 0.000542888
-53.7 0.000542888
-53.5 0.000542888
-53.3 0.000542888
-53.1 0.000542888
-52.9 0.000542888
-52.7 0.000542888
-52.5 0.000542888
-52.3 0.000542888
-52.1 0.000542888
-51.9 0.000542888
-51.7 0.000542888
-51.5 0.000542888
-51.3 0.000542888
-51.1 0.000542888
-50.9 0.000542888
-50.7 0.000542888
-50.5 0.000542888
-50.3 0.000542888
-50.1 0.000542888
-49.9 0.000542888
-49.7 0.000542888
-49.5 0.000542888
-49.3 0.000542888
-49.1 0.000542888
-48.9 0.000542888
-48.7 0.000542888
-48.5 0.000542888
-48.3 0.000542888
-48.1 0.000542888
-47.9 0.000542888
-47.7 0.000542888
-47.5 0.000542888
-47.3 0.000542888
-47.1 0.000542888
-46.9 0.000542888
-46.7 0.000542888
-46.5 0.000542888
-46.3 0.000542888
-46.1 0.000542888
-45.9 0.000542888
-45.7 0.000542888
-45.5 0.000542888
-45.3 0.000542888
-45.1 0.000542888
-44.9 0.000542888
-44.7 0.000542888
-44.5 0.000542888
-44.3 0.000542888
-44.1 0.000542888
-43.9 0.000542888
-43.7 0.000542888
-43.5 0.000542888
-43.3 0.000542888
-43.1 0.000542888
-42.9 0.000542888
-42.7 0.000542888
-42.5 0.000542888
-42.3 0.000542888
-42.1 0.000542888
-41.9 0.000542888
-41.7 0.000542888
-41.5 0.000542888
-41.3 0.000542888
-41.1 0.000542888
-40.9 0.000542888
-40.7 0.000542888
-40.5 0.000542888
-40.3 0.000542888
-40.1 0.000542888
-39.9 0.000542888
-39.7 0.000542888
-39.5 0.000542888
-39.3 0.000542888
-39.1 0.000542888
-38.9 0.000542888
-38.7 0.000542888
-38.5 0.000542888
-38.3 0.000542888
-38.1 0.000542888
-37.9 0.000542888
-37.7 0.000542888
-37.5 0.000542888
-37.3 0.000542888
-37.1 0.000542888
-36.9 0.000542888
-36.7 0.000542888
-36.5 0.000542888
-36.3 0.000542888
-36.1 0.000542888
-35.9 0.000542888
-35.7 0.000542888
-35.5 0.000542888
-35.3 0.000542888
-35.1 0.000542888
-34.9 0.000542888
-34.7 0.000542888
-34.5 0.000542888
-34.3 0.000542888
-34.1 0.000542888
-33.9 0.000542888
-33.7 0.000542888
-33.5 0.000542888
-33.3 0.000542888
-33.1 0.000542888
-32.9 0.000542888
-32.7 0.000542888
-32.5 0.000542888
-32.3 0.000542888
-32.1 0.000542888
-31.9 0.000542888
-31.7 0.000542888
-31.5 0.000542888
-31.3 0.000542888
-31.1 0.000542888
-30.9 0.000542888
-30.7 0.000542888
-30.5 0.000542888
-30.3 0.000542888
-30.1 0.000542888
-29.9 0.000542888
-29.7 0.000542888
-29.5 0.000542888
-29.3 0.000542888
-29.1 0.000542888
-28.9 0.000542888
-28.7 0.000542888
-28.5 0.000542888
-28.3 0.000542888
-28.1 0.00108578
-27.9 0.00108578
-27.7 0.00108578
-27.5 0.00108578
-27.3 0.00108578
-27.1 0.00108578
-26.9 0.00108578
-26.7 0.00162866
-26.5 0.00162866
-26.3 0.00162866
-26.1 0.00162866
-25.9 0.00162866
-25.7 0.00162866
-25.5 0.00162866
-25.3 0.00162866
-25.1 0.00162866
-24.9 0.00162866
-24.7 0.00162866
-24.5 0.00162866
-24.3 0.00162866
-24.1 0.00162866
-23.9 0.00162866
-23.7 0.00162866
-23.5 0.00162866
-23.3 0.00162866
-23.1 0.00217155
-22.9 0.00217155
-22.7 0.00271444
-22.5 0.00271444
-22.3 0.00325733
-22.1 0.00380022
-21.9 0.00380022
-21.7 0.00380022
-21.5 0.00380022
-21.3 0.00380022
-21.1 0.00488599
-20.9 0.00488599
-20.7 0.00542888
-20.5 0.00597177
-20.3 0.00597177
-20.1 0.00597177
-19.9 0.00597177
-19.7 0.00597177
-19.5 0.00705755
-19.3 0.00760043
-19.1 0.00868621
-18.9 0.0092291
-18.7 0.00977199
-18.5 0.0103149
-18.3 0.0114007
-18.1 0.0114007
-17.9 0.0119435
-17.7 0.0130293
-17.5 0.0130293
-17.3 0.0135722
-17.1 0.0135722
-16.9 0.0141151
-16.7 0.0141151
-16.5 0.0157438
-16.3 0.0157438
-16.1 0.0162866
-15.9 0.0179153
-15.7 0.0184582
-15.5 0.019544
-15.3 0.0206298
-15.1 0.0222584
-14.9 0.0222584
-14.7 0.0233442
-14.5 0.0238871
-14.3 0.0260586
-14.1 0.0282302
-13.9 0.0282302
-13.7 0.0320304
-13.5 0.0336591
-13.3 0.0352877
-13.1 0.0369164
-12.9 0.0385451
-12.7 0.0407166
-12.5 0.0412595
-12.3 0.0428882
-12.1 0.0445168
-11.9 0.0461455
-11.7 0.048317
-11.5 0.0488599
-11.3 0.0504886
-11.1 0.0510315
-10.9 0.0521173
-10.7 0.053203
-10.5 0.0570033
-10.3 0.0597177
-10.1 0.0618893
-9.9 0.0635179
-9.7 0.0651466
-9.5 0.0673181
-9.3 0.0689468
-9.1 0.0705755
-8.9 0.0732899
-8.7 0.0749186
-8.5 0.077633
-8.3 0.0792617
-8.1 0.0814332
-7.9 0.0830619
-7.7 0.0868621
-7.5 0.0895765
-7.3 0.0928339
-7.1 0.0939197
-6.9 0.0944625
-6.7 0.0966341
-6.5 0.0982628
-6.3 0.103692
-6.1 0.105863
-5.9 0.107492
-5.7 0.110749
-5.5 0.115635
-5.3 0.119978
-5.1 0.124864
-4.9 0.128664
-4.7 0.131379
-4.5 0.135179
-4.3 0.137351
-4.1 0.140608
-3.9 0.143865
-3.7 0.146037
-3.5 0.150923
-3.3 0.151466
-3.1 0.154723
-2.9 0.160152
-2.7 0.162324
-2.5 0.165038
-2.3 0.169381
-2.1 0.172638
-1.9 0.178067
-1.7 0.18241
-1.5 0.185668
-1.3 0.189468
-1.1 0.192725
-0.900002 0.196526
-0.700002 0.19924
-0.500002 0.201954
-0.300002 0.206298
-0.100002 0.207383
0.0999985 0.211726
0.299998 0.216069
0.499998 0.219327
0.699998 0.222584
0.899998 0.226927
1.1 0.229642
1.3 0.232899
1.5 0.235613
1.7 0.239957
1.9 0.243214
2.1 0.247014
2.3 0.249186
2.5 0.251357
2.7 0.253529
2.9 0.256243
3.1 0.259501
3.3 0.263844
3.5 0.268187
3.7 0.269815
3.9 0.271987
4.1 0.275787
4.3 0.278502
4.5 0.284473
4.7 0.287188
4.9 0.287188
5.1 0.289902
5.3 0.292617
5.5 0.296417
5.7 0.299674
5.9 0.304017
6.1 0.305646
6.3 0.309989
6.5 0.313246
6.7 0.315418
6.9 0.319218
7.1 0.322476
7.3 0.326819
7.5 0.331705
7.7 0.334962
7.9 0.337134
8.1 0.338762
8.3 0.340934
8.5 0.344191
8.7 0.347448
8.9 0.350706
9.1 0.352334
9.3 0.354506
9.5 0.35722
9.7 0.359392
9.9 0.362106
10.1 0.363735
10.3 0.366992
10.5 0.369707
10.7 0.372964
10.9 0.375679
11.1 0.379479
11.3 0.38165
11.5 0.388708
11.7 0.389251
11.9 0.393051
12.1 0.394137
12.3 0.396851
12.5 0.399566
12.7 0.403366
12.9 0.406623
13.1 0.409338
13.3 0.414224
13.5 0.415852
13.7 0.418567
13.9 0.419653
14.1 0.422367
14.3 0.426167
14.5 0.431596
14.7 0.435396
14.9 0.437568
15.1 0.441368
15.3 0.442454
15.5 0.444625
15.7 0.445168
15.9 0.44734
16.1 0.447883
16.3 0.448426
16.5 0.452226
16.7 0.453312
16.9 0.45494
17.1 0.458198
17.3 0.460912
17.5 0.463626
17.7 0.466341
17.9 0.470684
18.1 0.472313
18.3 0.473398
18.5 0.477742
18.7 0.47937
18.9 0.481542
19.1 0.484256
19.3 0.485342
19.5 0.486971
19.7 0.489685
19.9 0.4924
20.1 0.493485
20.3 0.497286
20.5 0.5
20.7 0.502172
20.9 0.5038
21.1 0.505972
21.3 0.508143
21.5 0.509229
21.7 0.511401
21.9 0.512486
22.1 0.514115
22.3 0.517372
22.5 0.521173
22.7 0.523344
22.9 0.52443
23.1 0.527144
23.3 0.529316
23.5 0.531488
23.7 0.535288
23.9 0.536374
24.1 0.537459
24.3 0.538545
24.5 0.539631
24.7 0.540717
24.9 0.543431
25.1 0.54506
25.3 0.546688
25.5 0.549946
25.7 0.550489
25.9 0.55266
26.1 0.554289
26.3 0.55646
26.5 0.560261
26.7 0.561889
26.9 0.564604
27.1 0.567861
27.3 0.56949
27.5 0.571118
27.7 0.57329
27.9 0.575461
28.1 0.57709
28.3 0.58089
28.5 0.583062
28.7 0.586862
28.9 0.589577
29.1 0.591748
29.3 0.592834
29.5 0.59392
29.7 0.598263
29.9 0.600977
30.1 0.60152
30.3 0.602606
30.5 0.604777
30.7 0.606406
30.9 0.610206
31.1 0.611835
31.3 0.612378
31.5 0.615092
31.7 0.61835
31.9 0.619978
32.1 0.620521
32.3 0.620521
32.5 0.624321
32.7 0.62595
32.9 0.627579
33.1 0.62975
33.3 0.631379
33.5 0.632465
33.7 0.635179
33.9 0.637894
34.1 0.640065
34.3 0.643322
34.5 0.644408
34.7 0.645494
34.9 0.647666
35.1 0.649294
35.3 0.652552
35.5 0.653094
35.7 0.655266
35.9 0.656895
36.1 0.659066
36.3 0.662324
36.5 0.663952
36.7 0.665581
36.9 0.666667
37.1 0.669924
37.3 0.672096
37.5 0.674267
37.7 0.675353
37.9 0.677524
38.1 0.677524
38.3 0.679153
38.5 0.68241
38.7 0.684582
38.9 0.686211
39.1 0.686754
39.3 0.687296
39.5 0.687839
39.7 0.692725
39.9 0.694354
40.1 0.69544
40.3 0.696526
40.5 0.698154
40.7 0.699783
40.9 0.700869
41.1 0.702497
41.3 0.706298
41.5 0.709555
41.7 0.710098
41.9 0.712812
42.1 0.713898
42.3 0.716612
42.5 0.717155
42.7 0.717698
42.9 0.719327
43.1 0.720955
43.3 0.72367
43.5 0.725299
43.7 0.728013
43.9 0.730185
44.1 0.734528
44.3 0.736699
44.5 0.737242
44.7 0.740499
44.9 0.742671
45.1 0.745385
45.3 0.7481
45.5 0.748643
45.7 0.749186
45.9 0.749729
46.1 0.749729
46.3 0.7519
46.5 0.752986
46.7 0.752986
46.9 0.754615
47.1 0.757329
47.3 0.758958
47.5 0.760586
47.7 0.762215
47.9 0.763844
48.1 0.766015
48.3 0.769273
48.5 0.771444
48.7 0.773073
48.9 0.774701
49.1 0.778502
49.3 0.78013
49.5 0.78013
49.7 0.781216
49.9 0.782845
50.1 0.783931
50.3 0.785559
50.5 0.787731
50.7 0.788274
50.9 0.788817
51.1 0.789902
51.3 0.791531
51.5 0.792617
51.7 0.793702
51.9 0.795874
52.1 0.796417
52.3 0.797503
52.5 0.798588
52.7 0.80076
52.9 0.801303
53.1 0.801303
53.3 0.803474
53.5 0.80456
53.7 0.805646
53.9 0.807818
54.1 0.809989
54.3 0.811618
54.5 0.813246
54.7 0.814875
54.9 0.817047
55.1 0.819761
55.3 0.82139
55.5 0.822476
55.7 0.823018
55.9 0.823561
56.1 0.82519
56.3 0.825733
56.5 0.827362
56.7 0.830076
56.9 0.830619
57.1 0.831705
57.3 0.83279
57.5 0.833333
57.7 0.834962
57.9 0.837134
58.1 0.838762
58.3 0.840391
58.5 0.841477
58.7 0.842562
58.9 0.843105
59.1 0.844191
59.3 0.845277
59.5 0.846906
59.7 0.849077
59.9 0.849077
60.1 0.84962
60.3 0.850706
60.5 0.851249
60.7 0.852877
60.9 0.853963
61.1 0.854506
61.3 0.856135
61.5 0.85722
61.7 0.85722
61.9 0.858849
62.1 0.859392
62.3 0.859935
62.5 0.859935
62.7 0.862106
62.9 0.863192
63.1 0.86645
63.3 0.867535
63.5 0.868621
63.7 0.869707
63.9 0.871336
64.1 0.871878
64.3 0.872964
64.5 0.87405
64.7 0.875679
64.9 0.876764
65.1 0.877307
65.3 0.878936
65.5 0.878936
65.7 0.880022
65.9 0.882193
66.1 0.883279
66.3 0.883822
66.5 0.884908
66.7 0.887622
66.9 0.890337
67.1 0.890879
67.3 0.892508
67.5 0.894137
67.7 0.895765
67.9 0.897394
68.1 0.89848
68.3 0.90228
68.5 0.904452
68.7 0.905537
68.9 0.907166
69.1 0.910423
69.3 0.910966
69.5 0.912595
69.7 0.913138
69.9 0.914224
70.1 0.915852
70.3 0.916938
70.5 0.918024
70.7 0.91911
70.9 0.91911
71.1 0.920195
71.3 0.920738
71.5 0.921281
71.7 0.921824
71.9 0.92291
72.1 0.92291
72.3 0.923453
72.5 0.924539
72.7 0.926167
72.9 0.92671
73.1 0.92671
73.3 0.928882
73.5 0.93051
73.7 0.93051
73.9 0.931053
74.1 0.932139
74.3 0.932682
74.5 0.932682
74.7 0.933768
74.9 0.935396
75.1 0.935939
75.3 0.936482
75.5 0.936482
75.7 0.937025
75.9 0.937568
76.1 0.939739
76.3 0.940282
76.5 0.940825
76.7 0.941368
76.9 0.942997
77.1 0.94354
77.3 0.945711
77.5 0.946254
77.7 0.946797
77.9 0.946797
78.1 0.946797
78.3 0.948969
78.5 0.95114
78.7 0.951683
78.9 0.951683
79.1 0.952226
79.3 0.952226
79.5 0.952769
79.7 0.953312
79.9 0.953312
80.1 0.955483
80.3 0.955483
80.5 0.956569
80.7 0.957655
80.9 0.958198
81.1 0.959283
81.3 0.959826
81.5 0.959826
81.7 0.959826
81.9 0.961455
82.1 0.962541
82.3 0.963084
82.5 0.965798
82.7 0.96797
82.9 0.968512
83.1 0.969055
83.3 0.969598
83.5 0.969598
83.7 0.970141
83.9 0.971227
84.1 0.971227
84.3 0.971227
84.5 0.972313
84.7 0.972313
84.9 0.973941
85.1 0.973941
85.3 0.974484
85.5 0.97557
85.7 0.976113
85.9 0.976113
86.1 0.976656
86.3 0.977199
86.5 0.977199
86.7 0.977742
86.9 0.977742
87.1 0.978284
87.3 0.97937
87.5 0.97937
87.7 0.979913
87.9 0.980456
88.1 0.981542
88.3 0.982085
88.5 0.982628
88.7 0.98317
88.9 0.983713
89.1 0.983713
89.3 0.983713
89.5 0.983713
89.7 0.984256
89.9 0.985342
90.1 0.985885
90.3 0.986971
90.5 0.986971
90.7 0.987514
90.9 0.987514
91.1 0.988056
91.3 0.988056
91.5 0.988599
91.7 0.988599
91.9 0.988599
92.1 0.989142
92.3 0.990228
92.5 0.990228
92.7 0.990228
92.9 0.991314
93.1 0.991314
93.3 0.991857
93.5 0.991857
93.7 0.992942
93.9 0.992942
94.1 0.992942
94.3 0.992942
94.5 0.992942
94.7 0.992942
94.9 0.992942
95.1 0.993485
95.3 0.994571
95.5 0.995657
95.7 0.995657
95.9 0.9962
96.1 0.9962
96.3 0.996743
96.5 0.996743
96.7 0.996743
96.9 0.997286
97.1 0.997828
97.3 0.997828
97.5 0.998371
97.7 0.998371
97.9 0.998371
98.1 0.998371
98.3 0.999457
98.5 0.999457
98.7 0.999457
98.9 0.999457
99.1 1
