990
-98.5 0.000542888
-98.3 0.000542888
-98.1 0.000542888
-97.9 0.000542888
-97.7 0.000542888
-97.5 0.000542888
-97.3 0.000542888
-97.1 0.000542888
-96.9 0.000542888
-96.7 0.000542888
-96.5 0.000542888
-96.3 0.000542888
-96.1 0.000542888
-95.9 0.000542888
-95.7 0.000542888
-95.5 0.000542888
-95.3 0.000542888
-95.1 0.000542888
-94.9 0.000542888
-94.7 0.000542888
-94.5 0.000542888
-94.3 0.00108578
-94.1 0.00108578
-93.9 0.00108578
-93.7 0.00108578
-93.5 0.00108578
-93.3 0.00108578
-93.1 0.00108578
-92.9 0.00108578
-92.7 0.00108578
-92.5 0.00108578
-92.3 0.00108578
-92.1 0.00108578
-91.9 0.00108578
-91.7 0.00108578
-91.5 0.00108578
-91.3 0.00108578
-91.1 0.00108578
-90.9 0.00108578
-90.7 0.00108578
-90.5 0.00108578
-90.3 0.00108578
-90.1 0.00108578
-89.9 0.00108578
-89.7 0.00108578
-89.5 0.00108578
-89.3 0.00108578
-89.1 0.00108578
-88.9 0.00108578
-88.7 0.00108578
-88.5 0.00108578
-88.3 0.00108578
-88.1 0.00108578
-87.9 0.00108578
-87.7 0.00108578
-87.5 0.00108578
-87.3 0.00108578
-87.1 0.00108578
-86.9 0.00108578
-86.7 0.00108578
-86.5 0.00108578
-86.3 0.00108578
-86.1 0.00108578
-85.9 0.00108578
-85.7 0.00108578
-85.5 0.00108578
-85.3 0.00108578
-85.1 0.00108578
-84.9 0.00108578
-84.7 0.00108578
-84.5 0.00108578
-84.3 0.00108578
-84.1 0.00108578
-83.9 0.00108578
-83.7 0.00108578
-83.5 0.00108578
-83.3 0.00108578
-83.1 0.00108578
-82.9 0.00108578
-82.7 0.00108578
-82.5 0.00108578
-82.3 0.00108578
-82.1 0.00108578
-81.9 0.00108578
-81.7 0.00108578
-81.5 0.00108578
-81.3 0.00108578
-81.1 0.00108578
-80.9 0.00108578
-80.7 0.00108578
-80.5 0.00108578
-80.3 0.00108578
-80.1 0.00108578
-79.9 0.00108578
-79.7 0.00108578
-79.5 0.00108578
-79.3 0.00108578
-79.1 0.00108578
-78.9 0.00108578
-78.7 0.00108578
-78.5 0.00108578
-78.3 0.00108578
-78.1 0.00108578
-77.9 0.00108578
-77.7 0.00108578
-77.5 0.00108578
-77.3 0.00108578
-77.1 0.00108578
-76.9 0.00108578
-76.7 0.00108578
-76.5 0.00108578
-76.3 0.00108578
-76.1 0.00108578
-75.9 0.00108578
-75.7 0.00108578
-75.5 0.00108578
-75.3 0.00108578
-75.1 0.00108578
-74.9 0.00108578
-74.7 0.00108578
-74.5 0.00108578
-74.3 0.00108578
-74.1 0.00108578
-73.9 0.00108578
-73.7 0.00108578
-73.5 0.00108578
-73.3 0.00108578
-73.1 0.00108578
-72.9 0.00108578
-72.7 0.00108578
-72.5 0.00108578
-72.3 0.00108578
-72.1 0.00108578
-71.9 0.00108578
-71.7 0.00108578
-71.5 0.00108578
-71.3 0.00108578
-71.1 0.00108578
-70.9 0.00108578
-70.7 0.00108578
-70.5 0.00108578
-70.3 0.00108578
-70.1 0.00108578
-69.9 0.00108578
-69.7 0.00108578
-69.5 0.00108578
-69.3 0.00108578
-69.1 0.00108578
-68.9 0.00108578
-68.7 0.00108578
-68.5 0.00108578
-68.3 0.00108578
-68.1 0.00108578
-67.9 0.00108578
-67.7 0.00108578
-67.5 0.00108578
-67.3 0.00108578
-67.1 0.00108578
-66.9 0.00108578
-66.7 0.00108578
-66.5 0.00108578
-66.3 0.00108578
-66.1 0.00108578
-65.9 0.00108578
-65.7 0.00108578
-65.5 0.00108578
-65.3 0.00108578
-65.1 0.00108578
-64.9 0.00108578
-64.7 0.00108578
-64.5 0.00108578
-64.3 0.00108578
-64.1 0.00108578
-63.9 0.00108578
-63.7 0.00108578
-63.5 0.00108578
-63.3 0.00108578
-63.1 0.00108578
-62.9 0.00108578
-62.7 0.00108578
-62.5 0.00108578
-62.3 0.00108578
-62.1 0.00108578
-61.9 0.00108578
-61.7 0.00108578
-61.5 0.00108578
-61.3 0.00108578
-61.1 0.00108578
-60.9 0.00108578
-60.7 0.00108578
-60.5 0.00108578
-60.3 0.00108578
-60.1 0.00162866
-59.9 0.00162866
-59.7 0.00162866
-59.5 0.00162866
-59.3 0.00162866
-59.1 0.00162866
-58.9 0.00162866
-58.7 0.00162866
-58.5 0.00162866
-58.3 0.00162866
-58.1 0.00162866
-57.9 0.00162866
-57.7 0.00162866
-57.5 0.00162866
-57.3 0.00162866
-57.1 0.00162866
-56.9 0.00162866
-56.7 0.00162866
-56.5 0.00162866
-56.3 0.00162866
-56.1 0.00162866
-55.9 0.00162866
-55.7 0.00162866
-55.5 0.00162866
-55.3 0.00162866
-55.1 0.00162866
-54.9 0.00162866
-54.7 0.00162866
-54.5 0.00162866
-54.3 0.00162866
-54.1 0.00162866
-53.9 0.00162866
-53.7 0.00162866
-53.5 0.00162866
-53.3 0.00162866
-53.1 0.00162866
-52.9 0.00162866
-52.7 0.00217155
-52.5 0.00217155
-52.3 0.00217155
-52.1 0.00217155
-51.9 0.00217155
-51.7 0.00217155
-51.5 0.00217155
-51.3 0.00217155
-51.1 0.00217155
-50.9 0.00217155
-50.7 0.00217155
-50.5 0.00217155
-50.3 0.00217155
-50.1 0.00217155
-49.9 0.00217155
-49.7 0.00217155
-49.5 0.00217155
-49.3 0.00217155
-49.1 0.00217155
-48.9 0.00217155
-48.7 0.00217155
-48.5 0.00217155
-48.3 0.00217155
-48.1 0.00217155
-47.9 0.00217155
-47.7 0.00217155
-47.5 0.00217155
-47.3 0.00217155
-47.1 0.00217155
-46.9 0.00217155
-46.7 0.00217155
-46.5 0.00217155
-46.3 0.00217155
-46.1 0.00217155
-45.9 0.00217155
-45.7 0.00217155
-45.5 0.00217155
-45.3 0.00217155
-45.1 0.00217155
-44.9 0.00217155
-44.7 0.00217155
-44.5 0.00217155
-44.3 0.00217155
-44.1 0.00217155
-43.9 0.00217155
-43.7 0.00217155
-43.5 0.00217155
-43.3 0.00217155
-43.1 0.00217155
-42.9 0.00217155
-42.7 0.00217155
-42.5 0.00217155
-42.3 0.00217155
-42.1 0.00217155
-41.9 0.00217155
-41.7 0.00217155
-41.5 0.00217155
-41.3 0.00217155
-41.1 0.00217155
-40.9 0.00217155
-40.7 0.00217155
-40.5 0.00217155
-40.3 0.00217155
-40.1 0.00217155
-39.9 0.00217155
-39.7 0.00217155
-39.5 0.00217155
-39.3 0.00217155
-39.1 0.00217155
-38.9 0.00217155
-38.7 0.00217155
-38.5 0.00217155
-38.3 0.00217155
-38.1 0.00217155
-37.9 0.00217155
-37.7 0.00217155
-37.5 0.00217155
-37.3 0.00217155
-37.1 0.00217155
-36.9 0.00217155
-36.7 0.00217155
-36.5 0.00217155
-36.3 0.00217155
-36.1 0.00217155
-35.9 0.00217155
-35.7 0.00217155
-35.5 0.00217155
-35.3 0.00217155
-35.1 0.00217155
-34.9 0.00217155
-34.7 0.00217155
-34.5 0.00217155
-34.3 0.00217155
-34.1 0.00217155
-33.9 0.00217155
-33.7 0.00217155
-33.5 0.00217155
-33.3 0.00217155
-33.1 0.00217155
-32.9 0.00217155
-32.7 0.00217155
-32.5 0.00271444
-32.3 0.00271444
-32.1 0.00271444
-31.9 0.00271444
-31.7 0.00271444
-31.5 0.00271444
-31.3 0.00271444
-31.1 0.00271444
-30.9 0.00271444
-30.7 0.00271444
-30.5 0.00271444
-30.3 0.00271444
-30.1 0.00325733
-29.9 0.00380022
-29.7 0.00380022
-29.5 0.00380022
-29.3 0.00380022
-29.1 0.00380022
-28.9 0.00380022
-28.7 0.00380022
-28.5 0.00380022
-28.3 0.00380022
-28.1 0.00380022
-27.9 0.00380022
-27.7 0.00434311
-27.5 0.00434311
-27.3 0.00434311
-27.1 0.00434311
-26.9 0.00488599
-26.7 0.00488599
-26.5 0.00488599
-26.3 0.00488599
-26.1 0.00488599
-25.9 0.00542888
-25.7 0.00651466
-25.5 0.00651466
-25.3 0.00651466
-25.1 0.00651466
-24.9 0.00651466
-24.7 0.00705755
-24.5 0.00705755
-24.3 0.00760043
-24.1 0.00760043
-23.9 0.00760043
-23.7 0.00760043
-23.5 0.00760043
-23.3 0.00814332
-23.1 0.00868621
-22.9 0.00868621
-22.7 0.00977199
-22.5 0.0103149
-22.3 0.0103149
-22.1 0.0114007
-21.9 0.0114007
-21.7 0.0124864
-21.5 0.0141151
-21.3 0.0141151
-21.1 0.0141151
-20.9 0.014658
-20.7 0.014658
-20.5 0.014658
-20.3 0.0157438
-20.1 0.0162866
-19.9 0.0173724
-19.7 0.0173724
-19.5 0.0173724
-19.3 0.0179153
-19.1 0.0179153
-18.9 0.0184582
-18.7 0.0190011
-18.5 0.0200869
-18.3 0.0206298
-18.1 0.0222584
-17.9 0.0222584
-17.7 0.0238871
-17.5 0.0238871
-17.3 0.0249729
-17.1 0.0260586
-16.9 0.0266015
-16.7 0.0282302
-16.5 0.0287731
-16.3 0.0304017
-16.1 0.0331162
-15.9 0.0352877
-15.7 0.0358306
-15.5 0.0380022
-15.3 0.0396308
-15.1 0.0407166
-14.9 0.0412595
-14.7 0.0434311
-14.5 0.0439739
-14.3 0.0445168
-14.1 0.0461455
-13.9 0.0477742
-13.7 0.048317
-13.5 0.0504886
-13.3 0.0548317
-13.1 0.0548317
-12.9 0.0575461
-12.7 0.0586319
-12.5 0.0608035
-12.3 0.0624321
-12.1 0.0651466
-11.9 0.0662324
-11.7 0.0689468
-11.5 0.0705755
-11.3 0.0716612
-11.1 0.0732899
-10.9 0.0743757
-10.7 0.0765472
-10.5 0.0792617
-10.3 0.0798046
-10.1 0.0819761
-9.9 0.0868621
-9.7 0.0895765
-9.5 0.0917481
-9.3 0.0944625
-9.1 0.0982628
-8.9 0.0998914
-8.7 0.102063
-8.5 0.108578
-8.3 0.111292
-8.1 0.112921
-7.9 0.116178
-7.7 0.118893
-7.5 0.122693
-7.3 0.126493
-7.1 0.130293
-6.9 0.133008
-6.7 0.134636
-6.5 0.136265
-6.3 0.138436
-6.1 0.144408
-5.9 0.149294
-5.7 0.150923
-5.5 0.153094
-5.3 0.15798
-5.1 0.162324
-4.9 0.163952
-4.7 0.166124
-4.5 0.169381
-4.3 0.171553
-4.1 0.173724
-3.9 0.176439
-3.7 0.178067
-3.5 0.183496
-3.3 0.190554
-3.1 0.194897
-2.9 0.195983
-2.7 0.19924
-2.5 0.204126
-2.3 0.210641
-2.1 0.212269
-1.9 0.218784
-1.7 0.224756
-1.5 0.226384
-1.3 0.229642
-1.1 0.234528
-0.900002 0.237785
-0.700002 0.243214
-0.500002 0.247557
-0.300002 0.2519
-0.100002 0.254072
0.0999985 0.2557
0.299998 0.261129
0.499998 0.263301
0.699998 0.266015
0.899998 0.268187
1.1 0.274159
1.3 0.277959
1.5 0.284473
1.7 0.288817
1.9 0.292074
2.1 0.294788
2.3 0.299674
2.5 0.302389
2.7 0.306189
2.9 0.310532
3.1 0.315418
3.3 0.318132
3.5 0.320847
3.7 0.321933
3.9 0.323561
4.1 0.327362
4.3 0.330076
4.5 0.33279
4.7 0.333876
4.9 0.337134
5.1 0.339305
5.3 0.34202
5.5 0.344734
5.7 0.349077
5.9 0.351249
6.1 0.355592
6.3 0.363192
6.5 0.365907
6.7 0.368078
6.9 0.37025
7.1 0.372964
7.3 0.376764
7.5 0.378936
7.7 0.38165
7.9 0.385451
8.1 0.389251
8.3 0.393594
8.5 0.395223
8.7 0.396851
8.9 0.39848
9.1 0.40228
9.3 0.404452
9.5 0.409881
9.7 0.411509
9.9 0.414224
10.1 0.418567
10.3 0.421281
10.5 0.425624
10.7 0.427253
10.9 0.428882
11.1 0.433768
11.3 0.437025
11.5 0.440825
11.7 0.442997
11.9 0.444625
12.1 0.446797
12.3 0.448426
12.5 0.450597
12.7 0.452226
12.9 0.454397
13.1 0.45874
13.3 0.460369
13.5 0.465798
13.7 0.467427
13.9 0.46797
14.1 0.47177
14.3 0.472856
14.5 0.476113
14.7 0.478827
14.9 0.481542
15.1 0.484256
15.3 0.485885
15.5 0.487514
15.7 0.490228
15.9 0.491857
16.1 0.492942
16.3 0.495657
16.5 0.498371
16.7 0.501629
16.9 0.503257
17.1 0.506515
17.3 0.510858
17.5 0.513572
17.7 0.516287
17.9 0.517915
18.1 0.521173
18.3 0.522801
18.5 0.526059
18.7 0.528773
18.9 0.529859
19.1 0.530945
19.3 0.534745
19.5 0.535831
19.7 0.539088
19.9 0.54126
20.1 0.546145
20.3 0.548317
20.5 0.549403
20.7 0.55266
20.9 0.554289
21.1 0.555917
21.3 0.558089
21.5 0.559718
21.7 0.562975
21.9 0.562975
22.1 0.565147
22.3 0.567318
22.5 0.572204
22.7 0.57709
22.9 0.579805
23.1 0.581976
23.3 0.585233
23.5 0.589034
23.7 0.591205
23.9 0.59392
24.1 0.597177
24.3 0.598806
24.5 0.600977
24.7 0.603149
24.9 0.604777
25.1 0.605863
25.3 0.608578
25.5 0.611292
25.7 0.614007
25.9 0.615092
26.1 0.616721
26.3 0.619435
26.5 0.621064
26.7 0.622693
26.9 0.625407
27.1 0.627036
27.3 0.62975
27.5 0.630836
27.7 0.631922
27.9 0.63355
28.1 0.634636
28.3 0.636265
28.5 0.636808
28.7 0.637894
28.9 0.640065
29.1 0.644408
29.3 0.645494
29.5 0.64658
29.7 0.648751
29.9 0.651466
30.1 0.653094
30.3 0.65418
30.5 0.655809
30.7 0.658523
30.9 0.660695
31.1 0.660695
31.3 0.662324
31.5 0.664495
31.7 0.667752
31.9 0.668295
32.1 0.668838
32.3 0.670467
32.5 0.672638
32.7 0.674267
32.9 0.676439
33.1 0.67861
33.3 0.679696
33.5 0.684039
33.7 0.685668
33.9 0.687296
34.1 0.688925
34.3 0.692182
34.5 0.693811
34.7 0.69544
34.9 0.697068
35.1 0.699783
35.3 0.70304
35.5 0.704126
35.7 0.707926
35.9 0.709012
36.1 0.710641
36.3 0.714984
36.5 0.717155
36.7 0.718241
36.9 0.720955
37.1 0.722041
37.3 0.725841
37.5 0.728013
37.7 0.728556
37.9 0.729099
38.1 0.73127
38.3 0.732899
38.5 0.735071
38.7 0.736699
38.9 0.738328
39.1 0.739414
39.3 0.741585
39.5 0.742128
39.7 0.742128
39.9 0.7443
40.1 0.7443
40.3 0.744843
40.5 0.746471
40.7 0.747014
40.9 0.751357
41.1 0.7519
41.3 0.752443
41.5 0.752986
41.7 0.7557
41.9 0.757329
42.1 0.758415
42.3 0.758958
42.5 0.760043
42.7 0.761129
42.9 0.762758
43.1 0.765472
43.3 0.769815
43.5 0.771444
43.7 0.77253
43.9 0.775244
44.1 0.775787
44.3 0.776873
44.5 0.778502
44.7 0.779045
44.9 0.780673
45.1 0.782302
45.3 0.783388
45.5 0.786645
45.7 0.788817
45.9 0.790988
46.1 0.792617
46.3 0.792617
46.5 0.79316
46.7 0.794788
46.9 0.795331
47.1 0.795331
47.3 0.795331
47.5 0.79696
47.7 0.799674
47.9 0.801846
48.1 0.804017
48.3 0.806189
48.5 0.807818
48.7 0.808903
48.9 0.809989
49.1 0.809989
49.3 0.811075
49.5 0.812161
49.7 0.815418
49.9 0.816504
50.1 0.81759
50.3 0.819761
50.5 0.821933
50.7 0.823018
50.9 0.824647
51.1 0.826276
51.3 0.827362
51.5 0.82899
51.7 0.829533
51.9 0.829533
52.1 0.830076
52.3 0.830619
52.5 0.83279
52.7 0.833876
52.9 0.835505
53.1 0.835505
53.3 0.837134
53.5 0.838219
53.7 0.839848
53.9 0.844191
54.1 0.846363
54.3 0.846906
54.5 0.847448
54.7 0.847448
54.9 0.849077
55.1 0.84962
55.3 0.851249
55.5 0.852334
55.7 0.85342
55.9 0.853963
56.1 0.855049
56.3 0.857763
56.5 0.858849
56.7 0.860478
56.9 0.861564
57.1 0.862649
57.3 0.863192
57.5 0.865364
57.7 0.865907
57.9 0.866992
58.1 0.869707
58.3 0.869707
58.5 0.87025
58.7 0.871878
58.9 0.87405
59.1 0.87405
59.3 0.874593
59.5 0.875679
59.7 0.877307
59.9 0.879479
60.1 0.880565
60.3 0.881107
60.5 0.882736
60.7 0.884908
60.9 0.887079
61.1 0.888708
61.3 0.889251
61.5 0.890337
61.7 0.890337
61.9 0.891422
62.1 0.893051
62.3 0.89468
62.5 0.895223
62.7 0.897394
62.9 0.897394
63.1 0.899566
63.3 0.900651
63.5 0.900651
63.7 0.901194
63.9 0.901737
64.1 0.903909
64.3 0.904452
64.5 0.904452
64.7 0.905537
64.9 0.907166
65.1 0.908252
65.3 0.910423
65.5 0.912052
65.7 0.913138
65.9 0.913138
66.1 0.914224
66.3 0.915309
66.5 0.915309
66.7 0.916938
66.9 0.918024
67.1 0.920195
67.3 0.920738
67.5 0.920738
67.7 0.920738
67.9 0.920738
68.1 0.920738
68.3 0.921824
68.5 0.92291
68.7 0.923453
68.9 0.923996
69.1 0.923996
69.3 0.924539
69.5 0.924539
69.7 0.924539
69.9 0.92671
70.1 0.927253
70.3 0.927796
70.5 0.929967
70.7 0.931053
70.9 0.933225
71.1 0.933768
71.3 0.934311
71.5 0.934853
71.7 0.935939
71.9 0.937025
72.1 0.937025
72.3 0.937568
72.5 0.939197
72.7 0.939197
72.9 0.940282
73.1 0.941368
73.3 0.941368
73.5 0.941368
73.7 0.94354
73.9 0.944083
74.1 0.945168
74.3 0.946254
74.5 0.946797
74.7 0.94734
74.9 0.94734
75.1 0.947883
75.3 0.948426
75.5 0.948969
75.7 0.949511
75.9 0.949511
76.1 0.950054
76.3 0.950054
76.5 0.950597
76.7 0.951683
76.9 0.952226
77.1 0.953312
77.3 0.95494
77.5 0.956569
77.7 0.95874
77.9 0.95874
78.1 0.95874
78.3 0.960369
78.5 0.961455
78.7 0.961998
78.9 0.963626
79.1 0.964712
79.3 0.965255
79.5 0.965255
79.7 0.965798
79.9 0.966341
80.1 0.966341
80.3 0.966884
80.5 0.967427
80.7 0.96797
80.9 0.968512
81.1 0.969598
81.3 0.969598
81.5 0.970684
81.7 0.970684
81.9 0.97177
82.1 0.97177
82.3 0.972313
82.5 0.972856
82.7 0.972856
82.9 0.973398
83.1 0.975027
83.3 0.975027
83.5 0.975027
83.7 0.97557
83.9 0.976113
84.1 0.976113
84.3 0.976113
84.5 0.976113
84.7 0.976113
84.9 0.976113
85.1 0.976656
85.3 0.977199
85.5 0.977199
85.7 0.977199
85.9 0.977199
86.1 0.977742
86.3 0.978284
86.5 0.97937
86.7 0.979913
86.9 0.980456
87.1 0.980456
87.3 0.980999
87.5 0.981542
87.7 0.981542
87.9 0.982628
88.1 0.98317
88.3 0.983713
88.5 0.983713
88.7 0.984256
88.9 0.984799
89.1 0.984799
89.3 0.985342
89.5 0.986971
89.7 0.986971
89.9 0.986971
90.1 0.987514
90.3 0.987514
90.5 0.987514
90.7 0.987514
90.9 0.988056
91.1 0.988599
91.3 0.988599
91.5 0.988599
91.7 0.988599
91.9 0.988599
92.1 0.989142
92.3 0.989685
92.5 0.990228
92.7 0.990771
92.9 0.990771
93.1 0.991857
93.3 0.9924
93.5 0.9924
93.7 0.992942
93.9 0.992942
94.1 0.993485
94.3 0.994028
94.5 0.994571
94.7 0.994571
94.9 0.994571
95.1 0.995114
95.3 0.995114
95.5 0.995114
95.7 0.995114
95.9 0.995657
96.1 0.995657
96.3 0.995657
96.5 0.995657
96.7 0.9962
96.9 0.9962
97.1 0.9962
97.3 0.996743
97.5 0.996743
97.7 0.997286
97.9 0.998371
98.1 0.998371
98.3 0.998371
98.5 0.999457
98.7 0.999457
98.9 0.999457
99.1 0.999457
99.3 1
