304
-42.1 0.000135483
-41.9 0.000270966
-41.7 0.000270966
-41.5 0.000541932
-41.3 0.00135483
-41.1 0.00270966
-40.9 0.00487739
-40.7 0.00650318
-40.5 0.00867091
-40.3 0.0121935
-40.1 0.0189676
-39.9 0.0261482
-39.7 0.0323804
-39.5 0.0405094
-39.3 0.0510771
-39.1 0.0604254
-38.9 0.0689608
-38.7 0.0814253
-38.5 0.0945671
-38.3 0.104999
-38.1 0.113941
-37.9 0.124509
-37.7 0.131554
-37.5 0.139818
-37.3 0.146322
-37.1 0.155805
-36.9 0.162173
-36.7 0.170438
-36.5 0.177212
-36.3 0.183308
-36.1 0.189812
-35.9 0.196721
-35.7 0.203224
-35.5 0.20905
-35.3 0.214876
-35.1 0.220024
-34.9 0.226121
-34.7 0.232082
-34.5 0.237908
-34.3 0.241973
-34.1 0.248747
-33.9 0.254844
-33.7 0.260263
-33.5 0.26636
-33.3 0.272185
-33.1 0.276927
-32.9 0.282888
-32.7 0.28763
-32.5 0.29454
-32.3 0.299688
-32.1 0.304972
-31.9 0.310392
-31.7 0.316488
-31.5 0.322856
-31.3 0.328275
-31.1 0.332882
-30.9 0.338301
-30.7 0.343314
-30.5 0.34792
-30.3 0.354017
-30.1 0.357811
-29.9 0.361062
-29.7 0.366482
-29.5 0.370952
-29.3 0.377049
-29.1 0.383688
-28.9 0.389243
-28.7 0.394933
-28.5 0.399946
-28.3 0.404959
-28.1 0.409701
-27.9 0.415391
-27.7 0.420404
-27.5 0.426094
-27.3 0.431107
-27.1 0.434765
-26.9 0.439642
-26.7 0.444113
-26.5 0.448449
-26.3 0.452107
-26.1 0.456984
-25.9 0.460913
-25.7 0.465384
-25.5 0.470803
-25.3 0.475816
-25.1 0.481371
-24.9 0.486655
-24.7 0.491532
-24.5 0.495326
-24.3 0.500203
-24.1 0.504674
-23.9 0.509687
-23.7 0.5147
-23.5 0.52039
-23.3 0.526216
-23.1 0.529739
-22.9 0.536106
-22.7 0.5399
-22.5 0.544235
-22.3 0.548706
-22.1 0.554261
-21.9 0.557242
-21.7 0.561577
-21.5 0.566319
-21.3 0.571467
-21.1 0.578241
-20.9 0.584067
-20.7 0.58908
-20.5 0.594364
-20.3 0.599377
-20.1 0.603035
-19.9 0.60737
-19.7 0.612925
-19.5 0.617261
-19.3 0.622138
-19.1 0.626609
-18.9 0.631486
-18.7 0.635822
-18.5 0.64097
-18.3 0.645983
-18.1 0.649912
-17.9 0.65506
-17.7 0.659531
-17.5 0.664409
-17.3 0.668744
-17.1 0.672809
-16.9 0.677686
-16.7 0.680396
-16.5 0.68595
-16.3 0.690286
-16.1 0.696247
-15.9 0.700718
-15.7 0.704647
-15.5 0.710744
-15.3 0.715892
-15.1 0.720905
-14.9 0.725918
-14.7 0.731066
-14.5 0.736486
-14.3 0.740821
-14.1 0.74475
-13.9 0.749356
-13.7 0.755047
-13.5 0.76006
-13.3 0.76575
-13.1 0.769408
-12.9 0.774421
-12.7 0.779027
-12.5 0.783498
-12.3 0.787292
-12.1 0.792982
-11.9 0.798537
-11.7 0.802601
-11.5 0.806395
-11.3 0.811001
-11.1 0.81493
-10.9 0.818724
-10.7 0.822517
-10.5 0.827801
-10.3 0.831595
-10.1 0.834711
-9.9 0.839046
-9.7 0.841756
-9.5 0.846091
-9.3 0.850156
-9.1 0.854085
-8.9 0.85842
-8.7 0.862349
-8.5 0.867362
-8.3 0.870749
-8.1 0.87522
-7.9 0.878743
-7.7 0.882536
-7.5 0.886601
-7.3 0.890259
-7.1 0.89351
-6.9 0.89622
-6.7 0.900149
-6.5 0.903401
-6.3 0.90611
-6.1 0.908684
-5.9 0.912207
-5.7 0.914917
-5.5 0.917897
-5.3 0.920336
-5.1 0.923723
-4.9 0.926839
-4.7 0.929278
-4.5 0.931446
-4.3 0.934155
-4.1 0.936052
-3.9 0.93822
-3.7 0.941065
-3.5 0.942691
-3.3 0.945129
-3.1 0.947704
-2.9 0.951497
-2.7 0.954342
-2.5 0.955426
-2.3 0.957187
-2.1 0.959897
-1.9 0.961794
-1.7 0.962878
-1.5 0.964503
-1.3 0.966671
-1.1 0.968026
-0.9 0.969516
-0.7 0.970329
-0.5 0.971278
-0.3 0.972497
-0.0999995 0.973581
0.1 0.9748
0.3 0.97629
0.5 0.976426
0.7 0.977239
0.9 0.978187
1.1 0.978458
1.3 0.978594
1.5 0.979
1.7 0.980355
1.9 0.981439
2.1 0.982252
2.3 0.9832
2.5 0.983878
2.7 0.98469
2.9 0.985368
3.1 0.986045
3.3 0.986723
3.5 0.987536
3.7 0.988348
3.9 0.98889
4.1 0.989297
4.3 0.990381
4.5 0.991329
4.7 0.9916
4.9 0.992007
5.1 0.992142
5.3 0.992684
5.5 0.993497
5.7 0.994174
5.9 0.994716
6.1 0.994852
6.3 0.995394
6.5 0.995936
6.7 0.996342
6.9 0.996477
7.1 0.996613
7.3 0.996748
7.5 0.996748
7.7 0.997019
7.9 0.997561
8.1 0.997697
8.3 0.997968
8.5 0.998374
8.7 0.99851
8.9 0.99851
9.1 0.99851
9.3 0.998781
9.5 0.998916
9.7 0.998916
9.9 0.998916
10.1 0.999052
10.3 0.999052
10.5 0.999187
10.7 0.999187
10.9 0.999323
11.1 0.999323
11.3 0.999323
11.5 0.999458
11.7 0.999458
11.9 0.999594
12.1 0.999594
12.3 0.999594
12.5 0.999729
12.7 0.999729
12.9 0.999729
13.1 0.999729
13.3 0.999729
13.5 0.999729
13.7 0.999729
13.9 0.999865
14.1 0.999865
14.3 0.999865
14.5 0.999865
14.7 0.999865
14.9 0.999865
15.1 0.999865
15.3 0.999865
15.5 0.999865
15.7 0.999865
15.9 0.999865
16.1 0.999865
16.3 0.999865
16.5 0.999865
16.7 0.999865
16.9 0.999865
17.1 0.999865
17.3 0.999865
17.5 0.999865
17.7 0.999865
17.9 0.999865
18.1 0.999865
18.3 0.999865
18.5 1
