882
-997.5 0.000348797
-997.3 0.000348797
-997.1 0.000348797
-996.9 0.00104639
-996.7 0.00104639
-996.5 0.00104639
-996.3 0.00104639
-996.1 0.00104639
-995.9 0.00104639
-995.7 0.00104639
-995.5 0.00174398
-995.3 0.00279037
-995.1 0.00383676
-994.9 0.00418556
-994.7 0.00488315
-994.5 0.00592954
-994.3 0.00697593
-994.1 0.00767353
-993.9 0.00802232
-993.7 0.00906871
-993.5 0.00976631
-993.3 0.0118591
-993.1 0.0118591
-992.9 0.0125567
-992.7 0.0146495
-992.5 0.017091
-992.3 0.018835
-992.1 0.020579
-991.9 0.0230206
-991.7 0.0265085
-991.5 0.0286013
-991.3 0.0310429
-991.1 0.0352285
-990.9 0.0380188
-990.7 0.041158
-990.5 0.0442972
-990.3 0.0491803
-990.1 0.0519707
-989.9 0.0565051
-989.7 0.0613882
-989.5 0.065225
-989.3 0.0718521
-989.1 0.0746425
-988.9 0.0784792
-988.7 0.0847576
-988.5 0.0896407
-988.3 0.0948727
-988.1 0.0983607
-987.9 0.102197
-987.7 0.105685
-987.5 0.107429
-987.3 0.112313
-987.1 0.117544
-986.9 0.120335
-986.7 0.12452
-986.5 0.128706
-986.3 0.131496
-986.1 0.133938
-985.9 0.135333
-985.7 0.137775
-985.5 0.142658
-985.3 0.143355
-985.1 0.146843
-984.9 0.148936
-984.7 0.152075
-984.5 0.156261
-984.3 0.1594
-984.1 0.162888
-983.9 0.16533
-983.7 0.167771
-983.5 0.17091
-983.3 0.172654
-983.1 0.17684
-982.9 0.179979
-982.7 0.183467
-982.5 0.188001
-982.3 0.190094
-982.1 0.19428
-981.9 0.196721
-981.7 0.200209
-981.5 0.204046
-981.3 0.207185
-981.1 0.208929
-980.9 0.210673
-980.7 0.213464
-980.5 0.215556
-980.3 0.216254
-980.1 0.217998
-979.9 0.219742
-979.7 0.221835
-979.5 0.224625
-979.3 0.226369
-979.1 0.230555
-978.9 0.23474
-978.7 0.238577
-978.5 0.239623
-978.3 0.24346
-978.1 0.247297
-977.9 0.249041
-977.7 0.251482
-977.5 0.253226
-977.3 0.254622
-977.1 0.256366
-976.9 0.258807
-976.7 0.261946
-976.5 0.265085
-976.3 0.267876
-976.1 0.272759
-975.9 0.275549
-975.7 0.276945
-975.5 0.279735
-975.3 0.281479
-975.1 0.285316
-974.9 0.28985
-974.7 0.291943
-974.5 0.293338
-974.3 0.296826
-974.1 0.299268
-973.9 0.302407
-973.7 0.304151
-973.5 0.306243
-973.3 0.309731
-973.1 0.311475
-972.9 0.314266
-972.7 0.315312
-972.5 0.317405
-972.3 0.319498
-972.1 0.321939
-971.9 0.324381
-971.7 0.328566
-971.5 0.331357
-971.3 0.335542
-971.1 0.338333
-970.9 0.342867
-970.7 0.346006
-970.5 0.34775
-970.3 0.350541
-970.1 0.352633
-969.9 0.357168
-969.7 0.360307
-969.5 0.362749
-969.3 0.367632
-969.1 0.370422
-968.9 0.371468
-968.7 0.375654
-968.5 0.377747
-968.3 0.37984
-968.1 0.381584
-967.9 0.384374
-967.7 0.388211
-967.5 0.39135
-967.3 0.392396
-967.1 0.395884
-966.9 0.398326
-966.7 0.401465
-966.5 0.402511
-966.3 0.404604
-966.1 0.405999
-965.9 0.407743
-965.7 0.409836
-965.5 0.41158
-965.3 0.41437
-965.1 0.416114
-964.9 0.418207
-964.7 0.4203
-964.5 0.422393
-964.3 0.424137
-964.1 0.42623
-963.9 0.426927
-963.7 0.427625
-963.5 0.430764
-963.3 0.432508
-963.1 0.433903
-962.9 0.435996
-962.7 0.438786
-962.5 0.441228
-962.3 0.444367
-962.1 0.445762
-961.9 0.447855
-961.7 0.449599
-961.5 0.450645
-961.3 0.453436
-961.1 0.456226
-960.9 0.458319
-960.7 0.461109
-960.5 0.4639
-960.3 0.467039
-960.1 0.469829
-959.9 0.472271
-959.7 0.474712
-959.5 0.477154
-959.3 0.479247
-959.1 0.482735
-958.9 0.485176
-958.7 0.488315
-958.5 0.490408
-958.3 0.493198
-958.1 0.494594
-957.9 0.49564
-957.7 0.497384
-957.5 0.498779
-957.3 0.500174
-957.1 0.502965
-956.9 0.505406
-956.7 0.507848
-956.5 0.508894
-956.3 0.510987
-956.1 0.513777
-955.9 0.517265
-955.7 0.520056
-955.5 0.521451
-955.3 0.522497
-955.1 0.524241
-954.9 0.525288
-954.7 0.528078
-954.5 0.530171
-954.3 0.53052
-954.1 0.532612
-953.9 0.535752
-953.7 0.538542
-953.5 0.541681
-953.3 0.54203
-953.1 0.544123
-952.9 0.546564
-952.7 0.547611
-952.5 0.548657
-952.3 0.553191
-952.1 0.556331
-951.9 0.558075
-951.7 0.560516
-951.5 0.562609
-951.3 0.564353
-951.1 0.565748
-950.9 0.566097
-950.7 0.567143
-950.5 0.568539
-950.3 0.568887
-950.1 0.570631
-949.9 0.572724
-949.7 0.573073
-949.5 0.575166
-949.3 0.578305
-949.1 0.581444
-948.9 0.583537
-948.7 0.585978
-948.5 0.587025
-948.3 0.589118
-948.1 0.59121
-947.9 0.592257
-947.7 0.595047
-947.5 0.595745
-947.3 0.59714
-947.1 0.598535
-946.9 0.601325
-946.7 0.603767
-946.5 0.606557
-946.3 0.607953
-946.1 0.611441
-945.9 0.612487
-945.7 0.613882
-945.5 0.614231
-945.3 0.61737
-945.1 0.619463
-944.9 0.6233
-944.7 0.626788
-944.5 0.630276
-944.3 0.632368
-944.1 0.632717
-943.9 0.636205
-943.7 0.638647
-943.5 0.640739
-943.3 0.642832
-943.1 0.644925
-942.9 0.647367
-942.7 0.649459
-942.5 0.650157
-942.3 0.65225
-942.1 0.654343
-941.9 0.655738
-941.7 0.65783
-941.5 0.659574
-941.3 0.662365
-941.1 0.665155
-940.9 0.66655
-940.7 0.668294
-940.5 0.671434
-940.3 0.672829
-940.1 0.673178
-939.9 0.675619
-939.7 0.675968
-939.5 0.679107
-939.3 0.6812
-939.1 0.682944
-938.9 0.684688
-938.7 0.685734
-938.5 0.688873
-938.3 0.690966
-938.1 0.69271
-937.9 0.694803
-937.7 0.695849
-937.5 0.696896
-937.3 0.696896
-937.1 0.700035
-936.9 0.702476
-936.7 0.703872
-936.5 0.704918
-936.3 0.707011
-936.1 0.709452
-935.9 0.712592
-935.7 0.713987
-935.5 0.715033
-935.3 0.717126
-935.1 0.717475
-934.9 0.719916
-934.7 0.722358
-934.5 0.723753
-934.3 0.725497
-934.1 0.728636
-933.9 0.730729
-933.7 0.733171
-933.5 0.734915
-933.3 0.735961
-933.1 0.737705
-932.9 0.7391
-932.7 0.740495
-932.5 0.741193
-932.3 0.741542
-932.1 0.742239
-931.9 0.743634
-931.7 0.744332
-931.5 0.746425
-931.3 0.748866
-931.1 0.749215
-930.9 0.751308
-930.7 0.75375
-930.5 0.755842
-930.3 0.75654
-930.1 0.758633
-929.9 0.75933
-929.7 0.761074
-929.5 0.764562
-929.3 0.766655
-929.1 0.767701
-928.9 0.768748
-928.7 0.770143
-928.5 0.770841
-928.3 0.772933
-928.1 0.775375
-927.9 0.776073
-927.7 0.77677
-927.5 0.778165
-927.3 0.779561
-927.1 0.780956
-926.9 0.7827
-926.7 0.784444
-926.5 0.787932
-926.3 0.789327
-926.1 0.790722
-925.9 0.79142
-925.7 0.792466
-925.5 0.793164
-925.3 0.793861
-925.1 0.795605
-924.9 0.796303
-924.7 0.797698
-924.5 0.799791
-924.3 0.800488
-924.1 0.801884
-923.9 0.80293
-923.7 0.804325
-923.5 0.805371
-923.3 0.806418
-923.1 0.807813
-922.9 0.809208
-922.7 0.811301
-922.5 0.812347
-922.3 0.813045
-922.1 0.81444
-921.9 0.815138
-921.7 0.816882
-921.5 0.818626
-921.3 0.820719
-921.1 0.82316
-920.9 0.826648
-920.7 0.827694
-920.5 0.828741
-920.3 0.829787
-920.1 0.831531
-919.9 0.832578
-919.7 0.83467
-919.5 0.835717
-919.3 0.837461
-919.1 0.839902
-918.9 0.840251
-918.7 0.841298
-918.5 0.842344
-918.3 0.843739
-918.1 0.845483
-917.9 0.846878
-917.7 0.84932
-917.5 0.850366
-917.3 0.852808
-917.1 0.853854
-916.9 0.854901
-916.7 0.855598
-916.5 0.856993
-916.3 0.859435
-916.1 0.860481
-915.9 0.862574
-915.7 0.862923
-915.5 0.863969
-915.3 0.863969
-915.1 0.865713
-914.9 0.869201
-914.7 0.871294
-914.5 0.872689
-914.3 0.873038
-914.1 0.874782
-913.9 0.875828
-913.7 0.876177
-913.5 0.877572
-913.3 0.878619
-913.1 0.880014
-912.9 0.88106
-912.7 0.882456
-912.5 0.883851
-912.3 0.885595
-912.1 0.88699
-911.9 0.888734
-911.7 0.890129
-911.5 0.891873
-911.3 0.893617
-911.1 0.893617
-910.9 0.893966
-910.7 0.894315
-910.5 0.895012
-910.3 0.896059
-910.1 0.897105
-909.9 0.898849
-909.7 0.899895
-909.5 0.901291
-909.3 0.903035
-909.1 0.903383
-908.9 0.905127
-908.7 0.906174
-908.5 0.90722
-908.3 0.91001
-908.1 0.91315
-907.9 0.914196
-907.7 0.914894
-907.5 0.91594
-907.3 0.916638
-907.1 0.916986
-906.9 0.91873
-906.7 0.921172
-906.5 0.922218
-906.3 0.922916
-906.1 0.923962
-905.9 0.925358
-905.7 0.926055
-905.5 0.926404
-905.3 0.92745
-905.1 0.928148
-904.9 0.929194
-904.7 0.930589
-904.5 0.931287
-904.3 0.931985
-904.1 0.931985
-903.9 0.933031
-903.7 0.934077
-903.5 0.934077
-903.3 0.934775
-903.1 0.935473
-902.9 0.93617
-902.7 0.937217
-902.5 0.939309
-902.3 0.939658
-902.1 0.940007
-901.9 0.940356
-901.7 0.940705
-901.5 0.941053
-901.3 0.942449
-901.1 0.942449
-900.9 0.943844
-900.7 0.944541
-900.5 0.94489
-900.3 0.945239
-900.1 0.945588
-899.9 0.945588
-899.7 0.946983
-899.5 0.946983
-899.3 0.947332
-899.1 0.947681
-898.9 0.947681
-898.7 0.947681
-898.5 0.948029
-898.3 0.948029
-898.1 0.948727
-897.9 0.949424
-897.7 0.950122
-897.5 0.95082
-897.3 0.951517
-897.1 0.952215
-896.9 0.952564
-896.7 0.952912
-896.5 0.953261
-896.3 0.953959
-896.1 0.954308
-895.9 0.954308
-895.7 0.954308
-895.5 0.954308
-895.3 0.955005
-895.1 0.955354
-894.9 0.955354
-894.7 0.956052
-894.5 0.956749
-894.3 0.957447
-894.1 0.957796
-893.9 0.958144
-893.7 0.958493
-893.5 0.959191
-893.3 0.959888
-893.1 0.960237
-892.9 0.960935
-892.7 0.961632
-892.5 0.961632
-892.3 0.961632
-892.1 0.961632
-891.9 0.961981
-891.7 0.961981
-891.5 0.962679
-891.3 0.963376
-891.1 0.964423
-890.9 0.964772
-890.7 0.964772
-890.5 0.965818
-890.3 0.966516
-890.1 0.966516
-889.9 0.966864
-889.7 0.966864
-889.5 0.967213
-889.3 0.967911
-889.1 0.96826
-888.9 0.968608
-888.7 0.970003
-888.5 0.970352
-888.3 0.970352
-888.1 0.970701
-887.9 0.97105
-887.7 0.97105
-887.5 0.972096
-887.3 0.972445
-887.1 0.972794
-886.9 0.972794
-886.7 0.973143
-886.5 0.973143
-886.3 0.973491
-886.1 0.97384
-885.9 0.97384
-885.7 0.974189
-885.5 0.974189
-885.3 0.974189
-885.1 0.975584
-884.9 0.975933
-884.7 0.976282
-884.5 0.976631
-884.3 0.976979
-884.1 0.977328
-883.9 0.977328
-883.7 0.977677
-883.5 0.977677
-883.3 0.978026
-883.1 0.978026
-882.9 0.978026
-882.7 0.978026
-882.5 0.978723
-882.3 0.979072
-882.1 0.979072
-881.9 0.979072
-881.7 0.979072
-881.5 0.979072
-881.3 0.97977
-881.1 0.980119
-880.9 0.980816
-880.7 0.980816
-880.5 0.980816
-880.3 0.980816
-880.1 0.980816
-879.9 0.980816
-879.7 0.980816
-879.5 0.981165
-879.3 0.981165
-879.1 0.981165
-878.9 0.981514
-878.7 0.981863
-878.5 0.981863
-878.3 0.981863
-878.1 0.981863
-877.9 0.982211
-877.7 0.982909
-877.5 0.983258
-877.3 0.983258
-877.1 0.983607
-876.9 0.983607
-876.7 0.983607
-876.5 0.983607
-876.3 0.983955
-876.1 0.983955
-875.9 0.984304
-875.7 0.985351
-875.5 0.985699
-875.3 0.986048
-875.1 0.986048
-874.9 0.986397
-874.7 0.987095
-874.5 0.987095
-874.3 0.987095
-874.1 0.987095
-873.9 0.987792
-873.7 0.98849
-873.5 0.98849
-873.3 0.989187
-873.1 0.989187
-872.9 0.989187
-872.7 0.989536
-872.5 0.989885
-872.3 0.989885
-872.1 0.989885
-871.9 0.990234
-871.7 0.990582
-871.5 0.990582
-871.3 0.990582
-871.1 0.990582
-870.9 0.990582
-870.7 0.990931
-870.5 0.990931
-870.3 0.990931
-870.1 0.990931
-869.9 0.990931
-869.7 0.99128
-869.5 0.99128
-869.3 0.991629
-869.1 0.991629
-868.9 0.991629
-868.7 0.991629
-868.5 0.991629
-868.3 0.991629
-868.1 0.991978
-867.9 0.991978
-867.7 0.991978
-867.5 0.991978
-867.3 0.991978
-867.1 0.991978
-866.9 0.991978
-866.7 0.992326
-866.5 0.992326
-866.3 0.992675
-866.1 0.992675
-865.9 0.993024
-865.7 0.993024
-865.5 0.993024
-865.3 0.993373
-865.1 0.993373
-864.9 0.993373
-864.7 0.993373
-864.5 0.993373
-864.3 0.993373
-864.1 0.993373
-863.9 0.993373
-863.7 0.993373
-863.5 0.993373
-863.3 0.993373
-863.1 0.993373
-862.9 0.993373
-862.7 0.993373
-862.5 0.993373
-862.3 0.993373
-862.1 0.993373
-861.9 0.993373
-861.7 0.993373
-861.5 0.993373
-861.3 0.993722
-861.1 0.993722
-860.9 0.993722
-860.7 0.993722
-860.5 0.993722
-860.3 0.993722
-860.1 0.993722
-859.9 0.99407
-859.7 0.99407
-859.5 0.994419
-859.3 0.994419
-859.1 0.994419
-858.9 0.994419
-858.7 0.995117
-858.5 0.995117
-858.3 0.995117
-858.1 0.995117
-857.9 0.995466
-857.7 0.995466
-857.5 0.995466
-857.3 0.995466
-857.1 0.995814
-856.9 0.995814
-856.7 0.995814
-856.5 0.996163
-856.3 0.996163
-856.1 0.996512
-855.9 0.996861
-855.7 0.99721
-855.5 0.99721
-855.3 0.99721
-855.1 0.99721
-854.9 0.99721
-854.7 0.99721
-854.5 0.99721
-854.3 0.99721
-854.1 0.99721
-853.9 0.99721
-853.7 0.99721
-853.5 0.99721
-853.3 0.99721
-853.1 0.99721
-852.9 0.99721
-852.7 0.99721
-852.5 0.99721
-852.3 0.997558
-852.1 0.997558
-851.9 0.997558
-851.7 0.997558
-851.5 0.997558
-851.3 0.997558
-851.1 0.997558
-850.9 0.997558
-850.7 0.997558
-850.5 0.997907
-850.3 0.997907
-850.1 0.997907
-849.9 0.997907
-849.7 0.997907
-849.5 0.997907
-849.3 0.997907
-849.1 0.997907
-848.9 0.997907
-848.7 0.997907
-848.5 0.997907
-848.3 0.997907
-848.1 0.997907
-847.9 0.997907
-847.7 0.997907
-847.5 0.997907
-847.3 0.997907
-847.1 0.997907
-846.9 0.998256
-846.7 0.998256
-846.5 0.998256
-846.3 0.998256
-846.1 0.998256
-845.9 0.998256
-845.7 0.998256
-845.5 0.998256
-845.3 0.998256
-845.1 0.998256
-844.9 0.998256
-844.7 0.998256
-844.5 0.998256
-844.3 0.998256
-844.1 0.998256
-843.9 0.998256
-843.7 0.998256
-843.5 0.998256
-843.3 0.998256
-843.1 0.998256
-842.9 0.998256
-842.7 0.998256
-842.5 0.998256
-842.3 0.998256
-842.1 0.998256
-841.9 0.998256
-841.7 0.998256
-841.5 0.998256
-841.3 0.998256
-841.1 0.998256
-840.9 0.998256
-840.7 0.998256
-840.5 0.998256
-840.3 0.998256
-840.1 0.998256
-839.9 0.998256
-839.7 0.998256
-839.5 0.998256
-839.3 0.998256
-839.1 0.998256
-838.9 0.998256
-838.7 0.998256
-838.5 0.998605
-838.3 0.998605
-838.1 0.998605
-837.9 0.998605
-837.7 0.998605
-837.5 0.998605
-837.3 0.998605
-837.1 0.998605
-836.9 0.998605
-836.7 0.998605
-836.5 0.998605
-836.3 0.998605
-836.1 0.998605
-835.9 0.998605
-835.7 0.998605
-835.5 0.998605
-835.3 0.998605
-835.1 0.998605
-834.9 0.998605
-834.7 0.998605
-834.5 0.998605
-834.3 0.998605
-834.1 0.998605
-833.9 0.998605
-833.7 0.998605
-833.5 0.998605
-833.3 0.998605
-833.1 0.998605
-832.9 0.998605
-832.7 0.999302
-832.5 0.999302
-832.3 0.999302
-832.1 0.999302
-831.9 0.999302
-831.7 0.999302
-831.5 0.999302
-831.3 0.999302
-831.1 0.999302
-830.9 0.999302
-830.7 0.999302
-830.5 0.999302
-830.3 0.999302
-830.1 0.999302
-829.9 0.999302
-829.7 0.999302
-829.5 0.999302
-829.3 0.999302
-829.1 0.999302
-828.9 0.999302
-828.7 0.999302
-828.5 0.999302
-828.3 0.999302
-828.1 0.999302
-827.9 0.999302
-827.7 0.999302
-827.5 0.999302
-827.3 0.999302
-827.1 0.999302
-826.9 0.999302
-826.7 0.999302
-826.5 0.999302
-826.3 0.999302
-826.1 0.999302
-825.9 0.999302
-825.7 0.999302
-825.5 0.999302
-825.3 0.999302
-825.1 0.999302
-824.9 0.999302
-824.7 0.999302
-824.5 0.999302
-824.3 0.999302
-824.1 0.999651
-823.9 0.999651
-823.7 0.999651
-823.5 0.999651
-823.3 0.999651
-823.1 0.999651
-822.9 0.999651
-822.7 0.999651
-822.5 0.999651
-822.3 0.999651
-822.1 0.999651
-821.9 0.999651
-821.7 0.999651
-821.5 0.999651
-821.3 1
