-99.9 0
-99.7 0
-99.5 0
-99.3 0
-99.1 0
-98.9 0
-98.7 0
-98.5 0
-98.3 0
-98.1 0
-97.9 0
-97.7 0
-97.5 0
-97.3 0
-97.1 0
-96.9 0
-96.7 0
-96.5 0
-96.3 0
-96.1 0
-95.9 0
-95.7 0
-95.5 0
-95.3 0
-95.1 0
-94.9 0
-94.7 0
-94.5 0
-94.3 0
-94.1 0
-93.9 0
-93.7 0
-93.5 0
-93.3 0
-93.1 0
-92.9 0
-92.7 0
-92.5 0
-92.3 0
-92.1 0
-91.9 0
-91.7 0
-91.5 0
-91.3 0
-91.1 0
-90.9 0
-90.7 0
-90.5 0
-90.3 0
-90.1 0
-89.9 0
-89.7 0
-89.5 0
-89.3 0
-89.1 0
-88.9 0
-88.7 0
-88.5 0
-88.3 0
-88.1 0
-87.9 0
-87.7 0
-87.5 0
-87.3 0
-87.1 0
-86.9 0
-86.7 0
-86.5 0
-86.3 0
-86.1 0
-85.9 0
-85.7 0
-85.5 0
-85.3 0
-85.1 0
-84.9 0
-84.7 0
-84.5 0
-84.3 0
-84.1 0
-83.9 0
-83.7 0
-83.5 0
-83.3 0
-83.1 0
-82.9 0
-82.7 0
-82.5 0
-82.3 0
-82.1 0
-81.9 0
-81.7 0
-81.5 0
-81.3 0
-81.1 0
-80.9 0
-80.7 0
-80.5 0
-80.3 0
-80.1 0
-79.9 0
-79.7 0
-79.5 0
-79.3 0
-79.1 0
-78.9 0
-78.7 0
-78.5 0
-78.3 0
-78.1 0
-77.9 0
-77.7 0
-77.5 0
-77.3 0
-77.1 0
-76.9 0
-76.7 0
-76.5 0
-76.3 0
-76.1 0
-75.9 0
-75.7 0
-75.5 0
-75.3 0
-75.1 0
-74.9 0
-74.7 0
-74.5 0
-74.3 0
-74.1 0
-73.9 0
-73.7 0
-73.5 0
-73.3 0
-73.1 0
-72.9 0
-72.7 0
-72.5 0
-72.3 0
-72.1 0
-71.9 0
-71.7 0
-71.5 0
-71.3 0
-71.1 0
-70.9 0
-70.7 0
-70.5 0
-70.3 0
-70.1 0
-69.9 0
-69.7 0
-69.5 0
-69.3 0
-69.1 0
-68.9 0
-68.7 0
-68.5 0
-68.3 0
-68.1 0
-67.9 0
-67.7 0
-67.5 0
-67.3 0
-67.1 0
-66.9 0
-66.7 0
-66.5 0
-66.3 0
-66.1 0
-65.9 0
-65.7 0
-65.5 0
-65.3 0
-65.1 0
-64.9 0
-64.7 0
-64.5 0
-64.3 0
-64.1 0
-63.9 0
-63.7 0
-63.5 0
-63.3 0
-63.1 0
-62.9 0
-62.7 0
-62.5 0
-62.3 0
-62.1 0
-61.9 0
-61.7 0
-61.5 0
-61.3 0
-61.1 0
-60.9 0
-60.7 0
-60.5 0
-60.3 0
-60.1 0
-59.9 0
-59.7 0
-59.5 0
-59.3 0
-59.1 0
-58.9 0
-58.7 0
-58.5 0
-58.3 0
-58.1 0
-57.9 0
-57.7 0
-57.5 0
-57.3 0
-57.1 0
-56.9 0
-56.7 0
-56.5 0
-56.3 0
-56.1 0
-55.9 0
-55.7 0
-55.5 0
-55.3 0
-55.1 0
-54.9 0
-54.7 0
-54.5 0
-54.3 0
-54.1 0
-53.9 0
-53.7 0
-53.5 0
-53.3 0
-53.1 0
-52.9 0
-52.7 0
-52.5 0
-52.3 0
-52.1 0
-51.9 0
-51.7 0
-51.5 0
-51.3 0
-51.1 0
-50.9 3
-50.7 11
-50.5 25
-50.3 49
-50.1 110
-49.9 178
-49.7 252
-49.5 276
-49.3 243
-49.1 236
-48.9 217
-48.7 171
-48.5 139
-48.3 124
-48.1 106
-47.9 124
-47.7 103
-47.5 108
-47.3 105
-47.1 93
-46.9 102
-46.7 105
-46.5 72
-46.3 95
-46.1 105
-45.9 91
-45.7 83
-45.5 87
-45.3 93
-45.1 105
-44.9 117
-44.7 84
-44.5 85
-44.3 102
-44.1 91
-43.9 84
-43.7 86
-43.5 90
-43.3 83
-43.1 87
-42.9 79
-42.7 83
-42.5 80
-42.3 85
-42.1 90
-41.9 73
-41.7 75
-41.5 87
-41.3 96
-41.1 74
-40.9 80
-40.7 81
-40.5 104
-40.3 111
-40.1 82
-39.9 83
-39.7 87
-39.5 76
-39.3 73
-39.1 94
-38.9 79
-38.7 99
-38.5 90
-38.3 102
-38.1 79
-37.9 83
-37.7 98
-37.5 76
-37.3 100
-37.1 96
-36.9 87
-36.7 94
-36.5 79
-36.3 90
-36.1 88
-35.9 76
-35.7 104
-35.5 95
-35.3 99
-35.1 86
-34.9 103
-34.7 92
-34.5 78
-34.3 74
-34.1 105
-33.9 81
-33.7 89
-33.5 76
-33.3 78
-33.1 79
-32.9 86
-32.7 104
-32.5 86
-32.3 96
-32.1 81
-31.9 85
-31.7 83
-31.5 68
-31.3 76
-31.1 94
-30.9 63
-30.7 83
-30.5 80
-30.3 76
-30.1 54
-29.9 65
-29.7 66
-29.5 61
-29.3 55
-29.1 56
-28.9 55
-28.7 47
-28.5 42
-28.3 39
-28.1 32
-27.9 41
-27.7 35
-27.5 32
-27.3 23
-27.1 26
-26.9 20
-26.7 20
-26.5 18
-26.3 8
-26.1 16
-25.9 6
-25.7 7
-25.5 1
-25.3 5
-25.1 5
-24.9 0
-24.7 0
-24.5 0
-24.3 0
-24.1 1
-23.9 0
-23.7 0
-23.5 0
-23.3 1
-23.1 0
-22.9 0
-22.7 0
-22.5 0
-22.3 0
-22.1 0
-21.9 0
-21.7 0
-21.5 0
-21.3 0
-21.1 0
-20.9 0
-20.7 0
-20.5 0
-20.3 0
-20.1 0
-19.9 0
-19.7 0
-19.5 0
-19.3 0
-19.1 0
-18.9 0
-18.7 0
-18.5 0
-18.3 0
-18.1 0
-17.9 0
-17.7 0
-17.5 0
-17.3 0
-17.1 0
-16.9 0
-16.7 0
-16.5 0
-16.3 0
-16.1 0
-15.9 0
-15.7 0
-15.5 0
-15.3 0
-15.1 0
-14.9 0
-14.7 0
-14.5 0
-14.3 0
-14.1 0
-13.9 0
-13.7 0
-13.5 0
-13.3 0
-13.1 0
-12.9 0
-12.7 0
-12.5 0
-12.3 0
-12.1 0
-11.9 0
-11.7 0
-11.5 0
-11.3 0
-11.1 0
-10.9 0
-10.7 0
-10.5 0
-10.3 0
-10.1 0
-9.9 0
-9.7 0
-9.5 0
-9.3 0
-9.1 0
-8.9 0
-8.7 0
-8.5 0
-8.3 0
-8.1 0
-7.9 0
-7.7 0
-7.5 0
-7.3 0
-7.1 0
-6.9 0
-6.7 0
-6.5 0
-6.3 0
-6.1 0
-5.9 0
-5.7 0
-5.5 0
-5.3 0
-5.1 0
-4.9 0
-4.7 0
-4.5 0
-4.3 0
-4.1 0
-3.9 0
-3.7 0
-3.5 0
-3.3 0
-3.1 0
-2.9 0
-2.7 0
-2.5 0
-2.3 0
-2.1 0
-1.9 0
-1.7 0
-1.5 0
-1.3 0
-1.1 0
-0.9 0
-0.7 0
-0.5 0
-0.3 0
-0.1 0
0.1 0
0.3 0
0.5 0
0.7 0
0.9 0
1.1 0
1.3 0
1.5 0
1.7 0
1.9 0
2.1 0
2.3 0
2.5 0
2.7 0
2.9 0
3.1 0
3.3 0
3.5 0
3.7 0
3.9 0
4.1 0
4.3 0
4.5 0
4.7 0
4.9 0
5.1 0
5.3 0
5.5 0
5.7 0
5.9 0
6.1 0
6.3 0
6.5 1
6.7 0
6.9 0
7.1 0
7.3 0
7.5 0
7.7 0
7.9 0
8.1 0
8.3 0
8.5 0
8.7 0
8.9 0
9.1 0
9.3 0
9.5 0
9.7 0
9.9 0
10.1 0
10.3 0
10.5 0
10.7 0
10.9 0
11.1 0
11.3 0
11.5 0
11.7 0
11.9 0
12.1 0
12.3 0
12.5 0
12.7 0
12.9 0
13.1 0
13.3 0
13.5 0
13.7 0
13.9 0
14.1 0
14.3 0
14.5 0
14.7 0
14.9 0
15.1 0
15.3 0
15.5 0
15.7 0
15.9 0
16.1 0
16.3 0
16.5 0
16.7 0
16.9 0
17.1 0
17.3 0
17.5 0
17.7 0
17.9 0
18.1 0
18.3 0
18.5 0
18.7 0
18.9 0
19.1 0
19.3 0
19.5 0
19.7 0
19.9 0
20.1 0
20.3 0
20.5 0
20.7 0
20.9 0
21.1 0
21.3 0
21.5 0
21.7 0
21.9 0
22.1 0
22.3 0
22.5 0
22.7 0
22.9 0
23.1 0
23.3 0
23.5 0
23.7 0
23.9 0
24.1 0
24.3 0
24.5 0
24.7 0
24.9 0
25.1 0
25.3 0
25.5 0
25.7 0
25.9 0
26.1 0
26.3 0
26.5 0
26.7 0
26.9 0
27.1 0
27.3 0
27.5 0
27.7 0
27.9 0
28.1 0
28.3 0
28.5 0
28.7 0
28.9 0
29.1 0
29.3 0
29.5 0
29.7 0
29.9 0
30.1 0
30.3 0
30.5 0
30.7 0
30.9 0
31.1 0
31.3 0
31.5 0
31.7 0
31.9 0
32.1 0
32.3 0
32.5 0
32.7 0
32.9 0
33.1 0
33.3 0
33.5 0
33.7 0
33.9 0
34.1 0
34.3 0
34.5 0
34.7 0
34.9 0
35.1 0
35.3 0
35.5 0
35.7 0
35.9 0
36.1 0
36.3 0
36.5 0
36.7 0
36.9 0
37.1 0
37.3 0
37.5 0
37.7 0
37.9 0
38.1 0
38.3 0
38.5 0
38.7 0
38.9 0
39.1 0
39.3 0
39.5 0
39.7 0
39.9 0
40.1 0
40.3 0
40.5 0
40.7 0
40.9 0
41.1 0
41.3 0
41.5 0
41.7 0
41.9 0
42.1 0
42.3 0
42.5 0
42.7 0
42.9 0
43.1 0
43.3 0
43.5 0
43.7 0
43.9 0
44.1 0
44.3 0
44.5 0
44.7 0
44.9 0
45.1 0
45.3 0
45.5 0
45.7 0
45.9 0
46.1 0
46.3 0
46.5 0
46.7 0
46.9 0
47.1 0
47.3 0
47.5 0
47.7 0
47.9 0
48.1 0
48.3 0
48.5 0
48.7 0
48.9 0
49.1 0
49.3 0
49.5 0
49.7 0
49.9 0
