248
-809.3 4.31499e-05
-809.1 4.31499e-05
-808.9 0.00012945
-808.7 0.0001726
-808.5 0.00030205
-808.3 0.0003452
-808.1 0.000431499
-807.9 0.000474649
-807.7 0.000517799
-807.5 0.000560949
-807.3 0.000690399
-807.1 0.000862999
-806.9 0.0011219
-806.7 0.00159655
-806.5 0.0018123
-806.3 0.0021575
-806.1 0.0027616
-805.9 0.00323625
-805.7 0.0037972
-805.5 0.00470334
-805.3 0.00517799
-805.1 0.00647249
-804.9 0.00759439
-804.7 0.00910464
-804.5 0.0102697
-804.3 0.0121251
-804.1 0.0134628
-803.9 0.015534
-803.7 0.01726
-803.5 0.0192449
-803.3 0.0223948
-803.1 0.025027
-802.9 0.028479
-802.7 0.0320173
-802.5 0.0362028
-802.3 0.0411219
-802.1 0.0461704
-801.9 0.0519525
-801.7 0.0576052
-801.5 0.0628695
-801.3 0.0685653
-801.1 0.0760734
-800.9 0.0842718
-800.7 0.091521
-800.5 0.0993312
-800.3 0.107616
-800.1 0.116117
-799.9 0.124876
-799.7 0.134024
-799.5 0.143732
-799.3 0.153355
-799.1 0.161985
-798.9 0.172211
-798.7 0.182826
-798.5 0.193657
-798.3 0.204186
-798.1 0.21493
-797.9 0.226106
-797.7 0.237411
-797.5 0.248457
-797.3 0.260065
-797.1 0.272665
-796.9 0.282718
-796.7 0.293808
-796.5 0.304035
-796.3 0.315124
-796.1 0.325782
-795.9 0.33644
-795.7 0.346278
-795.5 0.357238
-795.3 0.366775
-795.1 0.37726
-794.9 0.386192
-794.7 0.395297
-794.5 0.405307
-794.3 0.414542
-794.1 0.423905
-793.9 0.434304
-793.7 0.44164
-793.5 0.45027
-793.3 0.458123
-793.1 0.467357
-792.9 0.475124
-792.7 0.482891
-792.5 0.49165
-792.3 0.499202
-792.1 0.50671
-791.9 0.514304
-791.7 0.521812
-791.5 0.529234
-791.3 0.536699
-791.1 0.54356
-790.9 0.551802
-790.7 0.559698
-790.5 0.56617
-790.3 0.572686
-790.1 0.579245
-789.9 0.585804
-789.7 0.592794
-789.5 0.59918
-789.3 0.605351
-789.1 0.611521
-788.9 0.618684
-788.7 0.624941
-788.5 0.631154
-788.3 0.637282
-788.1 0.643323
-787.9 0.649838
-787.7 0.655663
-787.5 0.661143
-787.3 0.667012
-787.1 0.672967
-786.9 0.678447
-786.7 0.683538
-786.5 0.689061
-786.3 0.694844
-786.1 0.700151
-785.9 0.705502
-785.7 0.710939
-785.5 0.71616
-785.3 0.721597
-785.1 0.726516
-784.9 0.73247
-784.7 0.737562
-784.5 0.743344
-784.3 0.747659
-784.1 0.753182
-783.9 0.757886
-783.7 0.762114
-783.5 0.767206
-783.3 0.77165
-783.1 0.775965
-782.9 0.77972
-782.7 0.784682
-782.5 0.789946
-782.3 0.794218
-782.1 0.798576
-781.9 0.802675
-781.7 0.80712
-781.5 0.810917
-781.3 0.815059
-781.1 0.819072
-780.9 0.823172
-780.7 0.827314
-780.5 0.831672
-780.3 0.835599
-780.1 0.840302
-779.9 0.844401
-779.7 0.848846
-779.5 0.853333
-779.3 0.857131
-779.1 0.860539
-778.9 0.864337
-778.7 0.86835
-778.5 0.871758
-778.3 0.875901
-778.1 0.879827
-777.9 0.882632
-777.7 0.88548
-777.5 0.88863
-777.3 0.892082
-777.1 0.895102
-776.9 0.897994
-776.7 0.901359
-776.5 0.903862
-776.3 0.906839
-776.1 0.910205
-775.9 0.91288
-775.7 0.915599
-775.5 0.918662
-775.3 0.921597
-775.1 0.924444
-774.9 0.927163
-774.7 0.929622
-774.5 0.931953
-774.3 0.934326
-774.1 0.936699
-773.9 0.938813
-773.7 0.940669
-773.5 0.943301
-773.3 0.944984
-773.1 0.946753
-772.9 0.948565
-772.7 0.950766
-772.5 0.95288
-772.3 0.954951
-772.1 0.956419
-771.9 0.958145
-771.7 0.959698
-771.5 0.961683
-771.3 0.962718
-771.1 0.963754
-770.9 0.965135
-770.7 0.967033
-770.5 0.96863
-770.3 0.969881
-770.1 0.971348
-769.9 0.972772
-769.7 0.974153
-769.5 0.975232
-769.3 0.976656
-769.1 0.977605
-768.9 0.978598
-768.7 0.979547
-768.5 0.980539
-768.3 0.981273
-768.1 0.982006
-767.9 0.982697
-767.7 0.983215
-767.5 0.984078
-767.3 0.984725
-767.1 0.985631
-766.9 0.986149
-766.7 0.986753
-766.5 0.987357
-766.3 0.988047
-766.1 0.988867
-765.9 0.989428
-765.7 0.989946
-765.5 0.990291
-765.3 0.991025
-765.1 0.991586
-764.9 0.991888
-764.7 0.992578
-764.5 0.992967
-764.3 0.993441
-764.1 0.993786
-763.9 0.994477
-763.7 0.994693
-763.5 0.994951
-763.3 0.995512
-763.1 0.995901
-762.9 0.996203
-762.7 0.996634
-762.5 0.996764
-762.3 0.997066
-762.1 0.997282
-761.9 0.997799
-761.7 0.998058
-761.5 0.99849
-761.3 0.998662
-761.1 0.999094
-760.9 0.999266
-760.7 0.999353
-760.5 0.999482
-760.3 0.999655
-760.1 0.999871
-759.9 1
