400
0.001 0.00652524
0.002 0.0130834
0.003 0.0194928
0.004 0.0260972
0.005 0.032677
0.006 0.0392494
0.007 0.0457765
0.008 0.0522622
0.009 0.0587808
0.01 0.0654681
0.011 0.0722109
0.012 0.0788237
0.013 0.0854883
0.014 0.0921614
0.015 0.0987639
0.016 0.105439
0.017 0.112112
0.018 0.118821
0.019 0.125491
0.02 0.132242
0.021 0.139016
0.022 0.145748
0.023 0.152569
0.024 0.159278
0.025 0.166151
0.026 0.172988
0.027 0.179734
0.028 0.186464
0.029 0.193207
0.03 0.199994
0.031 0.206674
0.032 0.213395
0.033 0.220317
0.034 0.227286
0.035 0.234295
0.036 0.241156
0.037 0.248109
0.038 0.254926
0.039 0.261893
0.04 0.268641
0.041 0.275504
0.042 0.28245
0.043 0.289162
0.044 0.296038
0.045 0.302879
0.046 0.30972
0.047 0.316451
0.048 0.323247
0.049 0.330058
0.05 0.33686
0.051 0.343772
0.052 0.350677
0.053 0.357556
0.054 0.364439
0.055 0.371192
0.056 0.37806
0.057 0.384931
0.058 0.391655
0.059 0.398447
0.06 0.405297
0.061 0.412109
0.062 0.419201
0.063 0.426002
0.064 0.432793
0.065 0.439715
0.066 0.446613
0.067 0.453425
0.068 0.460229
0.069 0.466957
0.07 0.473753
0.071 0.480569
0.072 0.48747
0.073 0.494227
0.074 0.500967
0.075 0.507698
0.076 0.514446
0.077 0.521053
0.078 0.527837
0.079 0.534662
0.08 0.541391
0.081 0.548222
0.082 0.555013
0.083 0.561822
0.084 0.568564
0.085 0.575255
0.086 0.58198
0.087 0.588627
0.088 0.595267
0.089 0.601941
0.09 0.608652
0.091 0.615442
0.092 0.6221
0.093 0.628702
0.094 0.635203
0.095 0.641726
0.096 0.648136
0.097 0.654434
0.098 0.660958
0.099 0.667269
0.1 0.673597
0.101 0.67999
0.102 0.686283
0.103 0.692494
0.104 0.698713
0.105 0.704876
0.106 0.711038
0.107 0.717255
0.108 0.723306
0.109 0.729321
0.11 0.735297
0.111 0.741215
0.112 0.747126
0.113 0.753002
0.114 0.758647
0.115 0.764249
0.116 0.769725
0.117 0.775185
0.118 0.780645
0.119 0.785936
0.12 0.791163
0.121 0.796324
0.122 0.80146
0.123 0.80651
0.124 0.811524
0.125 0.816365
0.126 0.8211
0.127 0.82575
0.128 0.830238
0.129 0.83457
0.13 0.838904
0.131 0.842924
0.132 0.847022
0.133 0.850916
0.134 0.85484
0.135 0.858671
0.136 0.862222
0.137 0.865782
0.138 0.869192
0.139 0.87251
0.14 0.875774
0.141 0.87888
0.142 0.881913
0.143 0.884842
0.144 0.887743
0.145 0.890444
0.146 0.893071
0.147 0.895561
0.148 0.898019
0.149 0.90033
0.15 0.902552
0.151 0.904824
0.152 0.907014
0.153 0.909068
0.154 0.911055
0.155 0.912858
0.156 0.914683
0.157 0.916443
0.158 0.918175
0.159 0.919878
0.16 0.921523
0.161 0.923116
0.162 0.924706
0.163 0.926144
0.164 0.927649
0.165 0.929062
0.166 0.930475
0.167 0.931844
0.168 0.933136
0.169 0.934431
0.17 0.935713
0.171 0.936982
0.172 0.938156
0.173 0.939284
0.174 0.940453
0.175 0.941583
0.176 0.942697
0.177 0.943756
0.178 0.944791
0.179 0.94579
0.18 0.94681
0.181 0.947748
0.182 0.94871
0.183 0.949631
0.184 0.950546
0.185 0.951384
0.186 0.952248
0.187 0.953103
0.188 0.954001
0.189 0.954794
0.19 0.955599
0.191 0.956354
0.192 0.95717
0.193 0.957904
0.194 0.958637
0.195 0.959321
0.196 0.959981
0.197 0.96064
0.198 0.961335
0.199 0.961996
0.2 0.96265
0.201 0.96325
0.202 0.963854
0.203 0.964465
0.204 0.96505
0.205 0.965645
0.206 0.966205
0.207 0.966787
0.208 0.967336
0.209 0.967891
0.21 0.968379
0.211 0.968866
0.212 0.969361
0.213 0.96988
0.214 0.970348
0.215 0.970841
0.216 0.971332
0.217 0.971775
0.218 0.972229
0.219 0.972685
0.22 0.973097
0.221 0.97349
0.222 0.973894
0.223 0.974326
0.224 0.974732
0.225 0.975106
0.226 0.975518
0.227 0.975931
0.228 0.976338
0.229 0.976705
0.23 0.977053
0.231 0.977402
0.232 0.977803
0.233 0.978157
0.234 0.978508
0.235 0.978849
0.236 0.979209
0.237 0.97954
0.238 0.979841
0.239 0.980151
0.24 0.980471
0.241 0.980753
0.242 0.981055
0.243 0.981331
0.244 0.981598
0.245 0.981864
0.246 0.982138
0.247 0.982364
0.248 0.982605
0.249 0.982885
0.25 0.983127
0.251 0.983371
0.252 0.983627
0.253 0.983861
0.254 0.984125
0.255 0.984352
0.256 0.984591
0.257 0.984837
0.258 0.985079
0.259 0.985301
0.26 0.985542
0.261 0.98574
0.262 0.985967
0.263 0.98616
0.264 0.986399
0.265 0.986609
0.266 0.986827
0.267 0.987022
0.268 0.987208
0.269 0.987399
0.27 0.987574
0.271 0.987767
0.272 0.987934
0.273 0.988115
0.274 0.98829
0.275 0.988473
0.276 0.988647
0.277 0.988791
0.278 0.988994
0.279 0.989165
0.28 0.989317
0.281 0.989479
0.282 0.989647
0.283 0.989788
0.284 0.989948
0.285 0.990129
0.286 0.990286
0.287 0.99044
0.288 0.990592
0.289 0.99074
0.29 0.990883
0.291 0.991044
0.292 0.991184
0.293 0.991332
0.294 0.991477
0.295 0.991613
0.296 0.991744
0.297 0.991869
0.298 0.991973
0.299 0.992107
0.3 0.992244
0.301 0.992367
0.302 0.992506
0.303 0.992609
0.304 0.99272
0.305 0.992847
0.306 0.992954
0.307 0.993092
0.308 0.993209
0.309 0.993329
0.31 0.993437
0.311 0.993554
0.312 0.993657
0.313 0.993763
0.314 0.993893
0.315 0.994019
0.316 0.994103
0.317 0.994216
0.318 0.994312
0.319 0.994414
0.32 0.994515
0.321 0.994616
0.322 0.994717
0.323 0.994831
0.324 0.994934
0.325 0.995041
0.326 0.995135
0.327 0.995219
0.328 0.995333
0.329 0.995422
0.33 0.995515
0.331 0.995594
0.332 0.99567
0.333 0.995755
0.334 0.995842
0.335 0.995925
0.336 0.996023
0.337 0.996108
0.338 0.996196
0.339 0.996279
0.34 0.996353
0.341 0.996446
0.342 0.996537
0.343 0.9966
0.344 0.99667
0.345 0.996752
0.346 0.996831
0.347 0.9969
0.348 0.996986
0.349 0.997058
0.35 0.997131
0.351 0.997206
0.352 0.997287
0.353 0.997356
0.354 0.997404
0.355 0.997473
0.356 0.997537
0.357 0.997601
0.358 0.997665
0.359 0.997724
0.36 0.997795
0.361 0.997853
0.362 0.997908
0.363 0.997974
0.364 0.998039
0.365 0.998102
0.366 0.998163
0.367 0.99823
0.368 0.998287
0.369 0.998339
0.37 0.998403
0.371 0.998461
0.372 0.998536
0.373 0.998582
0.374 0.998639
0.375 0.998697
0.376 0.998747
0.377 0.998811
0.378 0.998871
0.379 0.998931
0.38 0.998993
0.381 0.999056
0.382 0.999106
0.383 0.999153
0.384 0.999218
0.385 0.999268
0.386 0.999333
0.387 0.999392
0.388 0.999443
0.389 0.999504
0.39 0.999552
0.391 0.999596
0.392 0.999644
0.393 0.999692
0.394 0.999749
0.395 0.999785
0.396 0.999823
0.397 0.999864
0.398 0.999909
0.399 0.999956
0.4 1
