275
-816.5 1.05492e-05
-816.3 1.05492e-05
-816.1 2.10984e-05
-815.9 3.16476e-05
-815.7 8.43935e-05
-815.5 0.00026373
-815.3 0.000569656
-815.1 0.00118151
-814.9 0.00217313
-814.7 0.00361837
-814.5 0.00602359
-814.3 0.00945208
-814.1 0.0144946
-813.9 0.0201806
-813.7 0.0273119
-813.5 0.0362048
-813.3 0.0464375
-813.1 0.0574087
-812.9 0.0691183
-812.7 0.0815769
-812.5 0.0937718
-812.3 0.106146
-812.1 0.117486
-811.9 0.128911
-811.7 0.139798
-811.5 0.150811
-811.3 0.160538
-811.1 0.169462
-810.9 0.178155
-810.7 0.185697
-810.5 0.192892
-810.3 0.200424
-810.1 0.207323
-809.9 0.214275
-809.7 0.220942
-809.5 0.227514
-809.3 0.233601
-809.1 0.23991
-808.9 0.246134
-808.7 0.252453
-808.5 0.258381
-808.3 0.264415
-808.1 0.270334
-807.9 0.276199
-807.7 0.281779
-807.5 0.287434
-807.3 0.293246
-807.1 0.298985
-806.9 0.304513
-806.7 0.310009
-806.5 0.315104
-806.3 0.320316
-806.1 0.325685
-805.9 0.331013
-805.7 0.33615
-805.5 0.34192
-805.3 0.347089
-805.1 0.351953
-804.9 0.356615
-804.7 0.3615
-804.5 0.366394
-804.3 0.371289
-804.1 0.376279
-803.9 0.381385
-803.7 0.386902
-803.5 0.392124
-803.3 0.39761
-803.1 0.402715
-802.9 0.407842
-802.7 0.412779
-802.5 0.417769
-802.3 0.422411
-802.1 0.427031
-801.9 0.431979
-801.7 0.437243
-801.5 0.442296
-801.3 0.447127
-801.1 0.45236
-800.9 0.457128
-800.7 0.462688
-800.5 0.467519
-800.3 0.472403
-800.1 0.477488
-799.9 0.482636
-799.7 0.487816
-799.5 0.492668
-799.3 0.497394
-799.1 0.502141
-798.9 0.507047
-798.7 0.511741
-798.5 0.516488
-798.3 0.521309
-798.1 0.526341
-797.9 0.531162
-797.7 0.535519
-797.5 0.54072
-797.3 0.545499
-797.1 0.550151
-796.9 0.555035
-796.7 0.560447
-796.5 0.565257
-796.3 0.570289
-796.1 0.574889
-795.9 0.57972
-795.7 0.584678
-795.5 0.589331
-795.3 0.594373
-795.1 0.599078
-794.9 0.604258
-794.7 0.608551
-794.5 0.613668
-794.3 0.618309
-794.1 0.623183
-793.9 0.627909
-793.7 0.632382
-793.5 0.63715
-793.3 0.641929
-793.1 0.646897
-792.9 0.651729
-792.7 0.656255
-792.5 0.661466
-792.3 0.66653
-792.1 0.671076
-791.9 0.675454
-791.7 0.680054
-791.5 0.685223
-791.3 0.690244
-791.1 0.694991
-790.9 0.699654
-790.7 0.704538
-790.5 0.709612
-790.3 0.714518
-790.1 0.719043
-789.9 0.723643
-789.7 0.728147
-789.5 0.733338
-789.3 0.738042
-789.1 0.742726
-788.9 0.747579
-788.7 0.752263
-788.5 0.756894
-788.3 0.761483
-788.1 0.766325
-787.9 0.770956
-787.7 0.775239
-787.5 0.779954
-787.3 0.784533
-787.1 0.788942
-786.9 0.793268
-786.7 0.797572
-786.5 0.802097
-786.3 0.806306
-786.1 0.810463
-785.9 0.814978
-785.7 0.819229
-785.5 0.823101
-785.3 0.827457
-785.1 0.831719
-784.9 0.835918
-784.7 0.840443
-784.5 0.844705
-784.3 0.849421
-784.1 0.853556
-783.9 0.857765
-783.7 0.861837
-783.5 0.865456
-783.3 0.869517
-783.1 0.873262
-782.9 0.877239
-782.7 0.880636
-782.5 0.884307
-782.3 0.88802
-782.1 0.891407
-781.9 0.894814
-781.7 0.898169
-781.5 0.901449
-781.3 0.904667
-781.1 0.908106
-780.9 0.911123
-780.7 0.914246
-780.5 0.917579
-780.3 0.920417
-780.1 0.923392
-779.9 0.926061
-779.7 0.928877
-779.5 0.931567
-779.3 0.934257
-779.1 0.936789
-778.9 0.939163
-778.7 0.941463
-778.5 0.944015
-778.3 0.946568
-778.1 0.948657
-777.9 0.950746
-777.7 0.952719
-777.5 0.954575
-777.3 0.956664
-777.1 0.958563
-776.9 0.960303
-776.7 0.961949
-776.5 0.963479
-776.3 0.965029
-776.1 0.966612
-775.9 0.968236
-775.7 0.969798
-775.5 0.971201
-775.3 0.972583
-775.1 0.974017
-774.9 0.97522
-774.7 0.976634
-774.5 0.977857
-774.3 0.978986
-774.1 0.980083
-773.9 0.981127
-773.7 0.982204
-773.5 0.983258
-773.3 0.984377
-773.1 0.985505
-772.9 0.98655
-772.7 0.987246
-772.5 0.988111
-772.3 0.988923
-772.1 0.989767
-771.9 0.990442
-771.7 0.991128
-771.5 0.991645
-771.3 0.992141
-771.1 0.992616
-770.9 0.993048
-770.7 0.99347
-770.5 0.993913
-770.3 0.994208
-770.1 0.994609
-769.9 0.994905
-769.7 0.995242
-769.5 0.995548
-769.3 0.995833
-769.1 0.996128
-768.9 0.996297
-768.7 0.996572
-768.5 0.996804
-768.3 0.996972
-768.1 0.99712
-767.9 0.997373
-767.7 0.997605
-767.5 0.997711
-767.3 0.997848
-767.1 0.998038
-766.9 0.998164
-766.7 0.998344
-766.5 0.998513
-766.3 0.998734
-766.1 0.998871
-765.9 0.998987
-765.7 0.999146
-765.5 0.999262
-765.3 0.999325
-765.1 0.999388
-764.9 0.999441
-764.7 0.999525
-764.5 0.999557
-764.3 0.99961
-764.1 0.999652
-763.9 0.999705
-763.7 0.999726
-763.5 0.999768
-763.3 0.99981
-763.1 0.999873
-762.9 0.999905
-762.7 0.999926
-762.5 0.999937
-762.3 0.999968
-762.1 0.999979
-761.9 0.999979
-761.7 1
