275
-814.7 4.19191e-05
-814.5 0.000199116
-814.3 0.000471589
-814.1 0.00086982
-813.9 0.00140429
-813.7 0.0028505
-813.5 0.0043491
-813.3 0.00636122
-813.1 0.00929555
-812.9 0.0131626
-812.7 0.0177108
-812.5 0.0231917
-812.3 0.0298673
-812.1 0.0373604
-811.9 0.0456289
-811.7 0.0554484
-811.5 0.0658968
-811.3 0.0768376
-811.1 0.08803
-810.9 0.0998617
-810.7 0.111431
-810.5 0.123766
-810.3 0.13542
-810.1 0.146486
-809.9 0.157385
-809.7 0.167089
-809.5 0.177328
-809.3 0.187158
-809.1 0.196548
-808.9 0.205686
-808.7 0.214395
-808.5 0.222496
-808.3 0.230387
-808.1 0.238257
-807.9 0.245027
-807.7 0.251881
-807.5 0.258599
-807.3 0.265148
-807.1 0.271562
-806.9 0.278081
-806.7 0.284264
-806.5 0.290614
-806.3 0.296452
-806.1 0.302435
-805.9 0.308598
-805.7 0.314791
-805.5 0.320838
-805.3 0.326403
-805.1 0.332261
-804.9 0.338046
-804.7 0.343548
-804.5 0.348892
-804.3 0.354289
-804.1 0.359383
-803.9 0.364905
-803.7 0.370481
-803.5 0.375867
-803.3 0.381159
-803.1 0.386441
-802.9 0.391933
-802.7 0.397235
-802.5 0.402674
-802.3 0.407642
-802.1 0.412903
-801.9 0.418195
-801.7 0.423183
-801.5 0.428528
-801.3 0.433684
-801.1 0.439406
-800.9 0.444646
-800.7 0.44955
-800.5 0.454078
-800.3 0.459318
-800.1 0.464516
-799.9 0.469514
-799.7 0.474587
-799.5 0.479596
-799.3 0.484354
-799.1 0.489478
-798.9 0.494467
-798.7 0.499801
-798.5 0.504548
-798.3 0.509254
-798.1 0.513802
-797.9 0.518654
-797.7 0.523527
-797.5 0.528191
-797.3 0.533011
-797.1 0.537853
-796.9 0.542789
-796.7 0.547243
-796.5 0.552011
-796.3 0.556675
-796.1 0.561422
-795.9 0.565886
-795.7 0.570696
-795.5 0.575748
-795.3 0.581166
-795.1 0.585945
-794.9 0.591006
-794.7 0.596068
-794.5 0.600616
-794.3 0.605217
-794.1 0.609859
-793.9 0.614366
-793.7 0.618746
-793.5 0.623787
-793.3 0.628712
-793.1 0.633533
-792.9 0.638438
-792.7 0.642902
-792.5 0.647974
-792.3 0.652994
-792.1 0.657532
-791.9 0.662384
-791.7 0.666932
-791.5 0.671826
-791.3 0.676584
-791.1 0.681195
-790.9 0.685806
-790.7 0.690365
-790.5 0.695636
-790.3 0.7003
-790.1 0.705351
-789.9 0.710014
-789.7 0.714804
-789.5 0.719551
-789.3 0.724477
-789.1 0.729423
-788.9 0.73394
-788.7 0.73853
-788.5 0.742994
-788.3 0.747658
-788.1 0.752059
-787.9 0.756901
-787.7 0.761481
-787.5 0.76627
-787.3 0.770818
-787.1 0.775094
-786.9 0.779558
-786.7 0.784421
-786.5 0.788875
-786.3 0.793371
-786.1 0.797667
-785.9 0.802058
-785.7 0.806544
-785.5 0.810662
-785.3 0.814896
-785.1 0.819109
-784.9 0.823374
-784.7 0.827786
-784.5 0.832104
-784.3 0.835981
-784.1 0.840089
-783.9 0.844491
-783.7 0.849018
-783.5 0.852822
-783.3 0.856511
-783.1 0.860326
-782.9 0.864057
-782.7 0.867662
-782.5 0.871256
-782.3 0.875102
-782.1 0.878456
-781.9 0.882061
-781.7 0.885708
-781.5 0.889019
-781.3 0.892561
-781.1 0.896303
-780.9 0.899688
-780.7 0.902853
-780.5 0.905766
-780.3 0.908732
-780.1 0.911823
-779.9 0.914726
-779.7 0.917943
-779.5 0.920595
-779.3 0.923194
-779.1 0.926097
-778.9 0.928769
-778.7 0.931578
-778.5 0.933998
-778.3 0.93643
-778.1 0.938672
-777.9 0.940863
-777.7 0.943252
-777.5 0.945306
-777.3 0.947287
-777.1 0.949362
-776.9 0.951489
-776.7 0.953396
-776.5 0.955335
-776.3 0.95719
-776.1 0.959118
-775.9 0.960879
-775.7 0.962441
-775.5 0.96395
-775.3 0.965354
-775.1 0.966748
-774.9 0.968162
-774.7 0.969556
-774.5 0.97072
-774.3 0.971988
-774.1 0.973277
-773.9 0.974513
-773.7 0.975739
-773.5 0.977028
-773.3 0.978202
-773.1 0.979198
-772.9 0.980183
-772.7 0.98121
-772.5 0.982122
-772.3 0.983201
-772.1 0.984249
-771.9 0.985182
-771.7 0.98603
-771.5 0.987099
-771.3 0.98798
-771.1 0.988682
-770.9 0.989374
-770.7 0.990044
-770.5 0.99061
-770.3 0.991029
-770.1 0.991637
-769.9 0.99213
-769.7 0.992507
-769.5 0.992874
-769.3 0.993262
-769.1 0.993555
-768.9 0.993911
-768.7 0.994131
-768.5 0.994414
-768.3 0.994634
-768.1 0.994949
-767.9 0.995075
-767.7 0.995263
-767.5 0.995515
-767.3 0.995745
-767.1 0.995934
-766.9 0.996238
-766.7 0.996405
-766.5 0.996584
-766.3 0.996678
-766.1 0.996877
-765.9 0.997045
-765.7 0.997181
-765.5 0.997443
-765.3 0.9976
-765.1 0.997736
-764.9 0.997904
-764.7 0.998009
-764.5 0.998135
-764.3 0.998271
-764.1 0.998386
-763.9 0.998522
-763.7 0.998617
-763.5 0.998795
-763.3 0.998889
-763.1 0.998994
-762.9 0.99912
-762.7 0.999256
-762.5 0.999319
-762.3 0.99935
-762.1 0.999434
-761.9 0.999497
-761.7 0.99956
-761.5 0.999654
-761.3 0.999686
-761.1 0.999738
-760.9 0.999801
-760.7 0.999864
-760.5 0.999906
-760.3 0.999958
-760.1 0.999969
-759.9 1
