1034
-836.9 0.000119332
-836.7 0.000119332
-836.5 0.000238663
-836.3 0.000238663
-836.1 0.000238663
-835.9 0.000357995
-835.7 0.000357995
-835.5 0.000357995
-835.3 0.000357995
-835.1 0.000357995
-834.9 0.000357995
-834.7 0.000357995
-834.5 0.000357995
-834.3 0.000477327
-834.1 0.000477327
-833.9 0.000596659
-833.7 0.00071599
-833.5 0.00071599
-833.3 0.000835322
-833.1 0.000835322
-832.9 0.000835322
-832.7 0.000835322
-832.5 0.000954654
-832.3 0.00107399
-832.1 0.00107399
-831.9 0.00119332
-831.7 0.00131265
-831.5 0.00131265
-831.3 0.00155131
-831.1 0.00167064
-830.9 0.00190931
-830.7 0.00202864
-830.5 0.00238663
-830.3 0.00250597
-830.1 0.0026253
-829.9 0.00286396
-829.7 0.00298329
-829.5 0.00334129
-829.3 0.00381862
-829.1 0.00393795
-828.9 0.00417661
-828.7 0.00429594
-828.5 0.00453461
-828.3 0.00453461
-828.1 0.00465394
-827.9 0.00501193
-827.7 0.0052506
-827.5 0.00584726
-827.3 0.00608592
-827.1 0.00644391
-826.9 0.00692124
-826.7 0.00692124
-826.5 0.00727924
-826.3 0.0075179
-826.1 0.00763723
-825.9 0.00799523
-825.7 0.00835322
-825.5 0.00883055
-825.3 0.00942721
-825.1 0.0097852
-824.9 0.0103819
-824.7 0.0109785
-824.5 0.0113365
-824.3 0.0118138
-824.1 0.0124105
-823.9 0.0126492
-823.7 0.0130072
-823.5 0.0133652
-823.3 0.0136038
-823.1 0.0139618
-822.9 0.0143198
-822.7 0.0149165
-822.5 0.0153938
-822.3 0.0161098
-822.1 0.0173031
-821.9 0.0177804
-821.7 0.0182578
-821.5 0.0183771
-821.3 0.0198091
-821.1 0.0201671
-820.9 0.0208831
-820.7 0.0217184
-820.5 0.0224344
-820.3 0.023031
-820.1 0.0239857
-819.9 0.025179
-819.7 0.0257757
-819.5 0.026969
-819.3 0.028043
-819.1 0.0288783
-818.9 0.0293556
-818.7 0.0303103
-818.5 0.0311456
-818.3 0.0329356
-818.1 0.0349642
-817.9 0.0362768
-817.7 0.0373508
-817.5 0.0383055
-817.3 0.0391408
-817.1 0.0399761
-816.9 0.0410501
-816.7 0.0424821
-816.5 0.0440334
-816.3 0.0453461
-816.1 0.0466587
-815.9 0.0483294
-815.7 0.049642
-815.5 0.0504773
-815.3 0.052148
-815.1 0.0531026
-814.9 0.0541766
-814.7 0.0564439
-814.5 0.0582339
-814.3 0.0606205
-814.1 0.0614558
-813.9 0.0632458
-813.7 0.0649165
-813.5 0.0673031
-813.3 0.0688544
-813.1 0.0707637
-812.9 0.0725537
-812.7 0.0739857
-812.5 0.0749403
-812.3 0.0761337
-812.1 0.0778043
-811.9 0.0791169
-811.7 0.0810263
-811.5 0.0830549
-811.3 0.0847255
-811.1 0.0875895
-810.9 0.0890215
-810.7 0.0906921
-810.5 0.0922434
-810.3 0.0934368
-810.1 0.0949881
-809.9 0.0972554
-809.7 0.0986874
-809.5 0.100358
-809.3 0.102029
-809.1 0.104296
-808.9 0.106444
-808.7 0.108353
-808.5 0.109785
-808.3 0.111337
-808.1 0.112888
-807.9 0.114916
-807.7 0.11611
-807.5 0.118019
-807.3 0.11957
-807.1 0.12148
-806.9 0.124224
-806.7 0.125298
-806.5 0.128162
-806.3 0.131862
-806.1 0.133055
-805.9 0.135442
-805.7 0.137232
-805.5 0.138663
-805.3 0.141289
-805.1 0.143795
-804.9 0.146539
-804.7 0.148807
-804.5 0.150597
-804.3 0.153222
-804.1 0.155847
-803.9 0.159069
-803.7 0.161695
-803.5 0.164081
-803.3 0.166229
-803.1 0.168854
-802.9 0.17148
-802.7 0.174463
-802.5 0.177446
-802.3 0.179833
-802.1 0.181742
-801.9 0.183652
-801.7 0.18568
-801.5 0.188067
-801.3 0.190811
-801.1 0.192959
-800.9 0.195465
-800.7 0.197852
-800.5 0.199761
-800.3 0.201671
-800.1 0.204415
-799.9 0.206921
-799.7 0.208353
-799.5 0.211217
-799.3 0.213723
-799.1 0.215752
-798.9 0.218258
-798.7 0.220883
-798.5 0.223747
-798.3 0.225537
-798.1 0.227924
-797.9 0.23031
-797.7 0.232816
-797.5 0.2358
-797.3 0.237828
-797.1 0.240453
-796.9 0.242721
-796.7 0.245704
-796.5 0.249642
-796.3 0.252506
-796.1 0.255131
-795.9 0.258353
-795.7 0.260979
-795.5 0.263484
-795.3 0.265752
-795.1 0.268616
-794.9 0.271599
-794.7 0.273866
-794.5 0.277327
-794.3 0.280191
-794.1 0.282578
-793.9 0.285561
-793.7 0.287112
-793.5 0.290095
-793.3 0.291408
-793.1 0.293675
-792.9 0.296539
-792.7 0.298807
-792.5 0.302029
-792.3 0.305251
-792.1 0.307041
-791.9 0.309785
-791.7 0.312411
-791.5 0.314558
-791.3 0.316587
-791.1 0.318854
-790.9 0.321599
-790.7 0.323986
-790.5 0.326492
-790.3 0.329714
-790.1 0.332697
-789.9 0.334845
-789.7 0.336635
-789.5 0.338663
-789.3 0.341766
-789.1 0.344391
-788.9 0.345943
-788.7 0.348687
-788.5 0.350835
-788.3 0.354415
-788.1 0.357637
-787.9 0.359785
-787.7 0.363007
-787.5 0.36599
-787.3 0.369212
-787.1 0.371599
-786.9 0.374344
-786.7 0.377208
-786.5 0.379952
-786.3 0.382697
-786.1 0.385203
-785.9 0.387947
-785.7 0.390215
-785.5 0.393914
-785.3 0.395585
-785.1 0.397852
-784.9 0.399881
-784.7 0.402387
-784.5 0.405251
-784.3 0.408115
-784.1 0.410979
-783.9 0.414081
-783.7 0.416229
-783.5 0.418854
-783.3 0.421241
-783.1 0.42315
-782.9 0.426492
-782.7 0.429475
-782.5 0.431862
-782.3 0.434726
-782.1 0.437709
-781.9 0.439976
-781.7 0.442482
-781.5 0.446062
-781.3 0.447613
-781.1 0.450597
-780.9 0.453461
-780.7 0.456205
-780.5 0.459547
-780.3 0.461337
-780.1 0.463007
-779.9 0.465871
-779.7 0.468496
-779.5 0.470167
-779.3 0.473031
-779.1 0.47685
-778.9 0.479475
-778.7 0.4821
-778.5 0.484964
-778.3 0.487589
-778.1 0.489379
-777.9 0.492005
-777.7 0.495107
-777.5 0.497971
-777.3 0.501193
-777.1 0.504654
-776.9 0.506683
-776.7 0.508711
-776.5 0.511337
-776.3 0.514916
-776.1 0.518258
-775.9 0.521599
-775.7 0.523866
-775.5 0.526253
-775.3 0.528759
-775.1 0.53222
-774.9 0.533055
-774.7 0.534964
-774.5 0.538067
-774.3 0.540573
-774.1 0.542959
-773.9 0.545585
-773.7 0.548568
-773.5 0.550716
-773.3 0.552864
-773.1 0.555012
-772.9 0.556921
-772.7 0.559427
-772.5 0.562053
-772.3 0.563723
-772.1 0.566706
-771.9 0.568616
-771.7 0.570525
-771.5 0.572434
-771.3 0.57506
-771.1 0.578162
-770.9 0.580191
-770.7 0.582697
-770.5 0.58568
-770.3 0.589021
-770.1 0.592005
-769.9 0.594749
-769.7 0.597375
-769.5 0.599523
-769.3 0.601551
-769.1 0.604057
-768.9 0.606325
-768.7 0.609069
-768.5 0.611217
-768.3 0.613365
-768.1 0.61599
-767.9 0.618138
-767.7 0.620883
-767.5 0.623628
-767.3 0.625776
-767.1 0.628282
-766.9 0.631742
-766.7 0.633652
-766.5 0.636635
-766.3 0.637709
-766.1 0.639857
-765.9 0.642124
-765.7 0.645346
-765.5 0.648329
-765.3 0.649881
-765.1 0.652267
-764.9 0.655251
-764.7 0.657399
-764.5 0.660859
-764.3 0.663126
-764.1 0.665752
-763.9 0.668377
-763.7 0.670764
-763.5 0.671957
-763.3 0.674702
-763.1 0.67685
-762.9 0.678998
-762.7 0.68043
-762.5 0.68222
-762.3 0.684368
-762.1 0.686396
-761.9 0.689021
-761.7 0.691408
-761.5 0.693079
-761.3 0.694988
-761.1 0.696897
-760.9 0.700716
-760.7 0.703461
-760.5 0.706325
-760.3 0.708473
-760.1 0.710263
-759.9 0.713007
-759.7 0.715871
-759.5 0.718377
-759.3 0.719809
-759.1 0.721838
-758.9 0.723747
-758.7 0.725537
-758.5 0.728043
-758.3 0.730072
-758.1 0.732578
-757.9 0.734964
-757.7 0.738186
-757.5 0.740811
-757.3 0.743079
-757.1 0.744988
-756.9 0.746897
-756.7 0.749045
-756.5 0.750716
-756.3 0.752029
-756.1 0.754893
-755.9 0.758115
-755.7 0.760382
-755.5 0.761575
-755.3 0.7642
-755.1 0.766468
-754.9 0.769332
-754.7 0.772196
-754.5 0.774582
-754.3 0.77673
-754.1 0.779714
-753.9 0.78222
-753.7 0.78401
-753.5 0.785203
-753.3 0.787232
-753.1 0.789857
-752.9 0.791766
-752.7 0.793914
-752.5 0.795346
-752.3 0.796659
-752.1 0.798449
-751.9 0.800835
-751.7 0.803103
-751.5 0.806086
-751.3 0.807637
-751.1 0.809905
-750.9 0.812768
-750.7 0.814439
-750.5 0.81611
-750.3 0.818138
-750.1 0.820764
-749.9 0.823031
-749.7 0.82494
-749.5 0.82673
-749.3 0.828282
-749.1 0.829952
-748.9 0.832816
-748.7 0.83389
-748.5 0.836158
-748.3 0.838067
-748.1 0.839141
-747.9 0.840573
-747.7 0.842243
-747.5 0.84463
-747.3 0.847136
-747.1 0.849523
-746.9 0.851432
-746.7 0.853699
-746.5 0.854535
-746.3 0.857279
-746.1 0.859069
-745.9 0.860024
-745.7 0.861695
-745.5 0.863604
-745.3 0.865036
-745.1 0.867542
-744.9 0.870048
-744.7 0.870883
-744.5 0.872315
-744.3 0.874344
-744.1 0.875895
-743.9 0.877208
-743.7 0.879236
-743.5 0.881384
-743.3 0.883055
-743.1 0.884845
-742.9 0.886754
-742.7 0.888067
-742.5 0.889976
-742.3 0.891766
-742.1 0.893317
-741.9 0.89463
-741.7 0.896659
-741.5 0.897375
-741.3 0.898568
-741.1 0.900239
-740.9 0.902029
-740.7 0.90358
-740.5 0.90537
-740.3 0.906921
-740.1 0.907995
-739.9 0.909547
-739.7 0.911695
-739.5 0.913604
-739.3 0.915632
-739.1 0.916587
-738.9 0.918019
-738.7 0.91957
-738.5 0.921957
-738.3 0.922434
-738.1 0.923986
-737.9 0.92494
-737.7 0.927208
-737.5 0.928282
-737.3 0.929356
-737.1 0.930668
-736.9 0.931623
-736.7 0.9321
-736.5 0.933771
-736.3 0.934964
-736.1 0.935203
-735.9 0.936277
-735.7 0.937589
-735.5 0.938783
-735.3 0.940215
-735.1 0.941289
-734.9 0.942721
-734.7 0.943556
-734.5 0.944511
-734.3 0.945585
-734.1 0.947136
-733.9 0.94821
-733.7 0.949761
-733.5 0.951432
-733.3 0.952745
-733.1 0.953461
-732.9 0.954415
-732.7 0.95537
-732.5 0.956325
-732.3 0.956921
-732.1 0.957757
-731.9 0.958234
-731.7 0.958831
-731.5 0.959785
-731.3 0.960382
-731.1 0.961575
-730.9 0.962649
-730.7 0.963365
-730.5 0.964439
-730.3 0.965513
-730.1 0.96611
-729.9 0.966826
-729.7 0.967661
-729.5 0.968735
-729.3 0.969451
-729.1 0.970048
-728.9 0.970883
-728.7 0.972315
-728.5 0.973031
-728.3 0.973866
-728.1 0.974821
-727.9 0.975298
-727.7 0.975895
-727.5 0.976372
-727.3 0.976611
-727.1 0.976969
-726.9 0.977327
-726.7 0.97864
-726.5 0.979117
-726.3 0.979714
-726.1 0.979833
-725.9 0.981026
-725.7 0.981026
-725.5 0.981623
-725.3 0.982339
-725.1 0.982697
-724.9 0.982697
-724.7 0.983294
-724.5 0.983652
-724.3 0.984248
-724.1 0.984726
-723.9 0.985322
-723.7 0.98568
-723.5 0.986277
-723.3 0.986874
-723.1 0.987232
-722.9 0.98747
-722.7 0.987589
-722.5 0.987828
-722.3 0.988305
-722.1 0.988783
-721.9 0.98926
-721.7 0.989737
-721.5 0.989737
-721.3 0.990215
-721.1 0.990692
-720.9 0.99105
-720.7 0.991289
-720.5 0.991527
-720.3 0.991885
-720.1 0.992124
-719.9 0.992124
-719.7 0.992363
-719.5 0.993198
-719.3 0.993317
-719.1 0.993317
-718.9 0.993675
-718.7 0.993795
-718.5 0.993795
-718.3 0.993795
-718.1 0.993914
-717.9 0.993914
-717.7 0.994272
-717.5 0.994511
-717.3 0.994749
-717.1 0.994988
-716.9 0.995465
-716.7 0.995585
-716.5 0.995943
-716.3 0.996181
-716.1 0.996301
-715.9 0.996301
-715.7 0.99642
-715.5 0.996659
-715.3 0.996659
-715.1 0.996897
-714.9 0.997136
-714.7 0.997375
-714.5 0.997613
-714.3 0.997733
-714.1 0.997852
-713.9 0.997852
-713.7 0.997971
-713.5 0.997971
-713.3 0.998091
-713.1 0.998091
-712.9 0.998091
-712.7 0.99821
-712.5 0.99821
-712.3 0.998329
-712.1 0.998329
-711.9 0.998449
-711.7 0.998568
-711.5 0.998568
-711.3 0.998568
-711.1 0.998687
-710.9 0.998807
-710.7 0.998926
-710.5 0.998926
-710.3 0.998926
-710.1 0.998926
-709.9 0.998926
-709.7 0.998926
-709.5 0.999045
-709.3 0.999045
-709.1 0.999045
-708.9 0.999165
-708.7 0.999284
-708.5 0.999284
-708.3 0.999403
-708.1 0.999403
-707.9 0.999403
-707.7 0.999523
-707.5 0.999523
-707.3 0.999523
-707.1 0.999523
-706.9 0.999642
-706.7 0.999642
-706.5 0.999642
-706.3 0.999642
-706.1 0.999642
-705.9 0.999761
-705.7 0.999761
-705.5 0.999761
-705.3 0.999761
-705.1 0.999761
-704.9 0.999761
-704.7 0.999761
-704.5 0.999761
-704.3 0.999761
-704.1 0.999761
-703.9 0.999761
-703.7 0.999761
-703.5 0.999761
-703.3 0.999761
-703.1 0.999761
-702.9 0.999761
-702.7 0.999761
-702.5 0.999761
-702.3 0.999761
-702.1 0.999761
-701.9 0.999761
-701.7 0.999761
-701.5 0.999761
-701.3 0.999761
-701.1 0.999761
-700.9 0.999761
-700.7 0.999761
-700.5 0.999761
-700.3 0.999761
-700.1 0.999761
-699.9 0.999761
-699.7 0.999761
-699.5 0.999761
-699.3 0.999761
-699.1 0.999761
-698.9 0.999761
-698.7 0.999761
-698.5 0.999761
-698.3 0.999761
-698.1 0.999761
-697.9 0.999761
-697.7 0.999761
-697.5 0.999761
-697.3 0.999761
-697.1 0.999761
-696.9 0.999761
-696.7 0.999761
-696.5 0.999761
-696.3 0.999761
-696.1 0.999761
-695.9 0.999761
-695.7 0.999761
-695.5 0.999761
-695.3 0.999761
-695.1 0.999761
-694.9 0.999761
-694.7 0.999761
-694.5 0.999761
-694.3 0.999761
-694.1 0.999761
-693.9 0.999761
-693.7 0.999761
-693.5 0.999761
-693.3 0.999761
-693.1 0.999761
-692.9 0.999761
-692.7 0.999761
-692.5 0.999761
-692.3 0.999761
-692.1 0.999761
-691.9 0.999761
-691.7 0.999761
-691.5 0.999761
-691.3 0.999761
-691.1 0.999761
-690.9 0.999761
-690.7 0.999761
-690.5 0.999761
-690.3 0.999761
-690.1 0.999761
-689.9 0.999761
-689.7 0.999761
-689.5 0.999761
-689.3 0.999761
-689.1 0.999761
-688.9 0.999761
-688.7 0.999761
-688.5 0.999881
-688.3 0.999881
-688.1 0.999881
-687.9 0.999881
-687.7 0.999881
-687.5 0.999881
-687.3 0.999881
-687.1 0.999881
-686.9 0.999881
-686.7 0.999881
-686.5 0.999881
-686.3 0.999881
-686.1 0.999881
-685.9 0.999881
-685.7 0.999881
-685.5 0.999881
-685.3 0.999881
-685.1 0.999881
-684.9 0.999881
-684.7 0.999881
-684.5 0.999881
-684.3 0.999881
-684.1 0.999881
-683.9 0.999881
-683.7 0.999881
-683.5 0.999881
-683.3 0.999881
-683.1 0.999881
-682.9 0.999881
-682.7 0.999881
-682.5 0.999881
-682.3 0.999881
-682.1 0.999881
-681.9 0.999881
-681.7 0.999881
-681.5 0.999881
-681.3 0.999881
-681.1 0.999881
-680.9 0.999881
-680.7 0.999881
-680.5 0.999881
-680.3 0.999881
-680.1 0.999881
-679.9 0.999881
-679.7 0.999881
-679.5 0.999881
-679.3 0.999881
-679.1 0.999881
-678.9 0.999881
-678.7 0.999881
-678.5 0.999881
-678.3 0.999881
-678.1 0.999881
-677.9 0.999881
-677.7 0.999881
-677.5 0.999881
-677.3 0.999881
-677.1 0.999881
-676.9 0.999881
-676.7 0.999881
-676.5 0.999881
-676.3 0.999881
-676.1 0.999881
-675.9 0.999881
-675.7 0.999881
-675.5 0.999881
-675.3 0.999881
-675.1 0.999881
-674.9 0.999881
-674.7 0.999881
-674.5 0.999881
-674.3 0.999881
-674.1 0.999881
-673.9 0.999881
-673.7 0.999881
-673.5 0.999881
-673.3 0.999881
-673.1 0.999881
-672.9 0.999881
-672.7 0.999881
-672.5 0.999881
-672.3 0.999881
-672.1 0.999881
-671.9 0.999881
-671.7 0.999881
-671.5 0.999881
-671.3 0.999881
-671.1 0.999881
-670.9 0.999881
-670.7 0.999881
-670.5 0.999881
-670.3 0.999881
-670.1 0.999881
-669.9 0.999881
-669.7 0.999881
-669.5 0.999881
-669.3 0.999881
-669.1 0.999881
-668.9 0.999881
-668.7 0.999881
-668.5 0.999881
-668.3 0.999881
-668.1 0.999881
-667.9 0.999881
-667.7 0.999881
-667.5 0.999881
-667.3 0.999881
-667.1 0.999881
-666.9 0.999881
-666.7 0.999881
-666.5 0.999881
-666.3 0.999881
-666.1 0.999881
-665.9 0.999881
-665.7 0.999881
-665.5 0.999881
-665.3 0.999881
-665.1 0.999881
-664.9 0.999881
-664.7 0.999881
-664.5 0.999881
-664.3 0.999881
-664.1 0.999881
-663.9 0.999881
-663.7 0.999881
-663.5 0.999881
-663.3 0.999881
-663.1 0.999881
-662.9 0.999881
-662.7 0.999881
-662.5 0.999881
-662.3 0.999881
-662.1 0.999881
-661.9 0.999881
-661.7 0.999881
-661.5 0.999881
-661.3 0.999881
-661.1 0.999881
-660.9 0.999881
-660.7 0.999881
-660.5 0.999881
-660.3 0.999881
-660.1 0.999881
-659.9 0.999881
-659.7 0.999881
-659.5 0.999881
-659.3 0.999881
-659.1 0.999881
-658.9 0.999881
-658.7 0.999881
-658.5 0.999881
-658.3 0.999881
-658.1 0.999881
-657.9 0.999881
-657.7 0.999881
-657.5 0.999881
-657.3 0.999881
-657.1 0.999881
-656.9 0.999881
-656.7 0.999881
-656.5 0.999881
-656.3 0.999881
-656.1 0.999881
-655.9 0.999881
-655.7 0.999881
-655.5 0.999881
-655.3 0.999881
-655.1 0.999881
-654.9 0.999881
-654.7 0.999881
-654.5 0.999881
-654.3 0.999881
-654.1 0.999881
-653.9 0.999881
-653.7 0.999881
-653.5 0.999881
-653.3 0.999881
-653.1 0.999881
-652.9 0.999881
-652.7 0.999881
-652.5 0.999881
-652.3 0.999881
-652.1 0.999881
-651.9 0.999881
-651.7 0.999881
-651.5 0.999881
-651.3 0.999881
-651.1 0.999881
-650.9 0.999881
-650.7 0.999881
-650.5 0.999881
-650.3 0.999881
-650.1 0.999881
-649.9 0.999881
-649.7 0.999881
-649.5 0.999881
-649.3 0.999881
-649.1 0.999881
-648.9 0.999881
-648.7 0.999881
-648.5 0.999881
-648.3 0.999881
-648.1 0.999881
-647.9 0.999881
-647.7 0.999881
-647.5 0.999881
-647.3 0.999881
-647.1 0.999881
-646.9 0.999881
-646.7 0.999881
-646.5 0.999881
-646.3 0.999881
-646.1 0.999881
-645.9 0.999881
-645.7 0.999881
-645.5 0.999881
-645.3 0.999881
-645.1 0.999881
-644.9 0.999881
-644.7 0.999881
-644.5 0.999881
-644.3 0.999881
-644.1 0.999881
-643.9 0.999881
-643.7 0.999881
-643.5 0.999881
-643.3 0.999881
-643.1 0.999881
-642.9 0.999881
-642.7 0.999881
-642.5 0.999881
-642.3 0.999881
-642.1 0.999881
-641.9 0.999881
-641.7 0.999881
-641.5 0.999881
-641.3 0.999881
-641.1 0.999881
-640.9 0.999881
-640.7 0.999881
-640.5 0.999881
-640.3 0.999881
-640.1 0.999881
-639.9 0.999881
-639.7 0.999881
-639.5 0.999881
-639.3 0.999881
-639.1 0.999881
-638.9 0.999881
-638.7 0.999881
-638.5 0.999881
-638.3 0.999881
-638.1 0.999881
-637.9 0.999881
-637.7 0.999881
-637.5 0.999881
-637.3 0.999881
-637.1 0.999881
-636.9 0.999881
-636.7 0.999881
-636.5 0.999881
-636.3 0.999881
-636.1 0.999881
-635.9 0.999881
-635.7 0.999881
-635.5 0.999881
-635.3 0.999881
-635.1 0.999881
-634.9 0.999881
-634.7 0.999881
-634.5 0.999881
-634.3 0.999881
-634.1 0.999881
-633.9 0.999881
-633.7 0.999881
-633.5 0.999881
-633.3 0.999881
-633.1 0.999881
-632.9 0.999881
-632.7 0.999881
-632.5 0.999881
-632.3 0.999881
-632.1 0.999881
-631.9 0.999881
-631.7 0.999881
-631.5 0.999881
-631.3 0.999881
-631.1 0.999881
-630.9 0.999881
-630.7 0.999881
-630.5 0.999881
-630.3 1
