900
0.001 0.00363
0.002 0.00703956
0.003 0.0106255
0.004 0.0140791
0.005 0.0170772
0.006 0.0207954
0.007 0.0242049
0.008 0.0274822
0.009 0.0307007
0.01 0.0340956
0.011 0.0374317
0.012 0.0410029
0.013 0.0441773
0.014 0.0476603
0.015 0.0509817
0.016 0.0543766
0.017 0.0583299
0.018 0.0616807
0.019 0.0651931
0.02 0.0685586
0.021 0.0723209
0.022 0.0755981
0.023 0.0788754
0.024 0.0821821
0.025 0.0855917
0.026 0.0888543
0.027 0.0922785
0.028 0.0956146
0.029 0.0989066
0.03 0.102154
0.031 0.105608
0.032 0.109297
0.033 0.112942
0.034 0.116601
0.035 0.119878
0.036 0.123229
0.037 0.127065
0.038 0.13068
0.039 0.134516
0.04 0.138719
0.041 0.142114
0.042 0.145538
0.043 0.149271
0.044 0.15271
0.045 0.156693
0.046 0.160279
0.047 0.163747
0.048 0.167127
0.049 0.170287
0.05 0.173741
0.051 0.177635
0.052 0.181309
0.053 0.184866
0.054 0.188216
0.055 0.192111
0.056 0.195991
0.057 0.199165
0.058 0.202722
0.059 0.206602
0.06 0.209996
0.061 0.213729
0.062 0.217403
0.063 0.221313
0.064 0.224443
0.065 0.228088
0.066 0.231556
0.067 0.235157
0.068 0.239095
0.069 0.242299
0.07 0.245973
0.071 0.249442
0.072 0.253365
0.073 0.256951
0.074 0.260449
0.075 0.264961
0.076 0.268179
0.077 0.271854
0.078 0.275557
0.079 0.278878
0.08 0.282744
0.081 0.286638
0.082 0.290283
0.083 0.294089
0.084 0.298116
0.085 0.301922
0.086 0.305552
0.087 0.309417
0.088 0.313047
0.089 0.316722
0.09 0.320116
0.091 0.323879
0.092 0.327229
0.093 0.331197
0.094 0.334886
0.095 0.33859
0.096 0.342455
0.097 0.346335
0.098 0.350038
0.099 0.353977
0.1 0.357886
0.101 0.361839
0.102 0.365528
0.103 0.369129
0.104 0.37295
0.105 0.376697
0.106 0.380342
0.107 0.384531
0.108 0.388601
0.109 0.392511
0.11 0.396611
0.111 0.401137
0.112 0.40515
0.113 0.408912
0.114 0.412968
0.115 0.416936
0.116 0.420742
0.117 0.42474
0.118 0.428708
0.119 0.432176
0.12 0.435821
0.121 0.439715
0.122 0.44361
0.123 0.447519
0.124 0.451752
0.125 0.456175
0.126 0.460379
0.127 0.464626
0.128 0.468785
0.129 0.473091
0.13 0.477191
0.131 0.481203
0.132 0.485289
0.133 0.489433
0.134 0.493754
0.135 0.497928
0.136 0.502366
0.137 0.50651
0.138 0.510243
0.139 0.514549
0.14 0.518708
0.141 0.522662
0.142 0.526556
0.143 0.530642
0.144 0.534669
0.145 0.538578
0.146 0.542678
0.147 0.547087
0.148 0.551452
0.149 0.555479
0.15 0.559197
0.151 0.563033
0.152 0.567045
0.153 0.571013
0.154 0.575025
0.155 0.579258
0.156 0.583475
0.157 0.587679
0.158 0.591514
0.159 0.595864
0.16 0.599965
0.161 0.603551
0.162 0.607695
0.163 0.611678
0.164 0.615469
0.165 0.619276
0.166 0.623185
0.167 0.626859
0.168 0.630665
0.169 0.634898
0.17 0.638822
0.171 0.642599
0.172 0.64642
0.173 0.650461
0.174 0.654518
0.175 0.658089
0.176 0.661719
0.177 0.66604
0.178 0.670434
0.179 0.674343
0.18 0.678238
0.181 0.682044
0.182 0.685792
0.183 0.689701
0.184 0.693375
0.185 0.697225
0.186 0.700841
0.187 0.704985
0.188 0.708424
0.189 0.711966
0.19 0.715566
0.191 0.719196
0.192 0.722327
0.193 0.72606
0.194 0.729822
0.195 0.733467
0.196 0.736685
0.197 0.739742
0.198 0.743181
0.199 0.746546
0.2 0.750132
0.201 0.753292
0.202 0.756746
0.203 0.76014
0.204 0.763506
0.205 0.766239
0.206 0.769605
0.207 0.772882
0.208 0.77566
0.209 0.779187
0.21 0.78242
0.211 0.785154
0.212 0.787931
0.213 0.790915
0.214 0.793619
0.215 0.796485
0.216 0.798513
0.217 0.800879
0.218 0.804009
0.219 0.806846
0.22 0.809667
0.221 0.812122
0.222 0.814752
0.223 0.817074
0.224 0.820028
0.225 0.822732
0.226 0.82526
0.227 0.827612
0.228 0.829948
0.229 0.832285
0.23 0.834754
0.231 0.837252
0.232 0.839383
0.233 0.841882
0.234 0.844277
0.235 0.846614
0.236 0.848716
0.237 0.850993
0.238 0.853007
0.239 0.854947
0.24 0.857386
0.241 0.859944
0.242 0.861957
0.243 0.8635
0.244 0.865234
0.245 0.866807
0.246 0.868761
0.247 0.87051
0.248 0.872435
0.249 0.874331
0.25 0.876374
0.251 0.878314
0.252 0.880151
0.253 0.881915
0.254 0.88384
0.255 0.885471
0.256 0.887014
0.257 0.888704
0.258 0.890439
0.259 0.891908
0.26 0.893393
0.261 0.894774
0.262 0.896229
0.263 0.897992
0.264 0.899374
0.265 0.900594
0.266 0.902181
0.267 0.903474
0.268 0.904841
0.269 0.906193
0.27 0.907633
0.271 0.909
0.272 0.910102
0.273 0.911278
0.274 0.912439
0.275 0.913629
0.276 0.914805
0.277 0.915937
0.278 0.917142
0.279 0.91845
0.28 0.919596
0.281 0.920669
0.282 0.921698
0.283 0.922653
0.284 0.923652
0.285 0.924887
0.286 0.925739
0.287 0.926694
0.288 0.927517
0.289 0.92837
0.29 0.92934
0.291 0.930339
0.292 0.931353
0.293 0.932323
0.294 0.933381
0.295 0.934175
0.296 0.935116
0.297 0.935997
0.298 0.936894
0.299 0.937687
0.3 0.938466
0.301 0.939069
0.302 0.939715
0.303 0.940347
0.304 0.941244
0.305 0.942096
0.306 0.942684
0.307 0.943419
0.308 0.944227
0.309 0.944918
0.31 0.945712
0.311 0.946388
0.312 0.947152
0.313 0.947828
0.314 0.948401
0.315 0.949004
0.316 0.949753
0.317 0.950414
0.318 0.951135
0.319 0.951943
0.32 0.952575
0.321 0.953192
0.322 0.953692
0.323 0.954162
0.324 0.954941
0.325 0.955602
0.326 0.956087
0.327 0.956675
0.328 0.957263
0.329 0.957866
0.33 0.958468
0.331 0.958909
0.332 0.959409
0.333 0.959923
0.334 0.960393
0.335 0.960687
0.336 0.961128
0.337 0.961701
0.338 0.962142
0.339 0.962568
0.34 0.963053
0.341 0.963494
0.342 0.963935
0.343 0.964376
0.344 0.964979
0.345 0.965317
0.346 0.965596
0.347 0.966007
0.348 0.966375
0.349 0.966757
0.35 0.967198
0.351 0.967609
0.352 0.968079
0.353 0.968491
0.354 0.968756
0.355 0.969108
0.356 0.969373
0.357 0.969814
0.358 0.970225
0.359 0.970534
0.36 0.971019
0.361 0.971298
0.362 0.971709
0.363 0.972018
0.364 0.972327
0.365 0.97265
0.366 0.972929
0.367 0.973164
0.368 0.973458
0.369 0.973723
0.37 0.973987
0.371 0.974325
0.372 0.974531
0.373 0.974869
0.374 0.97509
0.375 0.975442
0.376 0.975736
0.377 0.975986
0.378 0.976324
0.379 0.976589
0.38 0.976853
0.381 0.977088
0.382 0.977265
0.383 0.977485
0.384 0.977706
0.385 0.978
0.386 0.978293
0.387 0.97847
0.388 0.978646
0.389 0.978984
0.39 0.979205
0.391 0.979425
0.392 0.979748
0.393 0.980013
0.394 0.980175
0.395 0.980483
0.396 0.980674
0.397 0.980733
0.398 0.980924
0.399 0.981174
0.4 0.98135
0.401 0.981541
0.402 0.981762
0.403 0.981894
0.404 0.98207
0.405 0.982276
0.406 0.982423
0.407 0.982614
0.408 0.982791
0.409 0.98307
0.41 0.983158
0.411 0.98332
0.412 0.983422
0.413 0.983511
0.414 0.983761
0.415 0.983937
0.416 0.984025
0.417 0.984143
0.418 0.984319
0.419 0.984451
0.42 0.984628
0.421 0.984775
0.422 0.984907
0.423 0.98501
0.424 0.985157
0.425 0.985304
0.426 0.985495
0.427 0.985627
0.428 0.985745
0.429 0.985891
0.43 0.98595
0.431 0.986112
0.432 0.986171
0.433 0.986274
0.434 0.986391
0.435 0.986538
0.436 0.986582
0.437 0.986612
0.438 0.986714
0.439 0.986876
0.44 0.98695
0.441 0.987038
0.442 0.987273
0.443 0.987376
0.444 0.987479
0.445 0.987582
0.446 0.987626
0.447 0.987758
0.448 0.987905
0.449 0.988037
0.45 0.988125
0.451 0.988228
0.452 0.98836
0.453 0.988507
0.454 0.988566
0.455 0.988669
0.456 0.988772
0.457 0.988831
0.458 0.988919
0.459 0.988963
0.46 0.988992
0.461 0.989037
0.462 0.989125
0.463 0.989183
0.464 0.989375
0.465 0.989433
0.466 0.989507
0.467 0.989654
0.468 0.989727
0.469 0.989757
0.47 0.989801
0.471 0.989889
0.472 0.989992
0.473 0.990124
0.474 0.990198
0.475 0.99033
0.476 0.990403
0.477 0.990462
0.478 0.990594
0.479 0.990668
0.48 0.990697
0.481 0.990756
0.482 0.990932
0.483 0.991021
0.484 0.991109
0.485 0.991138
0.486 0.991153
0.487 0.991226
0.488 0.991314
0.489 0.991373
0.49 0.991476
0.491 0.991535
0.492 0.991608
0.493 0.991652
0.494 0.991755
0.495 0.991829
0.496 0.991932
0.497 0.99199
0.498 0.992064
0.499 0.992152
0.5 0.99224
0.501 0.992314
0.502 0.992431
0.503 0.99252
0.504 0.992578
0.505 0.992608
0.506 0.992725
0.507 0.992843
0.508 0.992975
0.509 0.993049
0.51 0.993122
0.511 0.993166
0.512 0.993225
0.513 0.993225
0.514 0.993372
0.515 0.993431
0.516 0.99349
0.517 0.993578
0.518 0.993622
0.519 0.993754
0.52 0.993813
0.521 0.993872
0.522 0.993974
0.523 0.994033
0.524 0.994092
0.525 0.994166
0.526 0.994224
0.527 0.994313
0.528 0.994371
0.529 0.994459
0.53 0.994459
0.531 0.994504
0.532 0.994548
0.533 0.994621
0.534 0.994636
0.535 0.994636
0.536 0.994724
0.537 0.994739
0.538 0.994783
0.539 0.994812
0.54 0.994842
0.541 0.99493
0.542 0.994959
0.543 0.994974
0.544 0.994974
0.545 0.995018
0.546 0.995077
0.547 0.995121
0.548 0.99518
0.549 0.995209
0.55 0.995253
0.551 0.995282
0.552 0.995327
0.553 0.995371
0.554 0.995459
0.555 0.995503
0.556 0.995532
0.557 0.995576
0.558 0.995635
0.559 0.995694
0.56 0.995709
0.561 0.995738
0.562 0.995782
0.563 0.995826
0.564 0.99587
0.565 0.9959
0.566 0.995944
0.567 0.995973
0.568 0.995988
0.569 0.996017
0.57 0.996076
0.571 0.99615
0.572 0.996179
0.573 0.996194
0.574 0.996223
0.575 0.996252
0.576 0.996297
0.577 0.996326
0.578 0.996326
0.579 0.996355
0.58 0.996385
0.581 0.996443
0.582 0.996502
0.583 0.996532
0.584 0.996561
0.585 0.996605
0.586 0.99662
0.587 0.996635
0.588 0.996708
0.589 0.996752
0.59 0.996796
0.591 0.996811
0.592 0.996811
0.593 0.996811
0.594 0.99684
0.595 0.996884
0.596 0.996943
0.597 0.996973
0.598 0.996987
0.599 0.997046
0.6 0.99709
0.601 0.997164
0.602 0.997164
0.603 0.997208
0.604 0.997222
0.605 0.997252
0.606 0.997266
0.607 0.997311
0.608 0.99734
0.609 0.997369
0.61 0.997384
0.611 0.997413
0.612 0.997443
0.613 0.997487
0.614 0.997516
0.615 0.99756
0.616 0.997575
0.617 0.997604
0.618 0.997634
0.619 0.997678
0.62 0.997707
0.621 0.997751
0.622 0.997781
0.623 0.997796
0.624 0.997796
0.625 0.99781
0.626 0.99781
0.627 0.99781
0.628 0.997854
0.629 0.997854
0.63 0.997854
0.631 0.997854
0.632 0.997869
0.633 0.997898
0.634 0.997913
0.635 0.997943
0.636 0.997957
0.637 0.997957
0.638 0.997987
0.639 0.997987
0.64 0.998016
0.641 0.998045
0.642 0.998089
0.643 0.998089
0.644 0.998089
0.645 0.998104
0.646 0.998134
0.647 0.998148
0.648 0.998148
0.649 0.998163
0.65 0.998163
0.651 0.998207
0.652 0.998207
0.653 0.998222
0.654 0.998251
0.655 0.998251
0.656 0.998266
0.657 0.998266
0.658 0.998281
0.659 0.998295
0.66 0.998325
0.661 0.998354
0.662 0.998383
0.663 0.998398
0.664 0.998413
0.665 0.998413
0.666 0.998442
0.667 0.998486
0.668 0.998486
0.669 0.998516
0.67 0.998545
0.671 0.99856
0.672 0.998574
0.673 0.998589
0.674 0.998619
0.675 0.998633
0.676 0.998648
0.677 0.998663
0.678 0.998663
0.679 0.998692
0.68 0.998721
0.681 0.998736
0.682 0.998766
0.683 0.998795
0.684 0.998839
0.685 0.998854
0.686 0.998854
0.687 0.998868
0.688 0.998868
0.689 0.998868
0.69 0.998883
0.691 0.998898
0.692 0.998927
0.693 0.998957
0.694 0.998957
0.695 0.998957
0.696 0.998971
0.697 0.998971
0.698 0.998971
0.699 0.998986
0.7 0.998986
0.701 0.998986
0.702 0.999001
0.703 0.99903
0.704 0.999045
0.705 0.999045
0.706 0.999089
0.707 0.999089
0.708 0.999104
0.709 0.999118
0.71 0.999118
0.711 0.999118
0.712 0.999133
0.713 0.999148
0.714 0.999148
0.715 0.999148
0.716 0.999148
0.717 0.999148
0.718 0.999148
0.719 0.999177
0.72 0.999177
0.721 0.999177
0.722 0.999177
0.723 0.999177
0.724 0.999177
0.725 0.999206
0.726 0.999206
0.727 0.999206
0.728 0.999206
0.729 0.999206
0.73 0.999206
0.731 0.999206
0.732 0.999236
0.733 0.999236
0.734 0.999265
0.735 0.99928
0.736 0.99928
0.737 0.99928
0.738 0.99928
0.739 0.99928
0.74 0.99928
0.741 0.99928
0.742 0.99928
0.743 0.99928
0.744 0.999295
0.745 0.999295
0.746 0.999309
0.747 0.999309
0.748 0.999309
0.749 0.999309
0.75 0.999324
0.751 0.999324
0.752 0.999324
0.753 0.999339
0.754 0.999339
0.755 0.999339
0.756 0.999339
0.757 0.999339
0.758 0.999339
0.759 0.999339
0.76 0.999353
0.761 0.999353
0.762 0.999353
0.763 0.999353
0.764 0.999368
0.765 0.999368
0.766 0.999368
0.767 0.999368
0.768 0.999368
0.769 0.999368
0.77 0.999397
0.771 0.999412
0.772 0.999412
0.773 0.999442
0.774 0.999442
0.775 0.999442
0.776 0.999456
0.777 0.9995
0.778 0.9995
0.779 0.9995
0.78 0.9995
0.781 0.9995
0.782 0.999515
0.783 0.99953
0.784 0.99953
0.785 0.999544
0.786 0.999544
0.787 0.999544
0.788 0.999559
0.789 0.999559
0.79 0.999559
0.791 0.999574
0.792 0.999589
0.793 0.999589
0.794 0.999589
0.795 0.999589
0.796 0.999589
0.797 0.999589
0.798 0.999603
0.799 0.999603
0.8 0.999618
0.801 0.999618
0.802 0.999618
0.803 0.999618
0.804 0.999618
0.805 0.999633
0.806 0.999633
0.807 0.999633
0.808 0.999633
0.809 0.999647
0.81 0.999647
0.811 0.999662
0.812 0.999662
0.813 0.999662
0.814 0.999662
0.815 0.999662
0.816 0.999662
0.817 0.999662
0.818 0.999691
0.819 0.999691
0.82 0.999706
0.821 0.999706
0.822 0.999721
0.823 0.999721
0.824 0.999721
0.825 0.999721
0.826 0.999721
0.827 0.999721
0.828 0.999721
0.829 0.999721
0.83 0.999721
0.831 0.999721
0.832 0.999721
0.833 0.999721
0.834 0.999721
0.835 0.999721
0.836 0.999721
0.837 0.999735
0.838 0.999735
0.839 0.99975
0.84 0.99975
0.841 0.999765
0.842 0.999765
0.843 0.999794
0.844 0.999809
0.845 0.999809
0.846 0.999809
0.847 0.999809
0.848 0.999809
0.849 0.999809
0.85 0.999809
0.851 0.999809
0.852 0.999809
0.853 0.999809
0.854 0.999809
0.855 0.999824
0.856 0.999824
0.857 0.999824
0.858 0.999824
0.859 0.999838
0.86 0.999838
0.861 0.999853
0.862 0.999853
0.863 0.999868
0.864 0.999868
0.865 0.999868
0.866 0.999868
0.867 0.999868
0.868 0.999868
0.869 0.999868
0.87 0.999897
0.871 0.999897
0.872 0.999897
0.873 0.999912
0.874 0.999912
0.875 0.999927
0.876 0.999927
0.877 0.999941
0.878 0.999941
0.879 0.999941
0.88 0.999941
0.881 0.999941
0.882 0.999941
0.883 0.999941
0.884 0.999956
0.885 0.999956
0.886 0.999956
0.887 0.999956
0.888 0.999956
0.889 0.999971
0.89 0.999971
0.891 0.999971
0.892 0.999971
0.893 0.999971
0.894 0.999971
0.895 0.999971
0.896 0.999985
0.897 0.999985
0.898 0.999985
0.899 0.999985
0.9 1
