725
-229.1 0.000642674
-228.9 0.000642674
-228.7 0.000642674
-228.5 0.000642674
-228.3 0.000642674
-228.1 0.000642674
-227.9 0.000642674
-227.7 0.000642674
-227.5 0.000642674
-227.3 0.000642674
-227.1 0.000642674
-226.9 0.000642674
-226.7 0.000642674
-226.5 0.000642674
-226.3 0.000642674
-226.1 0.000642674
-225.9 0.000642674
-225.7 0.000642674
-225.5 0.00128535
-225.3 0.00128535
-225.1 0.00192802
-224.9 0.00385604
-224.7 0.00449871
-224.5 0.00449871
-224.3 0.00578406
-224.1 0.00578406
-223.9 0.00642674
-223.7 0.0096401
-223.5 0.0109254
-223.3 0.0122108
-223.1 0.0141388
-222.9 0.0141388
-222.7 0.0147815
-222.5 0.0160668
-222.3 0.0173522
-222.1 0.0186375
-221.9 0.0205656
-221.7 0.0224936
-221.5 0.0237789
-221.3 0.0269923
-221.1 0.027635
-220.9 0.0289203
-220.7 0.0302057
-220.5 0.031491
-220.3 0.0366324
-220.1 0.0398458
-219.9 0.0430591
-219.7 0.0449871
-219.5 0.0462725
-219.3 0.0494859
-219.1 0.0514139
-218.9 0.0552699
-218.7 0.0559126
-218.5 0.0597686
-218.3 0.0616967
-218.1 0.0642674
-217.9 0.0655527
-217.7 0.0681234
-217.5 0.0700514
-217.3 0.0713368
-217.1 0.0732648
-216.9 0.0739075
-216.7 0.0764781
-216.5 0.0784062
-216.3 0.0809769
-216.1 0.0841902
-215.9 0.0867609
-215.7 0.0893316
-215.5 0.0919023
-215.3 0.094473
-215.1 0.094473
-214.9 0.098329
-214.7 0.102185
-214.5 0.104113
-214.3 0.106684
-214.1 0.107969
-213.9 0.111183
-213.7 0.114396
-213.5 0.116324
-213.3 0.117609
-213.1 0.120823
-212.9 0.121465
-212.7 0.124679
-212.5 0.130463
-212.3 0.133033
-212.1 0.133676
-211.9 0.134319
-211.7 0.138817
-211.5 0.142674
-211.3 0.145244
-211.1 0.147815
-210.9 0.151671
-210.7 0.153599
-210.5 0.159383
-210.3 0.160026
-210.1 0.163882
-209.9 0.169023
-209.7 0.172237
-209.5 0.17545
-209.3 0.178021
-209.1 0.183805
-208.9 0.185733
-208.7 0.188946
-208.5 0.192159
-208.3 0.196015
-208.1 0.197301
-207.9 0.198586
-207.7 0.203085
-207.5 0.20437
-207.3 0.210797
-207.1 0.214653
-206.9 0.217224
-206.7 0.218509
-206.5 0.219152
-206.3 0.223008
-206.1 0.226864
-205.9 0.23072
-205.7 0.234576
-205.5 0.238432
-205.3 0.241645
-205.1 0.245501
-204.9 0.248715
-204.7 0.252571
-204.5 0.255141
-204.3 0.257712
-204.1 0.258997
-203.9 0.264139
-203.7 0.268638
-203.5 0.269923
-203.3 0.275064
-203.1 0.276992
-202.9 0.279563
-202.7 0.282134
-202.5 0.285347
-202.3 0.287275
-202.1 0.291131
-201.9 0.294344
-201.7 0.29563
-201.5 0.297558
-201.3 0.300771
-201.1 0.304627
-200.9 0.307198
-200.7 0.309769
-200.5 0.312339
-200.3 0.314267
-200.1 0.316838
-199.9 0.320051
-199.7 0.321337
-199.5 0.32455
-199.3 0.325193
-199.1 0.326478
-198.9 0.330334
-198.7 0.333548
-198.5 0.338046
-198.3 0.338689
-198.1 0.342545
-197.9 0.347686
-197.7 0.349614
-197.5 0.352828
-197.3 0.355398
-197.1 0.357969
-196.9 0.359897
-196.7 0.363111
-196.5 0.366967
-196.3 0.37018
-196.1 0.372751
-195.9 0.374679
-195.7 0.375321
-195.5 0.375964
-195.3 0.378535
-195.1 0.381105
-194.9 0.382391
-194.7 0.384961
-194.5 0.388175
-194.3 0.392031
-194.1 0.393316
-193.9 0.39653
-193.7 0.397815
-193.5 0.400386
-193.3 0.404884
-193.1 0.406812
-192.9 0.411311
-192.7 0.413239
-192.5 0.414524
-192.3 0.419666
-192.1 0.426093
-191.9 0.429306
-191.7 0.430591
-191.5 0.433805
-191.3 0.437018
-191.1 0.439589
-190.9 0.440874
-190.7 0.442159
-190.5 0.446015
-190.3 0.447943
-190.1 0.449229
-189.9 0.451799
-189.7 0.453085
-189.5 0.45437
-189.3 0.458869
-189.1 0.46144
-188.9 0.465296
-188.7 0.469794
-188.5 0.47365
-188.3 0.474936
-188.1 0.478149
-187.9 0.48072
-187.7 0.48329
-187.5 0.486504
-187.3 0.492931
-187.1 0.495501
-186.9 0.496787
-186.7 0.501285
-186.5 0.503856
-186.3 0.505784
-186.1 0.510925
-185.9 0.512211
-185.7 0.514781
-185.5 0.518638
-185.3 0.522494
-185.1 0.524422
-184.9 0.52635
-184.7 0.531491
-184.5 0.534062
-184.3 0.53856
-184.1 0.540488
-183.9 0.541774
-183.7 0.544344
-183.5 0.548843
-183.3 0.552057
-183.1 0.55527
-182.9 0.557198
-182.7 0.561054
-182.5 0.563625
-182.3 0.566838
-182.1 0.570051
-181.9 0.575835
-181.7 0.578406
-181.5 0.579049
-181.3 0.579049
-181.1 0.580977
-180.9 0.585476
-180.7 0.586761
-180.5 0.588689
-180.3 0.59126
-180.1 0.593188
-179.9 0.596401
-179.7 0.599614
-179.5 0.60347
-179.3 0.607969
-179.1 0.61054
-178.9 0.611825
-178.7 0.613111
-178.5 0.615681
-178.3 0.617609
-178.1 0.620823
-177.9 0.624036
-177.7 0.627892
-177.5 0.628535
-177.3 0.631105
-177.1 0.634961
-176.9 0.637532
-176.7 0.63946
-176.5 0.641388
-176.3 0.64653
-176.1 0.647815
-175.9 0.648458
-175.7 0.651028
-175.5 0.652956
-175.3 0.657455
-175.1 0.65874
-174.9 0.660026
-174.7 0.663882
-174.5 0.665167
-174.3 0.667095
-174.1 0.670951
-173.9 0.67545
-173.7 0.678021
-173.5 0.679949
-173.3 0.681877
-173.1 0.683162
-172.9 0.68509
-172.7 0.688946
-172.5 0.694087
-172.3 0.696015
-172.1 0.698586
-171.9 0.700514
-171.7 0.703728
-171.5 0.706298
-171.3 0.708869
-171.1 0.710797
-170.9 0.712082
-170.7 0.715938
-170.5 0.720437
-170.3 0.726221
-170.1 0.727506
-169.9 0.730077
-169.7 0.731362
-169.5 0.733933
-169.3 0.735861
-169.1 0.738432
-168.9 0.741645
-168.7 0.743573
-168.5 0.745501
-168.3 0.746144
-168.1 0.749357
-167.9 0.750643
-167.7 0.753213
-167.5 0.753856
-167.3 0.756427
-167.1 0.757069
-166.9 0.758355
-166.7 0.75964
-166.5 0.760283
-166.3 0.762211
-166.1 0.764781
-165.9 0.767352
-165.7 0.76928
-165.5 0.771208
-165.3 0.772494
-165.1 0.773779
-164.9 0.776992
-164.7 0.77892
-164.5 0.780848
-164.3 0.782134
-164.1 0.784062
-163.9 0.787918
-163.7 0.78856
-163.5 0.789846
-163.3 0.790488
-163.1 0.792416
-162.9 0.796915
-162.7 0.800129
-162.5 0.801414
-162.3 0.802699
-162.1 0.805913
-161.9 0.809126
-161.7 0.811697
-161.5 0.814267
-161.3 0.820694
-161.1 0.821337
-160.9 0.823907
-160.7 0.826478
-160.5 0.826478
-160.3 0.826478
-160.1 0.829049
-159.9 0.833548
-159.7 0.836118
-159.5 0.839332
-159.3 0.84126
-159.1 0.846401
-158.9 0.847686
-158.7 0.850257
-158.5 0.8509
-158.3 0.85347
-158.1 0.854756
-157.9 0.856041
-157.7 0.857326
-157.5 0.857969
-157.3 0.859897
-157.1 0.862468
-156.9 0.864396
-156.7 0.868252
-156.5 0.868252
-156.3 0.868895
-156.1 0.871465
-155.9 0.872108
-155.7 0.875321
-155.5 0.875964
-155.3 0.877249
-155.1 0.879177
-154.9 0.87982
-154.7 0.881748
-154.5 0.884961
-154.3 0.885604
-154.1 0.88946
-153.9 0.890746
-153.7 0.892031
-153.5 0.893959
-153.3 0.894602
-153.1 0.89653
-152.9 0.89653
-152.7 0.897815
-152.5 0.898458
-152.3 0.901028
-152.1 0.902956
-151.9 0.904884
-151.7 0.904884
-151.5 0.906812
-151.3 0.910026
-151.1 0.910026
-150.9 0.913239
-150.7 0.915167
-150.5 0.916452
-150.3 0.917095
-150.1 0.917738
-149.9 0.91838
-149.7 0.91838
-149.5 0.91838
-149.3 0.919666
-149.1 0.920308
-148.9 0.922879
-148.7 0.922879
-148.5 0.924807
-148.3 0.92545
-148.1 0.926093
-147.9 0.927378
-147.7 0.927378
-147.5 0.929306
-147.3 0.930591
-147.1 0.930591
-146.9 0.931877
-146.7 0.931877
-146.5 0.932519
-146.3 0.933162
-146.1 0.933162
-145.9 0.934447
-145.7 0.936375
-145.5 0.937018
-145.3 0.938303
-145.1 0.940874
-144.9 0.940874
-144.7 0.941517
-144.5 0.943445
-144.3 0.946015
-144.1 0.947301
-143.9 0.947943
-143.7 0.949871
-143.5 0.950514
-143.3 0.951157
-143.1 0.951157
-142.9 0.951157
-142.7 0.953728
-142.5 0.953728
-142.3 0.953728
-142.1 0.95437
-141.9 0.955013
-141.7 0.956298
-141.5 0.956941
-141.3 0.957584
-141.1 0.958869
-140.9 0.960797
-140.7 0.96144
-140.5 0.96401
-140.3 0.965296
-140.1 0.965296
-139.9 0.965296
-139.7 0.965938
-139.5 0.965938
-139.3 0.965938
-139.1 0.965938
-138.9 0.965938
-138.7 0.965938
-138.5 0.965938
-138.3 0.967224
-138.1 0.967866
-137.9 0.967866
-137.7 0.969794
-137.5 0.969794
-137.3 0.969794
-137.1 0.969794
-136.9 0.97108
-136.7 0.971722
-136.5 0.971722
-136.3 0.971722
-136.1 0.97365
-135.9 0.97365
-135.7 0.974293
-135.5 0.974293
-135.3 0.974293
-135.1 0.974936
-134.9 0.974936
-134.7 0.975578
-134.5 0.976221
-134.3 0.976864
-134.1 0.976864
-133.9 0.977506
-133.7 0.978149
-133.5 0.979434
-133.3 0.979434
-133.1 0.979434
-132.9 0.979434
-132.7 0.979434
-132.5 0.979434
-132.3 0.980077
-132.1 0.98072
-131.9 0.98072
-131.7 0.981362
-131.5 0.982005
-131.3 0.982648
-131.1 0.98329
-130.9 0.983933
-130.7 0.983933
-130.5 0.983933
-130.3 0.983933
-130.1 0.983933
-129.9 0.984576
-129.7 0.985219
-129.5 0.985861
-129.3 0.986504
-129.1 0.986504
-128.9 0.987147
-128.7 0.987147
-128.5 0.988432
-128.3 0.988432
-128.1 0.988432
-127.9 0.988432
-127.7 0.989717
-127.5 0.99036
-127.3 0.99036
-127.1 0.99036
-126.9 0.991003
-126.7 0.991003
-126.5 0.991003
-126.3 0.991645
-126.1 0.991645
-125.9 0.991645
-125.7 0.991645
-125.5 0.991645
-125.3 0.991645
-125.1 0.991645
-124.9 0.992288
-124.7 0.992288
-124.5 0.992288
-124.3 0.992288
-124.1 0.992288
-123.9 0.992288
-123.7 0.992288
-123.5 0.992288
-123.3 0.992288
-123.1 0.992931
-122.9 0.993573
-122.7 0.994216
-122.5 0.994216
-122.3 0.994216
-122.1 0.994216
-121.9 0.994216
-121.7 0.994216
-121.5 0.994216
-121.3 0.994216
-121.1 0.994216
-120.9 0.994859
-120.7 0.994859
-120.5 0.994859
-120.3 0.994859
-120.1 0.994859
-119.9 0.994859
-119.7 0.994859
-119.5 0.995501
-119.3 0.995501
-119.1 0.996144
-118.9 0.996144
-118.7 0.996144
-118.5 0.996787
-118.3 0.996787
-118.1 0.996787
-117.9 0.996787
-117.7 0.996787
-117.5 0.996787
-117.3 0.996787
-117.1 0.996787
-116.9 0.996787
-116.7 0.996787
-116.5 0.997429
-116.3 0.997429
-116.1 0.997429
-115.9 0.997429
-115.7 0.997429
-115.5 0.997429
-115.3 0.997429
-115.1 0.997429
-114.9 0.997429
-114.7 0.997429
-114.5 0.997429
-114.3 0.997429
-114.1 0.997429
-113.9 0.997429
-113.7 0.997429
-113.5 0.997429
-113.3 0.997429
-113.1 0.997429
-112.9 0.997429
-112.7 0.997429
-112.5 0.997429
-112.3 0.997429
-112.1 0.997429
-111.9 0.997429
-111.7 0.997429
-111.5 0.997429
-111.3 0.997429
-111.1 0.997429
-110.9 0.998072
-110.7 0.998072
-110.5 0.998072
-110.3 0.998072
-110.1 0.998072
-109.9 0.998072
-109.7 0.998072
-109.5 0.998072
-109.3 0.998072
-109.1 0.998072
-108.9 0.998072
-108.7 0.998072
-108.5 0.998072
-108.3 0.998072
-108.1 0.998072
-107.9 0.998072
-107.7 0.998072
-107.5 0.998072
-107.3 0.998072
-107.1 0.998072
-106.9 0.998072
-106.7 0.998072
-106.5 0.998072
-106.3 0.998072
-106.1 0.998072
-105.9 0.998072
-105.7 0.998072
-105.5 0.998072
-105.3 0.998072
-105.1 0.998072
-104.9 0.998072
-104.7 0.998072
-104.5 0.998072
-104.3 0.998715
-104.1 0.998715
-103.9 0.998715
-103.7 0.998715
-103.5 0.998715
-103.3 0.998715
-103.1 0.998715
-102.9 0.998715
-102.7 0.998715
-102.5 0.998715
-102.3 0.998715
-102.1 0.998715
-101.9 0.998715
-101.7 0.998715
-101.5 0.998715
-101.3 0.998715
-101.1 0.998715
-100.9 0.998715
-100.7 0.998715
-100.5 0.998715
-100.3 0.998715
-100.1 0.998715
-99.9 0.998715
-99.7 0.998715
-99.5 0.998715
-99.3 0.998715
-99.1 0.998715
-98.9 0.998715
-98.7 0.998715
-98.5 0.998715
-98.3 0.998715
-98.1 0.998715
-97.9 0.998715
-97.7 0.998715
-97.5 0.998715
-97.3 0.998715
-97.1 0.998715
-96.9 0.998715
-96.7 0.998715
-96.5 0.998715
-96.3 0.998715
-96.1 0.998715
-95.9 0.998715
-95.7 0.998715
-95.5 0.998715
-95.3 0.998715
-95.1 0.998715
-94.9 0.998715
-94.7 0.998715
-94.5 0.998715
-94.3 0.998715
-94.1 0.998715
-93.9 0.998715
-93.7 0.998715
-93.5 0.998715
-93.3 0.998715
-93.1 0.998715
-92.9 0.998715
-92.7 0.998715
-92.5 0.998715
-92.3 0.998715
-92.1 0.998715
-91.9 0.998715
-91.7 0.998715
-91.5 0.998715
-91.3 0.998715
-91.1 0.998715
-90.9 0.998715
-90.7 0.998715
-90.5 0.998715
-90.3 0.999357
-90.1 0.999357
-89.9 0.999357
-89.7 0.999357
-89.5 0.999357
-89.3 0.999357
-89.1 0.999357
-88.9 0.999357
-88.7 0.999357
-88.5 0.999357
-88.3 0.999357
-88.1 0.999357
-87.9 0.999357
-87.7 0.999357
-87.5 0.999357
-87.3 0.999357
-87.1 0.999357
-86.9 0.999357
-86.7 0.999357
-86.5 0.999357
-86.3 0.999357
-86.1 0.999357
-85.9 0.999357
-85.7 0.999357
-85.5 0.999357
-85.3 0.999357
-85.1 0.999357
-84.9 0.999357
-84.7 0.999357
-84.5 0.999357
-84.3 1
