702
1026.3 0.000705716
1026.5 0.000705716
1026.7 0.000705716
1026.9 0.00211715
1027.1 0.00211715
1027.3 0.00211715
1027.5 0.00211715
1027.7 0.00211715
1027.9 0.00211715
1028.1 0.00282287
1028.3 0.00282287
1028.5 0.00282287
1028.7 0.00282287
1028.9 0.0042343
1029.1 0.00494001
1029.3 0.00564573
1029.5 0.00564573
1029.7 0.00705716
1029.9 0.00705716
1030.1 0.0084686
1030.3 0.0084686
1030.5 0.00917431
1030.7 0.00917431
1030.9 0.00917431
1031.1 0.00988003
1031.3 0.0105857
1031.5 0.0127029
1031.7 0.0134086
1031.9 0.0134086
1032.1 0.01482
1032.3 0.0155258
1032.5 0.0169372
1032.7 0.0190543
1032.9 0.0204658
1033.1 0.0204658
1033.3 0.0211715
1033.5 0.0211715
1033.7 0.0225829
1033.9 0.0239944
1034.1 0.0247001
1034.3 0.0268172
1034.5 0.0282287
1034.7 0.0289344
1034.9 0.0296401
1035.1 0.0296401
1035.3 0.0303458
1035.5 0.0317572
1035.7 0.0324629
1035.9 0.0352858
1036.1 0.0359915
1036.3 0.037403
1036.5 0.0388144
1036.7 0.0395201
1036.9 0.0409315
1037.1 0.0416373
1037.3 0.0430487
1037.5 0.0444601
1037.7 0.0458716
1037.9 0.047283
1038.1 0.0494001
1038.3 0.0501059
1038.5 0.0529287
1038.7 0.0543402
1038.9 0.0557516
1039.1 0.0564573
1039.3 0.0578687
1039.5 0.0578687
1039.7 0.0606916
1039.9 0.062103
1040.1 0.0635145
1040.3 0.0663373
1040.5 0.067043
1040.7 0.067043
1040.9 0.067043
1041.1 0.067043
1041.3 0.0677488
1041.5 0.0691602
1041.7 0.0691602
1041.9 0.0691602
1042.1 0.0705716
1042.3 0.0712773
1042.5 0.0712773
1042.7 0.0726888
1042.9 0.0741002
1043.1 0.0762174
1043.3 0.0776288
1043.5 0.0783345
1043.7 0.0797459
1043.9 0.0811574
1044.1 0.0832745
1044.3 0.0853917
1044.5 0.0853917
1044.7 0.0868031
1044.9 0.0903317
1045.1 0.0938603
1045.3 0.0959774
1045.5 0.0973888
1045.7 0.0988003
1045.9 0.100917
1046.1 0.103035
1046.3 0.105152
1046.5 0.109386
1046.7 0.110797
1046.9 0.114326
1047.1 0.116443
1047.3 0.117149
1047.5 0.119266
1047.7 0.122089
1047.9 0.124206
1048.1 0.127735
1048.3 0.132675
1048.5 0.134086
1048.7 0.136203
1048.9 0.136909
1049.1 0.139732
1049.3 0.14326
1049.5 0.146083
1049.7 0.149612
1049.9 0.15314
1050.1 0.157375
1050.3 0.160198
1050.5 0.163726
1050.7 0.167255
1050.9 0.172195
1051.1 0.175018
1051.3 0.176429
1051.5 0.178546
1051.7 0.181369
1051.9 0.184898
1052.1 0.187721
1052.3 0.194778
1052.5 0.196895
1052.7 0.202541
1052.9 0.206069
1053.1 0.211009
1053.3 0.215949
1053.5 0.218066
1053.7 0.219478
1053.9 0.220183
1054.1 0.225124
1054.3 0.225829
1054.5 0.230064
1054.7 0.232886
1054.9 0.236415
1055.1 0.239238
1055.3 0.244178
1055.5 0.247001
1055.7 0.252646
1055.9 0.254058
1056.1 0.256175
1056.3 0.258292
1056.5 0.263232
1056.7 0.266761
1056.9 0.271701
1057.1 0.275229
1057.3 0.278758
1057.5 0.280875
1057.7 0.285109
1057.9 0.286521
1058.1 0.290755
1058.3 0.294284
1058.5 0.297812
1058.7 0.301341
1058.9 0.304164
1059.1 0.306281
1059.3 0.308398
1059.5 0.310515
1059.7 0.314044
1059.9 0.316161
1060.1 0.318984
1060.3 0.323924
1060.5 0.327452
1060.7 0.330275
1060.9 0.335215
1061.1 0.340155
1061.3 0.342978
1061.5 0.348624
1061.7 0.357092
1061.9 0.362738
1062.1 0.365561
1062.3 0.370501
1062.5 0.371912
1062.7 0.373324
1062.9 0.378264
1063.1 0.38391
1063.3 0.389555
1063.5 0.394495
1063.7 0.397318
1063.9 0.400847
1064.1 0.402964
1064.3 0.404375
1064.5 0.405787
1064.7 0.409315
1064.9 0.411433
1065.1 0.414255
1065.3 0.419901
1065.5 0.422018
1065.7 0.424841
1065.9 0.429076
1066.1 0.429781
1066.3 0.432604
1066.5 0.434721
1066.7 0.441073
1066.9 0.444601
1067.1 0.447424
1067.3 0.449541
1067.5 0.45307
1067.7 0.454481
1067.9 0.45801
1068.1 0.463656
1068.3 0.466478
1068.5 0.47283
1068.7 0.474241
1068.9 0.479887
1069.1 0.482004
1069.3 0.483416
1069.5 0.486944
1069.7 0.490473
1069.9 0.493296
1070.1 0.49753
1070.3 0.501059
1070.5 0.504587
1070.7 0.506704
1070.9 0.509527
1071.1 0.510939
1071.3 0.515173
1071.5 0.518701
1071.7 0.520113
1071.9 0.522936
1072.1 0.530699
1072.3 0.534227
1072.5 0.537756
1072.7 0.540579
1072.9 0.544107
1073.1 0.548342
1073.3 0.550459
1073.5 0.553282
1073.7 0.556104
1073.9 0.557516
1074.1 0.558927
1074.3 0.561044
1074.5 0.563162
1074.7 0.56669
1074.9 0.569513
1075.1 0.572336
1075.3 0.577276
1075.5 0.579393
1075.7 0.580805
1075.9 0.584333
1076.1 0.588567
1076.3 0.589273
1076.5 0.59139
1076.7 0.595625
1076.9 0.59633
1077.1 0.598447
1077.3 0.60127
1077.5 0.602682
1077.7 0.604093
1077.9 0.610445
1078.1 0.612562
1078.3 0.616796
1078.5 0.619619
1078.7 0.62103
1078.9 0.621736
1079.1 0.623853
1079.3 0.627382
1079.5 0.629499
1079.7 0.630205
1079.9 0.633028
1080.1 0.636556
1080.3 0.638673
1080.5 0.642202
1080.7 0.643613
1080.9 0.646436
1081.1 0.647848
1081.3 0.652082
1081.5 0.653493
1081.7 0.654905
1081.9 0.654905
1082.1 0.658433
1082.3 0.661962
1082.5 0.664079
1082.7 0.664785
1082.9 0.666902
1083.1 0.666902
1083.3 0.669019
1083.5 0.671842
1083.7 0.673959
1083.9 0.674665
1084.1 0.676782
1084.3 0.679605
1084.5 0.683133
1084.7 0.684545
1084.9 0.686662
1085.1 0.688779
1085.3 0.691602
1085.5 0.695131
1085.7 0.700776
1085.9 0.700776
1086.1 0.704305
1086.3 0.706422
1086.5 0.707128
1086.7 0.711362
1086.9 0.714891
1087.1 0.718419
1087.3 0.721948
1087.5 0.727594
1087.7 0.728299
1087.9 0.731828
1088.1 0.733239
1088.3 0.737474
1088.5 0.741002
1088.7 0.741708
1088.9 0.743825
1089.1 0.745942
1089.3 0.747354
1089.5 0.754411
1089.7 0.757939
1089.9 0.760762
1090.1 0.760762
1090.3 0.764291
1090.5 0.765702
1090.7 0.769231
1090.9 0.772759
1091.1 0.774876
1091.3 0.776288
1091.5 0.776994
1091.7 0.779111
1091.9 0.781934
1092.1 0.783345
1092.3 0.784757
1092.5 0.787579
1092.7 0.790402
1092.9 0.793225
1093.1 0.796754
1093.3 0.798871
1093.5 0.801694
1093.7 0.802399
1093.9 0.805928
1094.1 0.808045
1094.3 0.809457
1094.5 0.811574
1094.7 0.813691
1094.9 0.815808
1095.1 0.816514
1095.3 0.819337
1095.5 0.823571
1095.7 0.829217
1095.9 0.829922
1096.1 0.83204
1096.3 0.834862
1096.5 0.836274
1096.7 0.83698
1096.9 0.839097
1097.1 0.839802
1097.3 0.84192
1097.5 0.845448
1097.7 0.84686
1097.9 0.847565
1098.1 0.848977
1098.3 0.850388
1098.5 0.853211
1098.7 0.854622
1098.9 0.856034
1099.1 0.857445
1099.3 0.858857
1099.5 0.86168
1099.7 0.86168
1099.9 0.862385
1100.1 0.865914
1100.3 0.868031
1100.5 0.870148
1100.7 0.870854
1100.9 0.87156
1101.1 0.87156
1101.3 0.872265
1101.5 0.872971
1101.7 0.873677
1101.9 0.8765
1102.1 0.878617
1102.3 0.879323
1102.5 0.880734
1102.7 0.882851
1102.9 0.884263
1103.1 0.887085
1103.3 0.888497
1103.5 0.89132
1103.7 0.894143
1103.9 0.896965
1104.1 0.896965
1104.3 0.897671
1104.5 0.897671
1104.7 0.897671
1104.9 0.898377
1105.1 0.898377
1105.3 0.899083
1105.5 0.9012
1105.7 0.903317
1105.9 0.904023
1106.1 0.90614
1106.3 0.906845
1106.5 0.907551
1106.7 0.908963
1106.9 0.910374
1107.1 0.91108
1107.3 0.913197
1107.5 0.914608
1107.7 0.916725
1107.9 0.918137
1108.1 0.92096
1108.3 0.921665
1108.5 0.923077
1108.7 0.923077
1108.9 0.925194
1109.1 0.9259
1109.3 0.928017
1109.5 0.930134
1109.7 0.931546
1109.9 0.931546
1110.1 0.932251
1110.3 0.932957
1110.5 0.932957
1110.7 0.93578
1110.9 0.937191
1111.1 0.938603
1111.3 0.939308
1111.5 0.940014
1111.7 0.940014
1111.9 0.94072
1112.1 0.941426
1112.3 0.943543
1112.5 0.943543
1112.7 0.944248
1112.9 0.944248
1113.1 0.946366
1113.3 0.946366
1113.5 0.947071
1113.7 0.948483
1113.9 0.948483
1114.1 0.948483
1114.3 0.949894
1114.5 0.951306
1114.7 0.951306
1114.9 0.951306
1115.1 0.951306
1115.3 0.953423
1115.5 0.954128
1115.7 0.95554
1115.9 0.957657
1116.1 0.958363
1116.3 0.959774
1116.5 0.96048
1116.7 0.961186
1116.9 0.961186
1117.1 0.961186
1117.3 0.963303
1117.5 0.964008
1117.7 0.964714
1117.9 0.96542
1118.1 0.96542
1118.3 0.966126
1118.5 0.967537
1118.7 0.968948
1118.9 0.968948
1119.1 0.968948
1119.3 0.968948
1119.5 0.968948
1119.7 0.969654
1119.9 0.969654
1120.1 0.969654
1120.3 0.97036
1120.5 0.97036
1120.7 0.97036
1120.9 0.97036
1121.1 0.971066
1121.3 0.971066
1121.5 0.971066
1121.7 0.971066
1121.9 0.971771
1122.1 0.972477
1122.3 0.973183
1122.5 0.973888
1122.7 0.974594
1122.9 0.976006
1123.1 0.976006
1123.3 0.976006
1123.5 0.976006
1123.7 0.976711
1123.9 0.976711
1124.1 0.976711
1124.3 0.978123
1124.5 0.979534
1124.7 0.979534
1124.9 0.98024
1125.1 0.980946
1125.3 0.980946
1125.5 0.981651
1125.7 0.981651
1125.9 0.981651
1126.1 0.981651
1126.3 0.981651
1126.5 0.981651
1126.7 0.982357
1126.9 0.982357
1127.1 0.982357
1127.3 0.982357
1127.5 0.982357
1127.7 0.982357
1127.9 0.983063
1128.1 0.983063
1128.3 0.983063
1128.5 0.983063
1128.7 0.983063
1128.9 0.983769
1129.1 0.984474
1129.3 0.984474
1129.5 0.984474
1129.7 0.984474
1129.9 0.984474
1130.1 0.98518
1130.3 0.98518
1130.5 0.98518
1130.7 0.98518
1130.9 0.985886
1131.1 0.985886
1131.3 0.985886
1131.5 0.985886
1131.7 0.985886
1131.9 0.985886
1132.1 0.986591
1132.3 0.987297
1132.5 0.987297
1132.7 0.987297
1132.9 0.987297
1133.1 0.987297
1133.3 0.988003
1133.5 0.988709
1133.7 0.989414
1133.9 0.99012
1134.1 0.99012
1134.3 0.99012
1134.5 0.990826
1134.7 0.990826
1134.9 0.990826
1135.1 0.991531
1135.3 0.991531
1135.5 0.992237
1135.7 0.992237
1135.9 0.992237
1136.1 0.992237
1136.3 0.992237
1136.5 0.992237
1136.7 0.992237
1136.9 0.992237
1137.1 0.992237
1137.3 0.992237
1137.5 0.992237
1137.7 0.992237
1137.9 0.992237
1138.1 0.992943
1138.3 0.992943
1138.5 0.992943
1138.7 0.993649
1138.9 0.993649
1139.1 0.993649
1139.3 0.993649
1139.5 0.993649
1139.7 0.993649
1139.9 0.993649
1140.1 0.993649
1140.3 0.993649
1140.5 0.993649
1140.7 0.993649
1140.9 0.993649
1141.1 0.993649
1141.3 0.993649
1141.5 0.993649
1141.7 0.993649
1141.9 0.993649
1142.1 0.993649
1142.3 0.99506
1142.5 0.99506
1142.7 0.99506
1142.9 0.99506
1143.1 0.995766
1143.3 0.996471
1143.5 0.997177
1143.7 0.997177
1143.9 0.997177
1144.1 0.997177
1144.3 0.997177
1144.5 0.997177
1144.7 0.997177
1144.9 0.997883
1145.1 0.997883
1145.3 0.997883
1145.5 0.997883
1145.7 0.998589
1145.9 0.998589
1146.1 0.998589
1146.3 0.998589
1146.5 0.998589
1146.7 0.998589
1146.9 0.998589
1147.1 0.998589
1147.3 0.998589
1147.5 0.998589
1147.7 0.998589
1147.9 0.998589
1148.1 0.998589
1148.3 0.998589
1148.5 0.998589
1148.7 0.998589
1148.9 0.998589
1149.1 0.998589
1149.3 0.998589
1149.5 0.998589
1149.7 0.998589
1149.9 0.998589
1150.1 0.998589
1150.3 0.998589
1150.5 0.998589
1150.7 0.998589
1150.9 0.998589
1151.1 0.998589
1151.3 0.998589
1151.5 0.998589
1151.7 0.998589
1151.9 0.998589
1152.1 0.998589
1152.3 0.998589
1152.5 0.998589
1152.7 0.998589
1152.9 0.998589
1153.1 0.998589
1153.3 0.998589
1153.5 0.998589
1153.7 0.998589
1153.9 0.998589
1154.1 0.998589
1154.3 0.998589
1154.5 0.998589
1154.7 0.998589
1154.9 0.998589
1155.1 0.998589
1155.3 0.998589
1155.5 0.998589
1155.7 0.998589
1155.9 0.998589
1156.1 0.998589
1156.3 0.998589
1156.5 0.998589
1156.7 0.998589
1156.9 0.998589
1157.1 0.998589
1157.3 0.998589
1157.5 0.998589
1157.7 0.998589
1157.9 0.998589
1158.1 0.998589
1158.3 0.998589
1158.5 0.998589
1158.7 0.998589
1158.9 0.998589
1159.1 0.998589
1159.3 0.998589
1159.5 0.998589
1159.7 0.998589
1159.9 0.998589
1160.1 0.998589
1160.3 0.998589
1160.5 0.998589
1160.7 0.998589
1160.9 0.998589
1161.1 0.998589
1161.3 0.998589
1161.5 0.998589
1161.7 0.998589
1161.9 0.998589
1162.1 0.998589
1162.3 0.998589
1162.5 0.998589
1162.7 0.998589
1162.9 0.998589
1163.1 0.998589
1163.3 0.998589
1163.5 0.998589
1163.7 0.998589
1163.9 0.998589
1164.1 0.998589
1164.3 0.998589
1164.5 0.998589
1164.7 0.998589
1164.9 0.998589
1165.1 0.999294
1165.3 0.999294
1165.5 0.999294
1165.7 0.999294
1165.9 0.999294
1166.1 0.999294
1166.3 0.999294
1166.5 1
