300
0.001 0
0.002 0.00680272
0.003 0.0204082
0.004 0.0204082
0.005 0.0204082
0.006 0.0340136
0.007 0.047619
0.008 0.047619
0.009 0.047619
0.01 0.047619
0.011 0.047619
0.012 0.047619
0.013 0.047619
0.014 0.0544218
0.015 0.0680272
0.016 0.0748299
0.017 0.0816327
0.018 0.0816327
0.019 0.0816327
0.02 0.0952381
0.021 0.0952381
0.022 0.102041
0.023 0.108844
0.024 0.122449
0.025 0.122449
0.026 0.14966
0.027 0.156463
0.028 0.156463
0.029 0.163265
0.03 0.183673
0.031 0.190476
0.032 0.204082
0.033 0.210884
0.034 0.231293
0.035 0.231293
0.036 0.238095
0.037 0.258503
0.038 0.272109
0.039 0.272109
0.04 0.278912
0.041 0.278912
0.042 0.278912
0.043 0.285714
0.044 0.285714
0.045 0.292517
0.046 0.292517
0.047 0.29932
0.048 0.306122
0.049 0.312925
0.05 0.312925
0.051 0.312925
0.052 0.326531
0.053 0.333333
0.054 0.346939
0.055 0.353741
0.056 0.353741
0.057 0.360544
0.058 0.360544
0.059 0.367347
0.06 0.380952
0.061 0.387755
0.062 0.408163
0.063 0.428571
0.064 0.428571
0.065 0.442177
0.066 0.44898
0.067 0.44898
0.068 0.455782
0.069 0.462585
0.07 0.462585
0.071 0.469388
0.072 0.482993
0.073 0.496599
0.074 0.503401
0.075 0.510204
0.076 0.517007
0.077 0.52381
0.078 0.52381
0.079 0.530612
0.08 0.537415
0.081 0.55102
0.082 0.55102
0.083 0.55102
0.084 0.55102
0.085 0.55102
0.086 0.564626
0.087 0.571429
0.088 0.585034
0.089 0.605442
0.09 0.612245
0.091 0.619048
0.092 0.619048
0.093 0.62585
0.094 0.632653
0.095 0.646258
0.096 0.653061
0.097 0.653061
0.098 0.659864
0.099 0.673469
0.1 0.673469
0.101 0.673469
0.102 0.673469
0.103 0.687075
0.104 0.687075
0.105 0.693878
0.106 0.70068
0.107 0.707483
0.108 0.721088
0.109 0.734694
0.11 0.748299
0.111 0.755102
0.112 0.77551
0.113 0.782313
0.114 0.795918
0.115 0.816327
0.116 0.823129
0.117 0.829932
0.118 0.836735
0.119 0.836735
0.12 0.843537
0.121 0.843537
0.122 0.843537
0.123 0.85034
0.124 0.85034
0.125 0.857143
0.126 0.863946
0.127 0.877551
0.128 0.877551
0.129 0.884354
0.13 0.884354
0.131 0.884354
0.132 0.884354
0.133 0.884354
0.134 0.884354
0.135 0.891156
0.136 0.897959
0.137 0.897959
0.138 0.897959
0.139 0.904762
0.14 0.911565
0.141 0.911565
0.142 0.918367
0.143 0.918367
0.144 0.92517
0.145 0.92517
0.146 0.92517
0.147 0.92517
0.148 0.92517
0.149 0.931973
0.15 0.938775
0.151 0.938775
0.152 0.938775
0.153 0.945578
0.154 0.945578
0.155 0.945578
0.156 0.945578
0.157 0.945578
0.158 0.945578
0.159 0.945578
0.16 0.945578
0.161 0.945578
0.162 0.945578
0.163 0.945578
0.164 0.945578
0.165 0.945578
0.166 0.952381
0.167 0.959184
0.168 0.959184
0.169 0.959184
0.17 0.959184
0.171 0.959184
0.172 0.959184
0.173 0.959184
0.174 0.959184
0.175 0.965986
0.176 0.972789
0.177 0.972789
0.178 0.972789
0.179 0.972789
0.18 0.972789
0.181 0.972789
0.182 0.972789
0.183 0.972789
0.184 0.979592
0.185 0.979592
0.186 0.979592
0.187 0.979592
0.188 0.979592
0.189 0.979592
0.19 0.979592
0.191 0.979592
0.192 0.979592
0.193 0.979592
0.194 0.979592
0.195 0.979592
0.196 0.979592
0.197 0.979592
0.198 0.979592
0.199 0.979592
0.2 0.979592
0.201 0.979592
0.202 0.979592
0.203 0.979592
0.204 0.986395
0.205 0.986395
0.206 0.986395
0.207 0.986395
0.208 0.986395
0.209 0.986395
0.21 0.986395
0.211 0.986395
0.212 0.986395
0.213 0.986395
0.214 0.986395
0.215 0.986395
0.216 0.986395
0.217 0.986395
0.218 0.986395
0.219 0.986395
0.22 0.986395
0.221 0.986395
0.222 0.986395
0.223 0.986395
0.224 0.993197
0.225 0.993197
0.226 0.993197
0.227 0.993197
0.228 0.993197
0.229 0.993197
0.23 0.993197
0.231 0.993197
0.232 1
0.233 1
0.234 1
0.235 1
0.236 1
0.237 1
0.238 1
0.239 1
0.24 1
0.241 1
0.242 1
0.243 1
0.244 1
0.245 1
0.246 1
0.247 1
0.248 1
0.249 1
0.25 1
0.251 1.02041
0.252 1.02041
0.253 1.02041
0.254 1.02041
0.255 1.02041
0.256 1.02041
0.257 1.02041
0.258 1.02041
0.259 1.02041
0.26 1.02041
0.261 1.02041
0.262 1.02041
0.263 1.02041
0.264 1.02041
0.265 1.02041
0.266 1.02041
0.267 1.02041
0.268 1.02041
0.269 1.02041
0.27 1.02041
0.271 1.02041
0.272 1.02041
0.273 1.02041
0.274 1.02041
0.275 1.02041
0.276 1.02041
0.277 1.02041
0.278 1.02041
0.279 1.02041
0.28 1.02041
0.281 1.02041
0.282 1.02041
0.283 1.02041
0.284 1.02041
0.285 1.02041
0.286 1.02041
0.287 1.02041
0.288 1.02041
0.289 1.02041
0.29 1.02041
0.291 1.02041
0.292 1.02041
0.293 1.02041
0.294 1.02041
0.295 1.02041
0.296 1.02041
0.297 1.02041
0.298 1.02041
0.299 1.02041
0.3 1.02041
