700
0 0
0.001 0.00318544
0.002 0.00618116
0.003 0.00949642
0.004 0.0129914
0.005 0.016087
0.006 0.0194622
0.007 0.0224179
0.008 0.0253338
0.009 0.0285292
0.01 0.0323238
0.011 0.0357189
0.012 0.0389543
0.013 0.0423494
0.014 0.0459143
0.015 0.0492795
0.016 0.0526847
0.017 0.0560099
0.018 0.059445
0.019 0.0627403
0.02 0.0661354
0.021 0.0690912
0.022 0.0728558
0.023 0.076251
0.024 0.0794763
0.025 0.0826518
0.026 0.086047
0.027 0.0896818
0.028 0.0929271
0.029 0.0961525
0.03 0.0992281
0.031 0.102334
0.032 0.105669
0.033 0.108764
0.034 0.11188
0.035 0.114956
0.036 0.118061
0.037 0.121556
0.038 0.124991
0.039 0.128257
0.04 0.131652
0.041 0.134867
0.042 0.138272
0.043 0.141598
0.044 0.144773
0.045 0.147779
0.046 0.150824
0.047 0.15419
0.048 0.157355
0.049 0.16063
0.05 0.163836
0.051 0.167421
0.052 0.170506
0.053 0.174101
0.054 0.177446
0.055 0.180951
0.056 0.184167
0.057 0.187432
0.058 0.190797
0.059 0.194023
0.06 0.197597
0.061 0.201142
0.062 0.204757
0.063 0.208522
0.064 0.211547
0.065 0.214903
0.066 0.218408
0.067 0.221873
0.068 0.225188
0.069 0.228513
0.07 0.232058
0.071 0.235463
0.072 0.238519
0.073 0.241614
0.074 0.24506
0.075 0.248535
0.076 0.25208
0.077 0.255545
0.078 0.25886
0.079 0.262085
0.08 0.26568
0.081 0.268955
0.082 0.271951
0.083 0.275286
0.084 0.279011
0.085 0.282376
0.086 0.285472
0.087 0.289047
0.088 0.292452
0.089 0.295657
0.09 0.299012
0.091 0.302278
0.092 0.305693
0.093 0.308888
0.094 0.312453
0.095 0.315778
0.096 0.319253
0.097 0.322529
0.098 0.325944
0.099 0.329459
0.1 0.332854
0.101 0.336359
0.102 0.339714
0.103 0.343329
0.104 0.346824
0.105 0.350119
0.106 0.353415
0.107 0.357069
0.108 0.360624
0.109 0.364239
0.11 0.367964
0.111 0.371219
0.112 0.374854
0.113 0.378199
0.114 0.382363
0.115 0.386128
0.116 0.389653
0.117 0.393188
0.118 0.396872
0.119 0.400517
0.12 0.404032
0.121 0.407567
0.122 0.410892
0.123 0.414497
0.124 0.418052
0.125 0.421807
0.126 0.425392
0.127 0.428867
0.128 0.432202
0.129 0.435627
0.13 0.439082
0.131 0.442497
0.132 0.445803
0.133 0.449228
0.134 0.452842
0.135 0.456148
0.136 0.459982
0.137 0.463707
0.138 0.467162
0.139 0.470897
0.14 0.474092
0.141 0.477407
0.142 0.480992
0.143 0.484417
0.144 0.487713
0.145 0.491028
0.146 0.494613
0.147 0.498188
0.148 0.501593
0.149 0.505397
0.15 0.508922
0.151 0.512637
0.152 0.516062
0.153 0.519417
0.154 0.523402
0.155 0.526926
0.156 0.530441
0.157 0.533657
0.158 0.537052
0.159 0.540727
0.16 0.544242
0.161 0.547427
0.162 0.551172
0.163 0.554747
0.164 0.558272
0.165 0.562116
0.166 0.565561
0.167 0.569056
0.168 0.572391
0.169 0.576236
0.17 0.579641
0.171 0.583206
0.172 0.587051
0.173 0.590496
0.174 0.59419
0.175 0.597775
0.176 0.60141
0.177 0.605095
0.178 0.60866
0.179 0.612195
0.18 0.616219
0.181 0.619884
0.182 0.623688
0.183 0.627243
0.184 0.630958
0.185 0.634333
0.186 0.637978
0.187 0.641942
0.188 0.645247
0.189 0.648672
0.19 0.651758
0.191 0.655792
0.192 0.659457
0.193 0.663182
0.194 0.666627
0.195 0.670222
0.196 0.673467
0.197 0.676872
0.198 0.680177
0.199 0.683592
0.2 0.687197
0.201 0.690742
0.202 0.694048
0.203 0.697443
0.204 0.701297
0.205 0.704722
0.206 0.708177
0.207 0.711942
0.208 0.715257
0.209 0.718552
0.21 0.721738
0.211 0.725113
0.212 0.728538
0.213 0.731554
0.214 0.735189
0.215 0.738923
0.216 0.741949
0.217 0.745065
0.218 0.74805
0.219 0.751066
0.22 0.754162
0.221 0.757237
0.222 0.760283
0.223 0.763498
0.224 0.766504
0.225 0.76923
0.226 0.772236
0.227 0.775281
0.228 0.778107
0.229 0.781163
0.23 0.783639
0.231 0.786455
0.232 0.789261
0.233 0.791838
0.234 0.794584
0.235 0.79731
0.236 0.800036
0.237 0.802612
0.238 0.805258
0.239 0.807755
0.24 0.810241
0.241 0.812758
0.242 0.815234
0.243 0.817741
0.244 0.820307
0.245 0.822714
0.246 0.82499
0.247 0.827037
0.248 0.829244
0.249 0.830952
0.25 0.833139
0.251 0.835196
0.252 0.837173
0.253 0.83927
0.254 0.841587
0.255 0.843594
0.256 0.845551
0.257 0.847458
0.258 0.849186
0.259 0.851003
0.26 0.85282
0.261 0.854917
0.262 0.856585
0.263 0.858383
0.264 0.86026
0.265 0.861987
0.266 0.863735
0.267 0.865343
0.268 0.86707
0.269 0.868668
0.27 0.870515
0.271 0.872133
0.272 0.873601
0.273 0.874939
0.274 0.876347
0.275 0.877775
0.276 0.879283
0.277 0.880711
0.278 0.881849
0.279 0.883027
0.28 0.884465
0.281 0.885853
0.282 0.887032
0.283 0.88834
0.284 0.889578
0.285 0.890706
0.286 0.891905
0.287 0.893263
0.288 0.894401
0.289 0.895719
0.29 0.896758
0.291 0.897926
0.292 0.899084
0.293 0.900113
0.294 0.901131
0.295 0.90237
0.296 0.903648
0.297 0.904676
0.298 0.905755
0.299 0.906793
0.3 0.907742
0.301 0.90878
0.302 0.909839
0.303 0.910748
0.304 0.911876
0.305 0.913074
0.306 0.914013
0.307 0.914882
0.308 0.91584
0.309 0.916729
0.31 0.917638
0.311 0.918556
0.312 0.919425
0.313 0.920254
0.314 0.921263
0.315 0.922091
0.316 0.92306
0.317 0.923889
0.318 0.924788
0.319 0.925556
0.32 0.926405
0.321 0.927414
0.322 0.928163
0.323 0.928812
0.324 0.929621
0.325 0.930579
0.326 0.931518
0.327 0.932417
0.328 0.933275
0.329 0.934114
0.33 0.934873
0.331 0.935652
0.332 0.936491
0.333 0.93724
0.334 0.937919
0.335 0.938658
0.336 0.939377
0.337 0.940016
0.338 0.940885
0.339 0.941554
0.34 0.942273
0.341 0.942892
0.342 0.943631
0.343 0.94433
0.344 0.944969
0.345 0.945778
0.346 0.946437
0.347 0.947016
0.348 0.947675
0.349 0.948474
0.35 0.949093
0.351 0.949622
0.352 0.950291
0.353 0.95094
0.354 0.951449
0.355 0.952218
0.356 0.952758
0.357 0.953327
0.358 0.953976
0.359 0.954545
0.36 0.955134
0.361 0.955653
0.362 0.956382
0.363 0.956942
0.364 0.957561
0.365 0.95811
0.366 0.958679
0.367 0.959328
0.368 0.959967
0.369 0.960526
0.37 0.960936
0.371 0.961305
0.372 0.961875
0.373 0.962494
0.374 0.962923
0.375 0.963382
0.376 0.963832
0.377 0.964231
0.378 0.964561
0.379 0.96505
0.38 0.965519
0.381 0.965939
0.382 0.966438
0.383 0.966947
0.384 0.967337
0.385 0.967756
0.386 0.968205
0.387 0.968665
0.388 0.969184
0.389 0.969723
0.39 0.970183
0.391 0.970552
0.392 0.970842
0.393 0.971201
0.394 0.971521
0.395 0.97182
0.396 0.97225
0.397 0.972679
0.398 0.973059
0.399 0.973348
0.4 0.973678
0.401 0.974097
0.402 0.974427
0.403 0.974746
0.404 0.975106
0.405 0.975425
0.406 0.975735
0.407 0.976064
0.408 0.976334
0.409 0.976773
0.41 0.977123
0.411 0.977472
0.412 0.977862
0.413 0.978191
0.414 0.978481
0.415 0.97878
0.416 0.97916
0.417 0.979449
0.418 0.979719
0.419 0.980019
0.42 0.980248
0.421 0.980498
0.422 0.980768
0.423 0.980967
0.424 0.981237
0.425 0.981496
0.426 0.981866
0.427 0.982106
0.428 0.982335
0.429 0.982595
0.43 0.982835
0.431 0.983104
0.432 0.983344
0.433 0.983534
0.434 0.983783
0.435 0.983993
0.436 0.984153
0.437 0.984352
0.438 0.984582
0.439 0.984782
0.44 0.984991
0.441 0.985231
0.442 0.985401
0.443 0.985561
0.444 0.98571
0.445 0.9859
0.446 0.98612
0.447 0.98631
0.448 0.986489
0.449 0.986699
0.45 0.986899
0.451 0.987049
0.452 0.987238
0.453 0.987458
0.454 0.987678
0.455 0.987857
0.456 0.988027
0.457 0.988197
0.458 0.988357
0.459 0.988526
0.46 0.988726
0.461 0.988846
0.462 0.989036
0.463 0.989245
0.464 0.989395
0.465 0.989525
0.466 0.989675
0.467 0.989825
0.468 0.989974
0.469 0.990104
0.47 0.990234
0.471 0.990364
0.472 0.990504
0.473 0.990613
0.474 0.990693
0.475 0.990853
0.476 0.990993
0.477 0.991133
0.478 0.991282
0.479 0.991422
0.48 0.991562
0.481 0.991692
0.482 0.991852
0.483 0.991952
0.484 0.992031
0.485 0.992181
0.486 0.992261
0.487 0.992291
0.488 0.992421
0.489 0.992551
0.49 0.99268
0.491 0.99277
0.492 0.99281
0.493 0.99289
0.494 0.99293
0.495 0.99306
0.496 0.99311
0.497 0.99326
0.498 0.993359
0.499 0.993399
0.5 0.993539
0.501 0.993639
0.502 0.993689
0.503 0.993759
0.504 0.993949
0.505 0.994039
0.506 0.994138
0.507 0.994208
0.508 0.994298
0.509 0.994428
0.51 0.994478
0.511 0.994548
0.512 0.994588
0.513 0.994658
0.514 0.994718
0.515 0.994748
0.516 0.994857
0.517 0.994907
0.518 0.995007
0.519 0.995017
0.52 0.995077
0.521 0.995117
0.522 0.995227
0.523 0.995277
0.524 0.995347
0.525 0.995417
0.526 0.995546
0.527 0.995646
0.528 0.995706
0.529 0.995756
0.53 0.995826
0.531 0.995866
0.532 0.995916
0.533 0.995946
0.534 0.996016
0.535 0.996116
0.536 0.996185
0.537 0.996275
0.538 0.996315
0.539 0.996345
0.54 0.996395
0.541 0.996435
0.542 0.996515
0.543 0.996525
0.544 0.996535
0.545 0.996565
0.546 0.996595
0.547 0.996645
0.548 0.996685
0.549 0.996735
0.55 0.996785
0.551 0.996805
0.552 0.996854
0.553 0.996884
0.554 0.996894
0.555 0.996894
0.556 0.996974
0.557 0.997014
0.558 0.997084
0.559 0.997154
0.56 0.997184
0.561 0.997244
0.562 0.997324
0.563 0.997424
0.564 0.997434
0.565 0.997464
0.566 0.997474
0.567 0.997504
0.568 0.997553
0.569 0.997613
0.57 0.997613
0.571 0.997653
0.572 0.997703
0.573 0.997723
0.574 0.997753
0.575 0.997783
0.576 0.997813
0.577 0.997863
0.578 0.997893
0.579 0.997923
0.58 0.997983
0.581 0.998003
0.582 0.998023
0.583 0.998053
0.584 0.998073
0.585 0.998113
0.586 0.998143
0.587 0.998183
0.588 0.998223
0.589 0.998292
0.59 0.998342
0.591 0.998362
0.592 0.998402
0.593 0.998432
0.594 0.998452
0.595 0.998482
0.596 0.998522
0.597 0.998552
0.598 0.998562
0.599 0.998592
0.6 0.998592
0.601 0.998622
0.602 0.998632
0.603 0.998662
0.604 0.998682
0.605 0.998682
0.606 0.998712
0.607 0.998732
0.608 0.998782
0.609 0.998802
0.61 0.998812
0.611 0.998822
0.612 0.998842
0.613 0.998852
0.614 0.998852
0.615 0.998882
0.616 0.998882
0.617 0.998892
0.618 0.998912
0.619 0.998932
0.62 0.998951
0.621 0.998971
0.622 0.998971
0.623 0.999001
0.624 0.999011
0.625 0.999041
0.626 0.999071
0.627 0.999091
0.628 0.999111
0.629 0.999111
0.63 0.999121
0.631 0.999131
0.632 0.999141
0.633 0.999151
0.634 0.999181
0.635 0.999181
0.636 0.999231
0.637 0.999231
0.638 0.999231
0.639 0.999241
0.64 0.999251
0.641 0.999281
0.642 0.999301
0.643 0.999331
0.644 0.999341
0.645 0.999341
0.646 0.999361
0.647 0.999381
0.648 0.999391
0.649 0.999411
0.65 0.999411
0.651 0.999421
0.652 0.999451
0.653 0.999471
0.654 0.999481
0.655 0.999511
0.656 0.999521
0.657 0.999531
0.658 0.999541
0.659 0.999541
0.66 0.999551
0.661 0.999561
0.662 0.999571
0.663 0.999581
0.664 0.999591
0.665 0.999611
0.666 0.999621
0.667 0.999621
0.668 0.99966
0.669 0.99967
0.67 0.99967
0.671 0.99967
0.672 0.99969
0.673 0.9997
0.674 0.99973
0.675 0.99974
0.676 0.99974
0.677 0.99976
0.678 0.99976
0.679 0.99978
0.68 0.99978
0.681 0.99978
0.682 0.99979
0.683 0.99979
0.684 0.9998
0.685 0.9998
0.686 0.99984
0.687 0.99989
0.688 0.99989
0.689 0.99991
0.69 0.99993
0.691 0.99994
0.692 0.99994
0.693 0.99996
0.694 0.99996
0.695 0.99996
0.696 0.99996
0.697 0.99996
0.698 0.99999
0.699 1
0.7 1
