500
0.001 0.00692868
0.002 0.0139051
0.003 0.0208963
0.004 0.0278665
0.005 0.0348992
0.006 0.0419165
0.007 0.0490362
0.008 0.0560821
0.009 0.0630832
0.01 0.0701281
0.011 0.0771812
0.012 0.0843306
0.013 0.091478
0.014 0.0986129
0.015 0.105737
0.016 0.112962
0.017 0.120214
0.018 0.127461
0.019 0.134707
0.02 0.141973
0.021 0.149217
0.022 0.156497
0.023 0.163737
0.024 0.171067
0.025 0.178426
0.026 0.185796
0.027 0.193208
0.028 0.200573
0.029 0.207887
0.03 0.215378
0.031 0.22275
0.032 0.23016
0.033 0.237664
0.034 0.245196
0.035 0.252664
0.036 0.260005
0.037 0.267523
0.038 0.275014
0.039 0.282523
0.04 0.290005
0.041 0.297424
0.042 0.304934
0.043 0.312347
0.044 0.31984
0.045 0.327381
0.046 0.334784
0.047 0.342356
0.048 0.349902
0.049 0.357378
0.05 0.364812
0.051 0.37234
0.052 0.379896
0.053 0.387445
0.054 0.395006
0.055 0.402554
0.056 0.41015
0.057 0.417693
0.058 0.425238
0.059 0.432862
0.06 0.44043
0.061 0.448053
0.062 0.455606
0.063 0.46323
0.064 0.470801
0.065 0.478399
0.066 0.485949
0.067 0.493496
0.068 0.501012
0.069 0.508575
0.07 0.516151
0.071 0.523793
0.072 0.531345
0.073 0.538898
0.074 0.54653
0.075 0.554056
0.076 0.561608
0.077 0.569162
0.078 0.576783
0.079 0.584283
0.08 0.591804
0.081 0.599306
0.082 0.606712
0.083 0.61415
0.084 0.621564
0.085 0.628931
0.086 0.63623
0.087 0.643562
0.088 0.650926
0.089 0.658192
0.09 0.665476
0.091 0.672697
0.092 0.679786
0.093 0.686918
0.094 0.693967
0.095 0.700938
0.096 0.707891
0.097 0.714797
0.098 0.72173
0.099 0.728558
0.1 0.735255
0.101 0.741923
0.102 0.748522
0.103 0.755071
0.104 0.761509
0.105 0.767931
0.106 0.77422
0.107 0.780501
0.108 0.786713
0.109 0.792751
0.11 0.798709
0.111 0.804624
0.112 0.81046
0.113 0.81616
0.114 0.821832
0.115 0.827403
0.116 0.832867
0.117 0.838162
0.118 0.843442
0.119 0.848558
0.12 0.853524
0.121 0.858411
0.122 0.863222
0.123 0.867874
0.124 0.872376
0.125 0.876874
0.126 0.881196
0.127 0.885434
0.128 0.889547
0.129 0.893497
0.13 0.897385
0.131 0.901094
0.132 0.904679
0.133 0.908171
0.134 0.911537
0.135 0.914795
0.136 0.91795
0.137 0.920968
0.138 0.923876
0.139 0.926674
0.14 0.929405
0.141 0.932027
0.142 0.934515
0.143 0.936943
0.144 0.939267
0.145 0.941521
0.146 0.943704
0.147 0.945714
0.148 0.947755
0.149 0.949675
0.15 0.95151
0.151 0.953297
0.152 0.955026
0.153 0.956633
0.154 0.958185
0.155 0.959692
0.156 0.961129
0.157 0.962535
0.158 0.963852
0.159 0.965085
0.16 0.966315
0.161 0.967519
0.162 0.968672
0.163 0.969778
0.164 0.970846
0.165 0.971896
0.166 0.972884
0.167 0.973814
0.168 0.97473
0.169 0.975587
0.17 0.976415
0.171 0.977202
0.172 0.977983
0.173 0.978721
0.174 0.979424
0.175 0.980106
0.176 0.980758
0.177 0.981399
0.178 0.982023
0.179 0.982626
0.18 0.98319
0.181 0.98374
0.182 0.984257
0.183 0.984744
0.184 0.985237
0.185 0.985728
0.186 0.98619
0.187 0.986637
0.188 0.987071
0.189 0.987481
0.19 0.987881
0.191 0.988262
0.192 0.988626
0.193 0.988982
0.194 0.989321
0.195 0.989672
0.196 0.989989
0.197 0.990292
0.198 0.990577
0.199 0.990855
0.2 0.991118
0.201 0.991389
0.202 0.991648
0.203 0.991898
0.204 0.992134
0.205 0.992357
0.206 0.992581
0.207 0.992805
0.208 0.993007
0.209 0.993211
0.21 0.993407
0.211 0.993591
0.212 0.99378
0.213 0.993949
0.214 0.994118
0.215 0.994298
0.216 0.994455
0.217 0.994629
0.218 0.994784
0.219 0.994928
0.22 0.995075
0.221 0.995201
0.222 0.995332
0.223 0.995468
0.224 0.995587
0.225 0.995713
0.226 0.995826
0.227 0.995935
0.228 0.996051
0.229 0.996155
0.23 0.99625
0.231 0.996356
0.232 0.996453
0.233 0.996551
0.234 0.996648
0.235 0.996734
0.236 0.996828
0.237 0.996914
0.238 0.997002
0.239 0.997079
0.24 0.997156
0.241 0.997228
0.242 0.997309
0.243 0.997382
0.244 0.99745
0.245 0.997512
0.246 0.997583
0.247 0.997644
0.248 0.997708
0.249 0.997767
0.25 0.997824
0.251 0.997878
0.252 0.997937
0.253 0.997987
0.254 0.99804
0.255 0.998091
0.256 0.998146
0.257 0.998192
0.258 0.998241
0.259 0.998288
0.26 0.998334
0.261 0.998379
0.262 0.998419
0.263 0.99846
0.264 0.998502
0.265 0.998541
0.266 0.998578
0.267 0.998618
0.268 0.998656
0.269 0.998692
0.27 0.998727
0.271 0.99876
0.272 0.998792
0.273 0.998819
0.274 0.998848
0.275 0.998874
0.276 0.998901
0.277 0.998928
0.278 0.998951
0.279 0.998983
0.28 0.999005
0.281 0.999031
0.282 0.999054
0.283 0.999082
0.284 0.999112
0.285 0.999138
0.286 0.999165
0.287 0.999187
0.288 0.99921
0.289 0.999231
0.29 0.999252
0.291 0.999272
0.292 0.99929
0.293 0.999309
0.294 0.999324
0.295 0.999338
0.296 0.999356
0.297 0.999374
0.298 0.999391
0.299 0.999405
0.3 0.999419
0.301 0.999431
0.302 0.999449
0.303 0.999462
0.304 0.999476
0.305 0.999491
0.306 0.999506
0.307 0.999521
0.308 0.999531
0.309 0.999548
0.31 0.999559
0.311 0.999571
0.312 0.99958
0.313 0.999591
0.314 0.999605
0.315 0.999616
0.316 0.999626
0.317 0.999636
0.318 0.999645
0.319 0.999654
0.32 0.99966
0.321 0.999668
0.322 0.999676
0.323 0.999686
0.324 0.999694
0.325 0.9997
0.326 0.999708
0.327 0.999715
0.328 0.999724
0.329 0.999729
0.33 0.999735
0.331 0.999741
0.332 0.999747
0.333 0.999753
0.334 0.999758
0.335 0.999763
0.336 0.999768
0.337 0.999773
0.338 0.999779
0.339 0.999785
0.34 0.999787
0.341 0.999791
0.342 0.999795
0.343 0.9998
0.344 0.999805
0.345 0.999813
0.346 0.999816
0.347 0.999819
0.348 0.999823
0.349 0.999829
0.35 0.999831
0.351 0.999835
0.352 0.999839
0.353 0.999845
0.354 0.999849
0.355 0.999854
0.356 0.999857
0.357 0.999859
0.358 0.999862
0.359 0.999865
0.36 0.999868
0.361 0.999871
0.362 0.999876
0.363 0.999877
0.364 0.999881
0.365 0.999883
0.366 0.999885
0.367 0.999887
0.368 0.99989
0.369 0.999893
0.37 0.999895
0.371 0.999898
0.372 0.999901
0.373 0.999903
0.374 0.999906
0.375 0.999908
0.376 0.99991
0.377 0.999913
0.378 0.999914
0.379 0.999918
0.38 0.99992
0.381 0.999922
0.382 0.999923
0.383 0.999925
0.384 0.999926
0.385 0.999928
0.386 0.99993
0.387 0.999931
0.388 0.999932
0.389 0.999933
0.39 0.999934
0.391 0.999936
0.392 0.999938
0.393 0.999939
0.394 0.999941
0.395 0.999943
0.396 0.999944
0.397 0.999946
0.398 0.999948
0.399 0.999949
0.4 0.99995
0.401 0.999951
0.402 0.999951
0.403 0.999953
0.404 0.999955
0.405 0.999956
0.406 0.999957
0.407 0.999958
0.408 0.999959
0.409 0.99996
0.41 0.999961
0.411 0.999962
0.412 0.999962
0.413 0.999963
0.414 0.999964
0.415 0.999965
0.416 0.999967
0.417 0.999968
0.418 0.999968
0.419 0.999969
0.42 0.999969
0.421 0.99997
0.422 0.999972
0.423 0.999973
0.424 0.999974
0.425 0.999976
0.426 0.999977
0.427 0.999977
0.428 0.999978
0.429 0.999978
0.43 0.999978
0.431 0.999979
0.432 0.999979
0.433 0.999979
0.434 0.99998
0.435 0.99998
0.436 0.99998
0.437 0.999982
0.438 0.999982
0.439 0.999983
0.44 0.999984
0.441 0.999984
0.442 0.999985
0.443 0.999985
0.444 0.999985
0.445 0.999986
0.446 0.999986
0.447 0.999987
0.448 0.999987
0.449 0.999987
0.45 0.999987
0.451 0.999987
0.452 0.999988
0.453 0.999988
0.454 0.999989
0.455 0.999989
0.456 0.99999
0.457 0.99999
0.458 0.99999
0.459 0.99999
0.46 0.999991
0.461 0.999991
0.462 0.999992
0.463 0.999992
0.464 0.999993
0.465 0.999993
0.466 0.999993
0.467 0.999993
0.468 0.999994
0.469 0.999994
0.47 0.999994
0.471 0.999995
0.472 0.999995
0.473 0.999996
0.474 0.999996
0.475 0.999996
0.476 0.999996
0.477 0.999996
0.478 0.999997
0.479 0.999997
0.48 0.999997
0.481 0.999997
0.482 0.999998
0.483 0.999998
0.484 0.999998
0.485 0.999998
0.486 0.999998
0.487 0.999999
0.488 0.999999
0.489 0.999999
0.49 0.999999
0.491 0.999999
0.492 0.999999
0.493 0.999999
0.494 1
0.495 1
0.496 1
0.497 1
0.498 1
0.499 1
0.5 1
