400
0.001 0.00795663
0.002 0.0150683
0.003 0.0222504
0.004 0.0297963
0.005 0.0368962
0.006 0.0449115
0.007 0.0526452
0.008 0.0607309
0.009 0.0683707
0.01 0.075987
0.011 0.0837323
0.012 0.091689
0.013 0.0994461
0.014 0.107731
0.015 0.116075
0.016 0.123985
0.017 0.131883
0.018 0.139511
0.019 0.147303
0.02 0.155002
0.021 0.162383
0.022 0.170129
0.023 0.177804
0.024 0.185619
0.025 0.194081
0.026 0.202331
0.027 0.210217
0.028 0.21835
0.029 0.226271
0.03 0.233887
0.031 0.242137
0.032 0.25
0.033 0.257335
0.034 0.265503
0.035 0.273694
0.036 0.281381
0.037 0.288997
0.038 0.296989
0.039 0.305356
0.04 0.313465
0.041 0.321715
0.042 0.329989
0.043 0.338227
0.044 0.345738
0.045 0.353225
0.046 0.361287
0.047 0.369279
0.048 0.3774
0.049 0.38545
0.05 0.394064
0.051 0.401786
0.052 0.409872
0.053 0.418192
0.054 0.426137
0.055 0.433836
0.056 0.441428
0.057 0.449444
0.058 0.45787
0.059 0.465322
0.06 0.473419
0.061 0.481352
0.062 0.489321
0.063 0.496925
0.064 0.50487
0.065 0.513026
0.066 0.520537
0.067 0.528951
0.068 0.536861
0.069 0.544301
0.07 0.551824
0.071 0.559534
0.072 0.567279
0.073 0.575318
0.074 0.583239
0.075 0.59102
0.076 0.598918
0.077 0.607109
0.078 0.614843
0.079 0.623187
0.08 0.631085
0.081 0.638877
0.082 0.646623
0.083 0.653992
0.084 0.661796
0.085 0.67007
0.086 0.678109
0.087 0.685596
0.088 0.693341
0.089 0.701228
0.09 0.708597
0.091 0.716284
0.092 0.723654
0.093 0.730801
0.094 0.738206
0.095 0.745705
0.096 0.752664
0.097 0.760292
0.098 0.767063
0.099 0.774046
0.1 0.781639
0.101 0.788269
0.102 0.795404
0.103 0.80227
0.104 0.809323
0.105 0.816106
0.106 0.822607
0.107 0.82939
0.108 0.836115
0.109 0.842698
0.11 0.849387
0.111 0.855619
0.112 0.861921
0.113 0.867953
0.114 0.873304
0.115 0.878855
0.116 0.884641
0.117 0.89025
0.118 0.895296
0.119 0.900566
0.12 0.905647
0.121 0.910318
0.122 0.915153
0.123 0.91953
0.124 0.92399
0.125 0.928074
0.126 0.932028
0.127 0.935572
0.128 0.938999
0.129 0.942356
0.13 0.945571
0.131 0.948904
0.132 0.951943
0.133 0.954783
0.134 0.957529
0.135 0.959959
0.136 0.9624
0.137 0.964794
0.138 0.966871
0.139 0.968913
0.14 0.970873
0.141 0.97295
0.142 0.974745
0.143 0.976424
0.144 0.978066
0.145 0.979733
0.146 0.981235
0.147 0.982831
0.148 0.984239
0.149 0.985495
0.15 0.986657
0.151 0.98803
0.152 0.989297
0.153 0.990283
0.154 0.991457
0.155 0.992266
0.156 0.993217
0.157 0.994027
0.158 0.994801
0.159 0.995494
0.16 0.996069
0.161 0.996585
0.162 0.997113
0.163 0.99743
0.164 0.99777
0.165 0.998075
0.166 0.998287
0.167 0.998521
0.168 0.998686
0.169 0.998862
0.17 0.998979
0.171 0.999096
0.172 0.99919
0.173 0.999261
0.174 0.999366
0.175 0.99946
0.176 0.999495
0.177 0.999554
0.178 0.999578
0.179 0.999624
0.18 0.999624
0.181 0.999624
0.182 0.999636
0.183 0.999648
0.184 0.999707
0.185 0.999707
0.186 0.999718
0.187 0.99973
0.188 0.999742
0.189 0.999742
0.19 0.999742
0.191 0.999754
0.192 0.999765
0.193 0.999777
0.194 0.999777
0.195 0.999777
0.196 0.999777
0.197 0.999777
0.198 0.999777
0.199 0.999789
0.2 0.9998
0.201 0.9998
0.202 0.9998
0.203 0.9998
0.204 0.9998
0.205 0.999812
0.206 0.999824
0.207 0.999836
0.208 0.999836
0.209 0.999847
0.21 0.999847
0.211 0.999859
0.212 0.999859
0.213 0.999859
0.214 0.999859
0.215 0.999859
0.216 0.999859
0.217 0.999859
0.218 0.999859
0.219 0.999871
0.22 0.999871
0.221 0.999883
0.222 0.999894
0.223 0.999894
0.224 0.999894
0.225 0.999906
0.226 0.999906
0.227 0.999906
0.228 0.999918
0.229 0.99993
0.23 0.99993
0.231 0.99993
0.232 0.99993
0.233 0.99993
0.234 0.999941
0.235 0.999941
0.236 0.999941
0.237 0.999941
0.238 0.999953
0.239 0.999953
0.24 0.999953
0.241 0.999953
0.242 0.999953
0.243 0.999953
0.244 0.999953
0.245 0.999953
0.246 0.999953
0.247 0.999965
0.248 0.999977
0.249 0.999977
0.25 0.999977
0.251 0.999977
0.252 0.999977
0.253 0.999977
0.254 0.999977
0.255 0.999977
0.256 0.999977
0.257 0.999977
0.258 0.999977
0.259 0.999977
0.26 0.999977
0.261 0.999977
0.262 0.999977
0.263 0.999977
0.264 0.999977
0.265 0.999977
0.266 0.999977
0.267 0.999977
0.268 0.999977
0.269 0.999977
0.27 0.999977
0.271 0.999977
0.272 0.999977
0.273 0.999977
0.274 0.999977
0.275 0.999977
0.276 0.999977
0.277 0.999977
0.278 0.999977
0.279 0.999988
0.28 0.999988
0.281 0.999988
0.282 0.999988
0.283 0.999988
0.284 0.999988
0.285 0.999988
0.286 0.999988
0.287 0.999988
0.288 0.999988
0.289 1
0.29 1
0.291 1
0.292 1
0.293 1
0.294 1
0.295 1
0.296 1
0.297 1
0.298 1
0.299 1
0.3 1
0.301 1
0.302 1
0.303 1
0.304 1
0.305 1
0.306 1
0.307 1
0.308 1
0.309 1
0.31 1
0.311 1
0.312 1
0.313 1
0.314 1
0.315 1
0.316 1
0.317 1
0.318 1
0.319 1
0.32 1
0.321 1
0.322 1
0.323 1
0.324 1
0.325 1
0.326 1
0.327 1
0.328 1
0.329 1
0.33 1
0.331 1
0.332 1
0.333 1
0.334 1
0.335 1
0.336 1
0.337 1
0.338 1
0.339 1
0.34 1
0.341 1
0.342 1
0.343 1
0.344 1
0.345 1
0.346 1
0.347 1
0.348 1
0.349 1
0.35 1
0.351 1
0.352 1
0.353 1
0.354 1
0.355 1
0.356 1
0.357 1
0.358 1
0.359 1
0.36 1
0.361 1
0.362 1
0.363 1
0.364 1
0.365 1
0.366 1
0.367 1
0.368 1
0.369 1
0.37 1
0.371 1
0.372 1
0.373 1
0.374 1
0.375 1
0.376 1
0.377 1
0.378 1
0.379 1
0.38 1
0.381 1
0.382 1
0.383 1
0.384 1
0.385 1
0.386 1
0.387 1
0.388 1
0.389 1
0.39 1
0.391 1
0.392 1
0.393 1
0.394 1
0.395 1
0.396 1
0.397 1
0.398 1
0.399 1
0.4 1
