300
0.001 0.00579034
0.002 0.0118128
0.003 0.018235
0.004 0.0251215
0.005 0.0314535
0.006 0.0379789
0.007 0.0440143
0.008 0.0503849
0.009 0.0573746
0.01 0.0638742
0.011 0.0706189
0.012 0.0774667
0.013 0.0837987
0.014 0.0904015
0.015 0.0969398
0.016 0.103169
0.017 0.109887
0.018 0.116954
0.019 0.123802
0.02 0.130715
0.021 0.137266
0.022 0.144101
0.023 0.150368
0.024 0.156932
0.025 0.163948
0.026 0.170615
0.027 0.177269
0.028 0.184091
0.029 0.190578
0.03 0.198058
0.031 0.204364
0.032 0.211238
0.033 0.218266
0.034 0.224714
0.035 0.231523
0.036 0.237894
0.037 0.244264
0.038 0.251409
0.039 0.258166
0.04 0.264937
0.041 0.271462
0.042 0.278362
0.043 0.285003
0.044 0.291361
0.045 0.297873
0.046 0.304399
0.047 0.310653
0.048 0.317205
0.049 0.324375
0.05 0.330565
0.051 0.336961
0.052 0.343745
0.053 0.35027
0.054 0.356538
0.055 0.363102
0.056 0.369576
0.057 0.376282
0.058 0.382846
0.059 0.389655
0.06 0.396141
0.061 0.402164
0.062 0.408457
0.063 0.414557
0.064 0.421495
0.065 0.428111
0.066 0.434636
0.067 0.44111
0.068 0.447429
0.069 0.454122
0.07 0.460789
0.071 0.467405
0.072 0.473956
0.073 0.480817
0.074 0.48711
0.075 0.493765
0.076 0.500148
0.077 0.507073
0.078 0.51347
0.079 0.520305
0.08 0.526559
0.081 0.533278
0.082 0.539881
0.083 0.54611
0.084 0.5527
0.085 0.558774
0.086 0.565132
0.087 0.570986
0.088 0.57728
0.089 0.583934
0.09 0.590421
0.091 0.596366
0.092 0.602853
0.093 0.609391
0.094 0.615929
0.095 0.62221
0.096 0.628709
0.097 0.635041
0.098 0.641386
0.099 0.647576
0.1 0.65356
0.101 0.659827
0.102 0.665953
0.103 0.672285
0.104 0.678707
0.105 0.68513
0.106 0.69092
0.107 0.696826
0.108 0.703094
0.109 0.709774
0.11 0.71568
0.111 0.722051
0.112 0.728602
0.113 0.734354
0.114 0.74057
0.115 0.746799
0.116 0.753169
0.117 0.758573
0.118 0.76484
0.119 0.770863
0.12 0.776795
0.121 0.782766
0.122 0.788324
0.123 0.794011
0.124 0.799879
0.125 0.805166
0.126 0.809976
0.127 0.815212
0.128 0.82059
0.129 0.825542
0.13 0.830584
0.131 0.836052
0.132 0.840991
0.133 0.845776
0.134 0.85047
0.135 0.855422
0.136 0.859536
0.137 0.863856
0.138 0.867841
0.139 0.87171
0.14 0.875798
0.141 0.87995
0.142 0.88369
0.143 0.887301
0.144 0.891157
0.145 0.8946
0.146 0.898108
0.147 0.90119
0.148 0.904376
0.149 0.907406
0.15 0.91023
0.151 0.913313
0.152 0.916072
0.153 0.918806
0.154 0.921269
0.155 0.923849
0.156 0.926389
0.157 0.928956
0.158 0.93169
0.159 0.933998
0.16 0.936048
0.161 0.938009
0.162 0.940562
0.163 0.942741
0.164 0.945024
0.165 0.947075
0.166 0.949151
0.167 0.951356
0.168 0.952968
0.169 0.954786
0.17 0.956514
0.171 0.95832
0.172 0.959996
0.173 0.961802
0.174 0.963646
0.175 0.965129
0.176 0.966664
0.177 0.968018
0.178 0.969411
0.179 0.970894
0.18 0.972157
0.181 0.973357
0.182 0.974608
0.183 0.975717
0.184 0.976761
0.185 0.977909
0.186 0.979044
0.187 0.979934
0.188 0.980888
0.189 0.981688
0.19 0.982603
0.191 0.98339
0.192 0.984215
0.193 0.985028
0.194 0.985724
0.195 0.986562
0.196 0.987194
0.197 0.987684
0.198 0.988355
0.199 0.988974
0.2 0.989451
0.201 0.990083
0.202 0.990702
0.203 0.991128
0.204 0.991669
0.205 0.992146
0.206 0.992507
0.207 0.992946
0.208 0.993268
0.209 0.993565
0.21 0.994003
0.211 0.994313
0.212 0.994635
0.213 0.995035
0.214 0.99528
0.215 0.995525
0.216 0.995796
0.217 0.996054
0.218 0.996273
0.219 0.996492
0.22 0.996595
0.221 0.996737
0.222 0.996931
0.223 0.99706
0.224 0.99724
0.225 0.997395
0.226 0.997576
0.227 0.997705
0.228 0.997743
0.229 0.997924
0.23 0.998014
0.231 0.99813
0.232 0.998336
0.233 0.998465
0.234 0.998594
0.235 0.99871
0.236 0.998826
0.237 0.998968
0.238 0.99911
0.239 0.999226
0.24 0.999329
0.241 0.999394
0.242 0.999458
0.243 0.999484
0.244 0.999549
0.245 0.999613
0.246 0.99969
0.247 0.999742
0.248 0.999832
0.249 0.999936
0.25 1
0.251 1.0065
0.252 1.0065
0.253 1.0065
0.254 1.0065
0.255 1.0065
0.256 1.0065
0.257 1.0065
0.258 1.0065
0.259 1.0065
0.26 1.0065
0.261 1.0065
0.262 1.0065
0.263 1.0065
0.264 1.0065
0.265 1.0065
0.266 1.0065
0.267 1.0065
0.268 1.0065
0.269 1.0065
0.27 1.0065
0.271 1.0065
0.272 1.0065
0.273 1.0065
0.274 1.0065
0.275 1.0065
0.276 1.0065
0.277 1.0065
0.278 1.0065
0.279 1.0065
0.28 1.0065
0.281 1.0065
0.282 1.0065
0.283 1.0065
0.284 1.0065
0.285 1.0065
0.286 1.0065
0.287 1.0065
0.288 1.0065
0.289 1.0065
0.29 1.0065
0.291 1.0065
0.292 1.0065
0.293 1.0065
0.294 1.0065
0.295 1.0065
0.296 1.0065
0.297 1.0065
0.298 1.0065
0.299 1.0065
0.3 1.0065
