400
0.001 0.00656529
0.002 0.0127917
0.003 0.0197382
0.004 0.0267271
0.005 0.0340125
0.006 0.0410437
0.007 0.0472278
0.008 0.0545978
0.009 0.0618408
0.01 0.069465
0.011 0.0764115
0.012 0.083358
0.013 0.0918717
0.014 0.0999195
0.015 0.106993
0.016 0.114194
0.017 0.121818
0.018 0.12868
0.019 0.135542
0.02 0.142488
0.021 0.149985
0.022 0.157271
0.023 0.165191
0.024 0.172604
0.025 0.180058
0.026 0.187683
0.027 0.195392
0.028 0.202042
0.029 0.209454
0.03 0.217248
0.031 0.223432
0.032 0.230294
0.033 0.23796
0.034 0.245796
0.035 0.252743
0.036 0.259859
0.037 0.267737
0.038 0.275361
0.039 0.282435
0.04 0.289551
0.041 0.296116
0.042 0.304333
0.043 0.311491
0.044 0.318819
0.045 0.325893
0.046 0.333347
0.047 0.340802
0.048 0.348808
0.049 0.356178
0.05 0.363675
0.051 0.370791
0.052 0.3785
0.053 0.386971
0.054 0.395569
0.055 0.403448
0.056 0.411284
0.057 0.419628
0.058 0.426913
0.059 0.434029
0.06 0.442543
0.061 0.451099
0.062 0.459232
0.063 0.466898
0.064 0.475031
0.065 0.482062
0.066 0.489347
0.067 0.496336
0.068 0.503791
0.069 0.511076
0.07 0.519463
0.071 0.526536
0.072 0.533991
0.073 0.541531
0.074 0.548562
0.075 0.555805
0.076 0.562624
0.077 0.569783
0.078 0.577703
0.079 0.585497
0.08 0.593248
0.081 0.601889
0.082 0.60964
0.083 0.616587
0.084 0.623915
0.085 0.632174
0.086 0.638867
0.087 0.64666
0.088 0.654581
0.089 0.662078
0.09 0.668982
0.091 0.676733
0.092 0.685035
0.093 0.692956
0.094 0.700157
0.095 0.707696
0.096 0.715193
0.097 0.723241
0.098 0.732263
0.099 0.738871
0.1 0.746368
0.101 0.753611
0.102 0.760303
0.103 0.767462
0.104 0.775043
0.105 0.782202
0.106 0.78936
0.107 0.795459
0.108 0.803253
0.109 0.810835
0.11 0.818883
0.111 0.825871
0.112 0.831886
0.113 0.838579
0.114 0.845059
0.115 0.852472
0.116 0.858401
0.117 0.864755
0.118 0.870727
0.119 0.877208
0.12 0.883138
0.121 0.889025
0.122 0.895252
0.123 0.90097
0.124 0.907027
0.125 0.911898
0.126 0.916938
0.127 0.921937
0.128 0.927443
0.129 0.932102
0.13 0.936211
0.131 0.940235
0.132 0.943793
0.133 0.947224
0.134 0.950781
0.135 0.954424
0.136 0.956796
0.137 0.960185
0.138 0.962726
0.139 0.966157
0.14 0.968868
0.141 0.971155
0.142 0.973188
0.143 0.975221
0.144 0.976831
0.145 0.97844
0.146 0.980092
0.147 0.981194
0.148 0.982761
0.149 0.984497
0.15 0.985853
0.151 0.987251
0.152 0.988055
0.153 0.989241
0.154 0.990046
0.155 0.990893
0.156 0.991359
0.157 0.991995
0.158 0.992503
0.159 0.993181
0.16 0.993858
0.161 0.994324
0.162 0.994663
0.163 0.995087
0.164 0.995553
0.165 0.995722
0.166 0.996061
0.167 0.996273
0.168 0.996315
0.169 0.996569
0.17 0.996696
0.171 0.996866
0.172 0.997247
0.173 0.997289
0.174 0.997459
0.175 0.997628
0.176 0.997925
0.177 0.998094
0.178 0.998094
0.179 0.998179
0.18 0.998221
0.181 0.99839
0.182 0.998518
0.183 0.99856
0.184 0.998602
0.185 0.998645
0.186 0.998729
0.187 0.998729
0.188 0.998856
0.189 0.998899
0.19 0.998899
0.191 0.998941
0.192 0.999068
0.193 0.999111
0.194 0.999195
0.195 0.999195
0.196 0.999238
0.197 0.999238
0.198 0.999238
0.199 0.999238
0.2 0.999322
0.201 0.999322
0.202 0.999365
0.203 0.999407
0.204 0.999407
0.205 0.999407
0.206 0.999407
0.207 0.999449
0.208 0.999492
0.209 0.999492
0.21 0.999492
0.211 0.999576
0.212 0.999576
0.213 0.999576
0.214 0.999619
0.215 0.999619
0.216 0.999619
0.217 0.999619
0.218 0.999661
0.219 0.999661
0.22 0.999661
0.221 0.999661
0.222 0.999704
0.223 0.999704
0.224 0.999704
0.225 0.999704
0.226 0.999746
0.227 0.999746
0.228 0.999746
0.229 0.999746
0.23 0.999746
0.231 0.999746
0.232 0.999746
0.233 0.999746
0.234 0.999788
0.235 0.999788
0.236 0.999788
0.237 0.999788
0.238 0.999788
0.239 0.999831
0.24 0.999831
0.241 0.999831
0.242 0.999831
0.243 0.999831
0.244 0.999831
0.245 0.999831
0.246 0.999831
0.247 0.999831
0.248 0.999831
0.249 0.999831
0.25 0.999831
0.251 0.999831
0.252 0.999831
0.253 0.999831
0.254 0.999873
0.255 0.999873
0.256 0.999873
0.257 0.999873
0.258 0.999873
0.259 0.999873
0.26 0.999915
0.261 0.999915
0.262 0.999915
0.263 0.999958
0.264 0.999958
0.265 0.999958
0.266 0.999958
0.267 0.999958
0.268 0.999958
0.269 0.999958
0.27 0.999958
0.271 0.999958
0.272 0.999958
0.273 0.999958
0.274 0.999958
0.275 0.999958
0.276 0.999958
0.277 0.999958
0.278 0.999958
0.279 0.999958
0.28 0.999958
0.281 1
0.282 1
0.283 1
0.284 1
0.285 1
0.286 1
0.287 1
0.288 1
0.289 1
0.29 1
0.291 1
0.292 1
0.293 1
0.294 1
0.295 1
0.296 1
0.297 1
0.298 1
0.299 1
0.3 1
0.301 1
0.302 1
0.303 1
0.304 1
0.305 1
0.306 1
0.307 1
0.308 1
0.309 1
0.31 1
0.311 1
0.312 1
0.313 1
0.314 1
0.315 1
0.316 1
0.317 1
0.318 1
0.319 1
0.32 1
0.321 1
0.322 1
0.323 1
0.324 1
0.325 1
0.326 1
0.327 1
0.328 1
0.329 1
0.33 1
0.331 1
0.332 1
0.333 1
0.334 1
0.335 1
0.336 1
0.337 1
0.338 1
0.339 1
0.34 1
0.341 1
0.342 1
0.343 1
0.344 1
0.345 1
0.346 1
0.347 1
0.348 1
0.349 1
0.35 1
0.351 1
0.352 1
0.353 1
0.354 1
0.355 1
0.356 1
0.357 1
0.358 1
0.359 1
0.36 1
0.361 1
0.362 1
0.363 1
0.364 1
0.365 1
0.366 1
0.367 1
0.368 1
0.369 1
0.37 1
0.371 1
0.372 1
0.373 1
0.374 1
0.375 1
0.376 1
0.377 1
0.378 1
0.379 1
0.38 1
0.381 1
0.382 1
0.383 1
0.384 1
0.385 1
0.386 1
0.387 1
0.388 1
0.389 1
0.39 1
0.391 1
0.392 1
0.393 1
0.394 1
0.395 1
0.396 1
0.397 1
0.398 1
0.399 1
0.4 1
