400
0.001 0.00560804
0.002 0.0115428
0.003 0.0173822
0.004 0.0232625
0.005 0.0288024
0.006 0.0343288
0.007 0.0397599
0.008 0.045504
0.009 0.0514115
0.01 0.0569515
0.011 0.0625868
0.012 0.0675551
0.013 0.0734489
0.014 0.0787847
0.015 0.0842022
0.016 0.0900689
0.017 0.0958539
0.018 0.101367
0.019 0.107084
0.02 0.112583
0.021 0.118395
0.022 0.124207
0.023 0.12942
0.024 0.135124
0.025 0.14099
0.026 0.147265
0.027 0.153309
0.028 0.158903
0.029 0.164375
0.03 0.170433
0.031 0.176612
0.032 0.182057
0.033 0.187543
0.034 0.193818
0.035 0.199657
0.036 0.205319
0.037 0.211349
0.038 0.217066
0.039 0.223028
0.04 0.229018
0.041 0.234571
0.042 0.240451
0.043 0.246059
0.044 0.251804
0.045 0.257316
0.046 0.263251
0.047 0.268628
0.048 0.274508
0.049 0.280606
0.05 0.286568
0.051 0.292516
0.052 0.298669
0.053 0.304467
0.054 0.309994
0.055 0.315643
0.056 0.321482
0.057 0.327145
0.058 0.332957
0.059 0.33896
0.06 0.344295
0.061 0.349726
0.062 0.355675
0.063 0.361432
0.064 0.367217
0.065 0.372894
0.066 0.378365
0.067 0.384164
0.068 0.389663
0.069 0.39504
0.07 0.400648
0.071 0.406555
0.072 0.412286
0.073 0.417853
0.074 0.423325
0.075 0.429246
0.076 0.434977
0.077 0.440639
0.078 0.44622
0.079 0.452373
0.08 0.458321
0.081 0.464215
0.082 0.469796
0.083 0.475798
0.084 0.481774
0.085 0.488185
0.086 0.49348
0.087 0.499401
0.088 0.506084
0.089 0.512033
0.09 0.517505
0.091 0.523671
0.092 0.52966
0.093 0.53535
0.094 0.541502
0.095 0.547097
0.096 0.553045
0.097 0.559334
0.098 0.565227
0.099 0.570999
0.1 0.576852
0.101 0.582814
0.102 0.588912
0.103 0.594806
0.104 0.600931
0.105 0.606839
0.106 0.612869
0.107 0.619171
0.108 0.625459
0.109 0.631517
0.11 0.637274
0.111 0.642828
0.112 0.648763
0.113 0.654861
0.114 0.661217
0.115 0.667193
0.116 0.67374
0.117 0.679253
0.118 0.685242
0.119 0.691218
0.12 0.697602
0.121 0.703986
0.122 0.710288
0.123 0.716454
0.124 0.722579
0.125 0.728636
0.126 0.735224
0.127 0.741499
0.128 0.747203
0.129 0.753696
0.13 0.759467
0.131 1.76517
0.132 1.77146
0.133 1.77746
0.134 1.78376
0.135 1.78992
0.136 1.79593
0.137 1.80221
0.138 1.80863
0.139 1.81489
0.14 1.82096
0.141 1.82736
0.142 1.83312
0.143 1.83882
0.144 1.84465
0.145 1.85022
0.146 1.85569
0.147 1.86124
0.148 1.86626
0.149 1.87156
0.15 1.87698
0.151 1.88215
0.152 1.88759
0.153 1.89304
0.154 1.89843
0.155 1.90368
0.156 1.90826
0.157 1.91263
0.158 1.91735
0.159 1.92157
0.16 1.9256
0.161 1.9297
0.162 1.93355
0.163 1.9374
0.164 1.94112
0.165 1.94499
0.166 1.94874
0.167 1.95233
0.168 1.9556
0.169 1.95858
0.17 1.96121
0.171 1.96351
0.172 1.96594
0.173 1.96861
0.174 1.97079
0.175 1.97327
0.176 1.97514
0.177 1.97708
0.178 1.97868
0.179 1.98025
0.18 1.98171
0.181 1.98308
0.182 1.9841
0.183 1.98519
0.184 1.98616
0.185 1.98714
0.186 1.98799
0.187 1.98899
0.188 1.98986
0.189 1.99055
0.19 1.99138
0.191 1.99189
0.192 1.9924
0.193 1.99288
0.194 1.99325
0.195 1.99364
0.196 1.99402
0.197 1.99435
0.198 1.99466
0.199 1.99492
0.2 1.99511
0.201 1.99534
0.202 1.99551
0.203 1.99575
0.204 1.9959
0.205 1.99601
0.206 1.99608
0.207 1.99624
0.208 1.99637
0.209 1.99645
0.21 1.9965
0.211 1.99653
0.212 1.99658
0.213 1.99664
0.214 1.99669
0.215 1.99675
0.216 1.99679
0.217 1.99683
0.218 1.99686
0.219 1.99694
0.22 1.99694
0.221 2.99699
0.222 2.99703
0.223 2.99705
0.224 2.9971
0.225 2.99711
0.226 2.99717
0.227 2.99721
0.228 2.99725
0.229 2.99728
0.23 2.99732
0.231 2.99732
0.232 2.99732
0.233 2.9974
0.234 2.99744
0.235 2.99751
0.236 2.99754
0.237 2.99758
0.238 2.99762
0.239 2.99769
0.24 2.99769
0.241 2.99769
0.242 2.9977
0.243 2.99773
0.244 2.99774
0.245 2.99774
0.246 2.99774
0.247 2.99774
0.248 2.99778
0.249 2.99782
0.25 2.99786
0.251 2.99789
0.252 2.9979
0.253 2.99796
0.254 2.998
0.255 2.99804
0.256 2.99805
0.257 2.99812
0.258 2.99816
0.259 2.99822
0.26 2.99826
0.261 2.99828
0.262 2.99831
0.263 2.99831
0.264 2.99834
0.265 2.99835
0.266 2.99835
0.267 2.99835
0.268 2.99838
0.269 2.99841
0.27 2.99845
0.271 2.99845
0.272 2.99846
0.273 2.99846
0.274 2.99848
0.275 2.99849
0.276 2.99853
0.277 2.99857
0.278 2.99857
0.279 2.99857
0.28 2.9986
0.281 2.99861
0.282 2.99865
0.283 2.99868
0.284 2.99869
0.285 2.99871
0.286 2.99872
0.287 2.99873
0.288 2.99877
0.289 2.9988
0.29 2.9988
0.291 2.99882
0.292 2.99883
0.293 2.99884
0.294 2.99886
0.295 2.99886
0.296 2.99887
0.297 2.9989
0.298 2.99891
0.299 2.99895
0.3 2.99897
0.301 2.99898
0.302 3.99901
0.303 3.99902
0.304 3.99903
0.305 3.99905
0.306 3.99907
0.307 3.99912
0.308 3.99916
0.309 3.99917
0.31 3.99918
0.311 3.9992
0.312 3.9992
0.313 3.99925
0.314 3.99929
0.315 3.99931
0.316 3.99933
0.317 3.99936
0.318 3.99936
0.319 3.99937
0.32 3.99941
0.321 3.99946
0.322 3.99947
0.323 3.99947
0.324 3.99947
0.325 3.99948
0.326 3.99948
0.327 3.9995
0.328 3.9995
0.329 3.99951
0.33 3.99952
0.331 3.99952
0.332 3.99952
0.333 3.99958
0.334 3.99959
0.335 3.99962
0.336 3.99962
0.337 3.99963
0.338 3.99963
0.339 3.99963
0.34 3.99963
0.341 3.99963
0.342 3.99963
0.343 3.99963
0.344 3.99965
0.345 3.99966
0.346 3.99966
0.347 3.99967
0.348 3.99969
0.349 3.9997
0.35 3.9997
0.351 3.9997
0.352 3.9997
0.353 3.9997
0.354 3.9997
0.355 3.9997
0.356 3.99971
0.357 3.99971
0.358 3.99971
0.359 3.99971
0.36 3.99971
0.361 3.99976
0.362 3.99976
0.363 3.99977
0.364 3.99977
0.365 3.99978
0.366 3.99978
0.367 3.99978
0.368 3.9998
0.369 3.9998
0.37 3.9998
0.371 3.99981
0.372 3.99981
0.373 3.99984
0.374 3.99984
0.375 3.99986
0.376 3.99988
0.377 3.99988
0.378 3.99988
0.379 3.99989
0.38 3.99989
0.381 3.99989
0.382 3.9999
0.383 3.99992
0.384 3.99992
0.385 3.99992
0.386 3.99993
0.387 3.99993
0.388 3.99993
0.389 3.99995
0.39 3.99995
0.391 3.99995
0.392 3.99995
0.393 3.99996
0.394 3.99996
0.395 3.99996
0.396 3.99997
0.397 3.99999
0.398 4
0.399 4
0.4 4
