990
-97.9 3.94384e-05
-97.7 7.88768e-05
-97.5 7.88768e-05
-97.3 7.88768e-05
-97.1 7.88768e-05
-96.9 7.88768e-05
-96.7 7.88768e-05
-96.5 7.88768e-05
-96.3 7.88768e-05
-96.1 0.000118315
-95.9 0.000118315
-95.7 0.000118315
-95.5 0.000118315
-95.3 0.000118315
-95.1 0.000118315
-94.9 0.000157754
-94.7 0.000157754
-94.5 0.000197192
-94.3 0.000197192
-94.1 0.00023663
-93.9 0.00023663
-93.7 0.00023663
-93.5 0.000276069
-93.3 0.000276069
-93.1 0.000276069
-92.9 0.000276069
-92.7 0.000276069
-92.5 0.000315507
-92.3 0.000315507
-92.1 0.000315507
-91.9 0.000315507
-91.7 0.000315507
-91.5 0.000354946
-91.3 0.000354946
-91.1 0.000394384
-90.9 0.000394384
-90.7 0.000433822
-90.5 0.000433822
-90.3 0.000473261
-90.1 0.000552138
-89.9 0.000552138
-89.7 0.000552138
-89.5 0.000591576
-89.3 0.000631014
-89.1 0.000631014
-88.9 0.000631014
-88.7 0.000631014
-88.5 0.000670453
-88.3 0.000670453
-88.1 0.000670453
-87.9 0.000670453
-87.7 0.000709891
-87.5 0.000788768
-87.3 0.000867645
-87.1 0.000907083
-86.9 0.00106484
-86.7 0.00114371
-86.5 0.00118315
-86.3 0.00126203
-86.1 0.00126203
-85.9 0.00130147
-85.7 0.00134091
-85.5 0.00138034
-85.3 0.00141978
-85.1 0.00145922
-84.9 0.00157754
-84.7 0.00165641
-84.5 0.00169585
-84.3 0.00177473
-84.1 0.00193248
-83.9 0.0020508
-83.7 0.00212967
-83.5 0.00220855
-83.3 0.00232687
-83.1 0.00244518
-82.9 0.0025635
-82.7 0.00260293
-82.5 0.00268181
-82.3 0.00276069
-82.1 0.002879
-81.9 0.00307619
-81.7 0.00311563
-81.5 0.00327339
-81.3 0.00343114
-81.1 0.00358889
-80.9 0.00374665
-80.7 0.00386496
-80.5 0.0039044
-80.3 0.00414103
-80.1 0.00445654
-79.9 0.00449598
-79.7 0.00465373
-79.5 0.0049298
-79.3 0.00512699
-79.1 0.00540306
-78.9 0.00567913
-78.7 0.00603407
-78.5 0.00623127
-78.3 0.00650734
-78.1 0.00686228
-77.9 0.00709891
-77.7 0.00717779
-77.5 0.0074933
-77.3 0.0078088
-77.1 0.00800599
-76.9 0.0083215
-76.7 0.00863701
-76.5 0.00899195
-76.3 0.00922858
-76.1 0.00950465
-75.9 0.00982016
-75.7 0.0102934
-75.5 0.0106089
-75.3 0.0111611
-75.1 0.0113977
-74.9 0.0118315
-74.7 0.0122653
-74.5 0.0126992
-74.3 0.0129752
-74.1 0.0135274
-73.9 0.013764
-73.7 0.0144739
-73.5 0.0151049
-73.3 0.0154993
-73.1 0.0159331
-72.9 0.0166824
-72.7 0.0173529
-72.5 0.017905
-72.3 0.0185755
-72.1 0.0192065
-71.9 0.0198375
-71.7 0.0203502
-71.5 0.0209812
-71.3 0.0219277
-71.1 0.0227165
-70.9 0.0235842
-70.7 0.0246884
-70.5 0.0253589
-70.3 0.0259899
-70.1 0.0268181
-69.9 0.0276858
-69.7 0.028514
-69.5 0.0295394
-69.3 0.0306831
-69.1 0.0317479
-68.9 0.0329311
-68.7 0.0342325
-68.5 0.0354157
-68.3 0.0368749
-68.1 0.0380581
-67.9 0.0391623
-67.7 0.0409371
-67.5 0.041923
-67.3 0.0434217
-67.1 0.0447231
-66.9 0.0461429
-66.7 0.0473655
-66.5 0.0489036
-66.3 0.050284
-66.1 0.0520981
-65.9 0.0535573
-65.7 0.0545433
-65.5 0.0561603
-65.3 0.0578167
-65.1 0.0592365
-64.9 0.0606563
-64.7 0.0623127
-64.5 0.0642846
-64.3 0.0663354
-64.1 0.0683862
-63.9 0.0699243
-63.7 0.0717779
-63.5 0.0741836
-63.3 0.0762739
-63.1 0.0783247
-62.9 0.0802177
-62.7 0.0828206
-62.5 0.0850686
-62.3 0.087356
-62.1 0.0890913
-61.9 0.0912605
-61.7 0.0936268
-61.5 0.0959142
-61.3 0.0982016
-61.1 0.0999763
-60.9 0.101672
-60.7 0.104117
-60.5 0.106523
-60.3 0.108771
-60.1 0.111256
-59.9 0.114174
-59.7 0.116383
-59.5 0.118867
-59.3 0.121155
-59.1 0.124073
-58.9 0.127071
-58.7 0.129831
-58.5 0.132119
-58.3 0.134643
-58.1 0.137601
-57.9 0.140677
-57.7 0.143674
-57.5 0.146119
-57.3 0.148762
-57.1 0.152232
-56.9 0.15519
-56.7 0.157911
-56.5 0.160435
-56.3 0.163275
-56.1 0.165878
-55.9 0.168323
-55.7 0.171123
-55.5 0.174042
-55.3 0.176605
-55.1 0.179169
-54.9 0.182127
-54.7 0.184927
-54.5 0.187806
-54.3 0.190882
-54.1 0.192893
-53.9 0.195338
-53.7 0.197902
-53.5 0.201175
-53.3 0.203936
-53.1 0.206618
-52.9 0.209497
-52.7 0.212455
-52.5 0.215689
-52.3 0.218055
-52.1 0.221013
-51.9 0.22405
-51.7 0.22685
-51.5 0.229492
-51.3 0.232095
-51.1 0.234856
-50.9 0.237853
-50.7 0.240535
-50.5 0.243729
-50.3 0.246214
-50.1 0.248422
-49.9 0.250828
-49.7 0.253549
-49.5 0.256468
-49.3 0.25911
-49.1 0.262226
-48.9 0.265223
-48.7 0.267826
-48.5 0.270863
-48.3 0.273426
-48.1 0.276227
-47.9 0.278711
-47.7 0.281077
-47.5 0.283325
-47.3 0.285731
-47.1 0.288768
-46.9 0.291134
-46.7 0.294092
-46.5 0.296458
-46.3 0.298982
-46.1 0.301625
-45.9 0.30478
-45.7 0.307304
-45.5 0.310183
-45.3 0.312707
-45.1 0.315744
-44.9 0.318544
-44.7 0.320674
-44.5 0.323198
-44.3 0.325564
-44.1 0.32793
-43.9 0.330809
-43.7 0.333254
-43.5 0.336252
-43.3 0.339249
-43.1 0.341734
-42.9 0.344258
-42.7 0.346979
-42.5 0.349069
-42.3 0.351278
-42.1 0.353565
-41.9 0.355853
-41.7 0.358771
-41.5 0.361453
-41.3 0.363661
-41.1 0.366107
-40.9 0.368828
-40.7 0.370839
-40.5 0.373284
-40.3 0.376163
-40.1 0.378411
-39.9 0.381014
-39.7 0.383814
-39.5 0.386141
-39.3 0.388784
-39.1 0.391347
-38.9 0.393871
-38.7 0.39604
-38.5 0.398525
-38.3 0.400852
-38.1 0.403258
-37.9 0.405506
-37.7 0.407438
-37.5 0.409962
-37.3 0.412565
-37.1 0.414616
-36.9 0.416706
-36.7 0.418796
-36.5 0.42132
-36.3 0.42349
-36.1 0.426487
-35.9 0.428498
-35.7 0.43118
-35.5 0.434059
-35.3 0.436189
-35.1 0.438752
-34.9 0.441118
-34.7 0.44313
-34.5 0.445496
-34.3 0.447902
-34.1 0.45015
-33.9 0.452122
-33.7 0.454528
-33.5 0.456618
-33.3 0.459024
-33.1 0.460995
-32.9 0.463283
-32.7 0.46557
-32.5 0.467621
-32.3 0.469751
-32.1 0.47188
-31.9 0.474602
-31.7 0.476455
-31.5 0.478546
-31.3 0.480557
-31.1 0.482687
-30.9 0.484895
-30.7 0.486867
-30.5 0.489588
-30.3 0.491876
-30.1 0.494163
-29.9 0.495898
-29.7 0.498304
-29.5 0.500355
-29.3 0.502287
-29.1 0.504733
-28.9 0.506941
-28.7 0.509584
-28.5 0.512226
-28.3 0.513922
-28.1 0.516012
-27.9 0.517866
-27.7 0.520153
-27.5 0.522559
-27.3 0.524846
-27.1 0.526739
-26.9 0.52879
-26.7 0.53159
-26.5 0.533602
-26.3 0.535731
-26.1 0.538058
-25.9 0.540582
-25.7 0.542633
-25.5 0.544605
-25.3 0.546774
-25.1 0.54914
-24.9 0.550836
-24.7 0.5534
-24.5 0.555766
-24.3 0.557619
-24.1 0.560499
-23.9 0.562628
-23.7 0.564837
-23.5 0.566927
-23.3 0.568741
-23.1 0.570555
-22.9 0.572843
-22.7 0.575446
-22.5 0.577536
-22.3 0.580099
-22.1 0.581756
-21.9 0.583531
-21.7 0.585739
-21.5 0.588105
-21.3 0.590353
-21.1 0.592207
-20.9 0.594455
-20.7 0.596348
-20.5 0.598714
-20.3 0.600765
-20.1 0.602816
-19.9 0.604591
-19.7 0.606563
-19.5 0.608811
-19.3 0.61027
-19.1 0.612281
-18.9 0.614292
-18.7 0.616067
-18.5 0.618276
-18.3 0.620011
-18.1 0.621431
-17.9 0.623166
-17.7 0.624704
-17.5 0.626637
-17.3 0.628727
-17.1 0.630581
-16.9 0.631803
-16.7 0.633499
-16.5 0.635747
-16.3 0.637719
-16.1 0.639927
-15.9 0.642688
-15.7 0.644463
-15.5 0.646277
-15.3 0.647776
-15.1 0.649708
-14.9 0.65172
-14.7 0.653889
-14.5 0.655506
-14.3 0.657596
-14.1 0.659371
-13.9 0.661106
-13.7 0.663117
-13.5 0.664655
-13.3 0.666903
-13.1 0.668796
-12.9 0.670808
-12.7 0.673371
-12.5 0.674988
-12.3 0.676526
-12.1 0.678498
-11.9 0.679997
-11.7 0.682008
-11.5 0.684138
-11.3 0.686465
-11.1 0.688279
-10.9 0.69033
-10.7 0.692262
-10.5 0.694668
-10.3 0.695891
-10.1 0.697981
-9.9 0.700229
-9.7 0.701964
-9.5 0.703187
-9.3 0.705395
-9.1 0.707091
-8.9 0.708945
-8.7 0.710838
-8.5 0.712218
-8.3 0.713559
-8.1 0.715255
-7.9 0.717661
-7.7 0.719632
-7.5 0.721171
-7.3 0.722985
-7.1 0.724759
-6.9 0.726376
-6.7 0.728467
-6.5 0.729689
-6.3 0.731503
-6.1 0.732608
-5.9 0.734422
-5.7 0.73592
-5.5 0.737577
-5.3 0.739431
-5.1 0.74089
-4.9 0.742546
-4.7 0.744321
-4.5 0.746174
-4.3 0.747673
-4.1 0.749251
-3.9 0.751223
-3.7 0.753431
-3.5 0.755127
-3.3 0.756783
-3.1 0.758598
-2.9 0.760609
-2.7 0.762541
-2.5 0.764671
-2.3 0.766722
-2.1 0.76826
-1.9 0.769916
-1.7 0.771533
-1.5 0.772756
-1.3 0.77461
-1.1 0.776384
-0.900002 0.778198
-0.700002 0.779697
-0.500002 0.781235
-0.300002 0.782852
-0.100002 0.784745
0.0999985 0.786204
0.299998 0.787979
0.499998 0.78936
0.699998 0.790858
0.899998 0.792712
1.1 0.794171
1.3 0.795749
1.5 0.79776
1.7 0.799101
1.9 0.800402
2.1 0.802138
2.3 0.803478
2.5 0.805293
2.7 0.80687
2.9 0.808487
3.1 0.810025
3.3 0.811879
3.5 0.813496
3.7 0.815034
3.9 0.816966
4.1 0.818623
4.3 0.820476
4.5 0.822133
4.7 0.823908
4.9 0.825288
5.1 0.826865
5.3 0.828758
5.5 0.830375
5.7 0.831992
5.9 0.833846
6.1 0.835226
6.3 0.836843
6.5 0.837869
6.7 0.838973
6.9 0.840077
7.1 0.842049
7.3 0.84343
7.5 0.845125
7.7 0.846348
7.9 0.847649
8.1 0.849227
8.3 0.850805
8.5 0.852185
8.7 0.853329
8.9 0.854472
9.1 0.855971
9.3 0.857627
9.5 0.859244
9.7 0.860704
9.9 0.862123
10.1 0.863346
10.3 0.864569
10.5 0.86587
10.7 0.867369
10.9 0.86871
11.1 0.870248
11.3 0.871786
11.5 0.873363
11.7 0.874862
11.9 0.875927
12.1 0.877307
12.3 0.878806
12.5 0.880028
12.7 0.881409
12.9 0.882986
13.1 0.883972
13.3 0.884958
13.5 0.886457
13.7 0.887561
13.9 0.888744
14.1 0.890164
14.3 0.891466
14.5 0.893122
14.7 0.894147
14.9 0.895685
15.1 0.89679
15.3 0.898209
15.5 0.899669
15.7 0.900576
15.9 0.902035
16.1 0.903494
16.3 0.904717
16.5 0.906294
16.7 0.907714
16.9 0.909134
17.1 0.910435
17.3 0.911697
17.5 0.912999
17.7 0.914143
17.9 0.915365
18.1 0.916154
18.3 0.917179
18.5 0.918244
18.7 0.919309
18.9 0.920492
19.1 0.921754
19.3 0.922819
19.5 0.923923
19.7 0.925106
19.9 0.926408
20.1 0.927946
20.3 0.92909
20.5 0.929997
20.7 0.930904
20.9 0.931732
21.1 0.933191
21.3 0.934493
21.5 0.9354
21.7 0.936544
21.9 0.937727
22.1 0.938318
22.3 0.939147
22.5 0.939817
22.7 0.940645
22.9 0.941552
23.1 0.942499
23.3 0.943366
23.5 0.944313
23.7 0.94522
23.9 0.946285
24.1 0.947192
24.3 0.948139
24.5 0.949243
24.7 0.949953
24.9 0.950899
25.1 0.951846
25.3 0.952832
25.5 0.953857
25.7 0.955159
25.9 0.956026
26.1 0.956342
26.3 0.95717
26.5 0.958156
26.7 0.958866
26.9 0.959615
27.1 0.960364
27.3 0.961232
27.5 0.9621
27.7 0.963046
27.9 0.963717
28.1 0.964308
28.3 0.965136
28.5 0.965886
28.7 0.966714
28.9 0.967582
29.1 0.968449
29.3 0.969199
29.5 0.969987
29.7 0.970618
29.9 0.971249
30.1 0.971841
30.3 0.972393
30.5 0.973182
30.7 0.973852
30.9 0.974286
31.1 0.974641
31.3 0.975667
31.5 0.976179
31.7 0.976613
31.9 0.977086
32.1 0.977441
32.3 0.977993
32.5 0.978546
32.7 0.978979
32.9 0.979334
33.1 0.97965
33.3 0.980202
33.5 0.980596
33.7 0.980991
33.9 0.981464
34.1 0.981937
34.3 0.982253
34.5 0.982608
34.7 0.983002
34.9 0.983396
35.1 0.983673
35.3 0.984027
35.5 0.984185
35.7 0.984501
35.9 0.984737
36.1 0.985092
36.3 0.985368
36.5 0.985487
36.7 0.985763
36.9 0.986236
37.1 0.986433
37.3 0.986788
37.5 0.987064
37.7 0.98734
37.9 0.987537
38.1 0.987695
38.3 0.987853
38.5 0.98805
38.7 0.988247
38.9 0.988602
39.1 0.988918
39.3 0.989115
39.5 0.989154
39.7 0.98947
39.9 0.989746
40.1 0.989943
40.3 0.990101
40.5 0.990259
40.7 0.990495
40.9 0.990811
41.1 0.991008
41.3 0.991205
41.5 0.991284
41.7 0.991402
41.9 0.9916
42.1 0.991797
42.3 0.991994
42.5 0.992191
42.7 0.99227
42.9 0.992467
43.1 0.992704
43.3 0.992783
43.5 0.992822
43.7 0.992941
43.9 0.99298
44.1 0.99298
44.3 0.993059
44.5 0.993138
44.7 0.993177
44.9 0.993256
45.1 0.993374
45.3 0.993453
45.5 0.99365
45.7 0.993729
45.9 0.993769
46.1 0.993808
46.3 0.993966
46.5 0.994084
46.7 0.994124
46.9 0.994203
47.1 0.994439
47.3 0.994518
47.5 0.994636
47.7 0.994715
47.9 0.994834
48.1 0.994912
48.3 0.994991
48.5 0.995189
48.7 0.995386
48.9 0.995504
49.1 0.995543
49.3 0.995543
49.5 0.995622
49.7 0.995741
49.9 0.995859
50.1 0.995898
50.3 0.995938
50.5 0.995977
50.7 0.996017
50.9 0.996017
51.1 0.996056
51.3 0.996056
51.5 0.996056
51.7 0.996056
51.9 0.996056
52.1 0.996096
52.3 0.996096
52.5 0.996174
52.7 0.996174
52.9 0.996214
53.1 0.996253
53.3 0.996293
53.5 0.996332
53.7 0.996411
53.9 0.996411
54.1 0.996411
54.3 0.996451
54.5 0.99649
54.7 0.996529
54.9 0.996648
55.1 0.996687
55.3 0.996727
55.5 0.996727
55.7 0.996766
55.9 0.996766
56.1 0.996805
56.3 0.996845
56.5 0.996884
56.7 0.996924
56.9 0.996924
57.1 0.996924
57.3 0.997003
57.5 0.997042
57.7 0.997042
57.9 0.997082
58.1 0.997082
58.3 0.997121
58.5 0.99716
58.7 0.9972
58.9 0.997239
59.1 0.997279
59.3 0.997279
59.5 0.997318
59.7 0.997358
59.9 0.997397
60.1 0.997437
60.3 0.997437
60.5 0.997437
60.7 0.997437
60.9 0.997437
61.1 0.997437
61.3 0.997437
61.5 0.997437
61.7 0.997437
61.9 0.997476
62.1 0.997515
62.3 0.997555
62.5 0.997594
62.7 0.997634
62.9 0.997673
63.1 0.997673
63.3 0.997673
63.5 0.997673
63.7 0.997673
63.9 0.997673
64.1 0.997673
64.3 0.997713
64.5 0.997752
64.7 0.997831
64.9 0.997831
65.1 0.997831
65.3 0.997831
65.5 0.99787
65.7 0.99791
65.9 0.99791
66.1 0.99791
66.3 0.99791
66.5 0.99791
66.7 0.997949
66.9 0.997989
67.1 0.998028
67.3 0.998028
67.5 0.998028
67.7 0.998028
67.9 0.998028
68.1 0.998028
68.3 0.998028
68.5 0.998028
68.7 0.998028
68.9 0.998068
69.1 0.998068
69.3 0.998107
69.5 0.998107
69.7 0.998146
69.9 0.998146
70.1 0.998146
70.3 0.998186
70.5 0.998186
70.7 0.998225
70.9 0.998265
71.1 0.998304
71.3 0.998304
71.5 0.998344
71.7 0.998383
71.9 0.998383
72.1 0.998383
72.3 0.998422
72.5 0.998422
72.7 0.998462
72.9 0.998462
73.1 0.998462
73.3 0.998462
73.5 0.998541
73.7 0.998541
73.9 0.99858
74.1 0.99858
74.3 0.99858
74.5 0.99858
74.7 0.99858
74.9 0.99862
75.1 0.998659
75.3 0.998659
75.5 0.998659
75.7 0.998699
75.9 0.998738
76.1 0.998777
76.3 0.998777
76.5 0.998777
76.7 0.998777
76.9 0.998777
77.1 0.998777
77.3 0.998777
77.5 0.998817
77.7 0.998856
77.9 0.998896
78.1 0.998896
78.3 0.998935
78.5 0.998935
78.7 0.998975
78.9 0.998975
79.1 0.998975
79.3 0.999014
79.5 0.999014
79.7 0.999053
79.9 0.999093
80.1 0.999093
80.3 0.999211
80.5 0.999211
80.7 0.999211
80.9 0.999251
81.1 0.999251
81.3 0.999251
81.5 0.999251
81.7 0.999251
81.9 0.99929
82.1 0.99929
82.3 0.99929
82.5 0.99929
82.7 0.99929
82.9 0.99929
83.1 0.99929
83.3 0.99933
83.5 0.99933
83.7 0.99933
83.9 0.99933
84.1 0.999369
84.3 0.999369
84.5 0.999369
84.7 0.999369
84.9 0.999369
85.1 0.999369
85.3 0.999369
85.5 0.999369
85.7 0.999369
85.9 0.999408
86.1 0.999408
86.3 0.999408
86.5 0.999408
86.7 0.999408
86.9 0.999408
87.1 0.999408
87.3 0.999408
87.5 0.999408
87.7 0.999448
87.9 0.999448
88.1 0.999448
88.3 0.999448
88.5 0.999448
88.7 0.999448
88.9 0.999448
89.1 0.999448
89.3 0.999487
89.5 0.999487
89.7 0.999487
89.9 0.999487
90.1 0.999487
90.3 0.999487
90.5 0.999487
90.7 0.999527
90.9 0.999566
91.1 0.999606
91.3 0.999606
91.5 0.999606
91.7 0.999645
91.9 0.999645
92.1 0.999645
92.3 0.999645
92.5 0.999645
92.7 0.999645
92.9 0.999645
93.1 0.999684
93.3 0.999724
93.5 0.999724
93.7 0.999763
93.9 0.999803
94.1 0.999803
94.3 0.999803
94.5 0.999803
94.7 0.999803
94.9 0.999803
95.1 0.999803
95.3 0.999803
95.5 0.999803
95.7 0.999803
95.9 0.999803
96.1 0.999803
96.3 0.999803
96.5 0.999803
96.7 0.999842
96.9 0.999882
97.1 0.999882
97.3 0.999882
97.5 0.999882
97.7 0.999921
97.9 0.999921
98.1 0.999921
98.3 0.999921
98.5 0.999961
98.7 0.999961
98.9 0.999961
99.1 0.999961
99.3 0.999961
99.5 0.999961
99.7 0.999961
99.9 1
