-1099.9 0
-1099.7 0
-1099.5 0
-1099.3 0
-1099.1 0
-1098.9 0
-1098.7 0
-1098.5 0
-1098.3 0
-1098.1 0
-1097.9 0
-1097.7 0
-1097.5 0
-1097.3 0
-1097.1 0
-1096.9 0
-1096.7 0
-1096.5 0
-1096.3 0
-1096.1 0
-1095.9 0
-1095.7 0
-1095.5 0
-1095.3 0
-1095.1 0
-1094.9 0
-1094.7 0
-1094.5 0
-1094.3 0
-1094.1 0
-1093.9 0
-1093.7 0
-1093.5 0
-1093.3 0
-1093.1 0
-1092.9 0
-1092.7 0
-1092.5 0
-1092.3 0
-1092.1 0
-1091.9 0
-1091.7 0
-1091.5 0
-1091.3 0
-1091.1 0
-1090.9 0
-1090.7 0
-1090.5 0
-1090.3 0
-1090.1 0
-1089.9 0
-1089.7 0
-1089.5 0
-1089.3 0
-1089.1 0
-1088.9 0
-1088.7 0
-1088.5 0
-1088.3 0
-1088.1 0
-1087.9 0
-1087.7 0
-1087.5 0
-1087.3 0
-1087.1 0
-1086.9 0
-1086.7 0
-1086.5 0
-1086.3 0
-1086.1 0
-1085.9 0
-1085.7 0
-1085.5 0
-1085.3 0
-1085.1 0
-1084.9 0
-1084.7 0
-1084.5 0
-1084.3 0
-1084.1 0
-1083.9 0
-1083.7 0
-1083.5 0
-1083.3 0
-1083.1 0
-1082.9 0
-1082.7 0
-1082.5 0
-1082.3 0
-1082.1 0
-1081.9 0
-1081.7 0
-1081.5 0
-1081.3 0
-1081.1 0
-1080.9 0
-1080.7 0
-1080.5 0
-1080.3 0
-1080.1 0
-1079.9 0
-1079.7 0
-1079.5 0
-1079.3 0
-1079.1 0
-1078.9 0
-1078.7 0
-1078.5 0
-1078.3 0
-1078.1 0
-1077.9 0
-1077.7 0
-1077.5 0
-1077.3 0
-1077.1 0
-1076.9 0
-1076.7 0
-1076.5 0
-1076.3 0
-1076.1 0
-1075.9 0
-1075.7 0
-1075.5 0
-1075.3 0
-1075.1 0
-1074.9 0
-1074.7 0
-1074.5 0
-1074.3 0
-1074.1 0
-1073.9 0
-1073.7 0
-1073.5 0
-1073.3 0
-1073.1 0
-1072.9 0
-1072.7 0
-1072.5 0
-1072.3 0
-1072.1 0
-1071.9 0
-1071.7 0
-1071.5 0
-1071.3 0
-1071.1 0
-1070.9 0
-1070.7 0
-1070.5 0
-1070.3 0
-1070.1 0
-1069.9 0
-1069.7 0
-1069.5 0
-1069.3 0
-1069.1 0
-1068.9 0
-1068.7 0
-1068.5 0
-1068.3 0
-1068.1 0
-1067.9 0
-1067.7 0
-1067.5 0
-1067.3 0
-1067.1 0
-1066.9 0
-1066.7 0
-1066.5 0
-1066.3 0
-1066.1 0
-1065.9 0
-1065.7 0
-1065.5 0
-1065.3 0
-1065.1 0
-1064.9 0
-1064.7 0
-1064.5 0
-1064.3 0
-1064.1 0
-1063.9 0
-1063.7 0
-1063.5 0
-1063.3 0
-1063.1 0
-1062.9 0
-1062.7 0
-1062.5 0
-1062.3 0
-1062.1 0
-1061.9 0
-1061.7 0
-1061.5 0
-1061.3 0
-1061.1 0
-1060.9 0
-1060.7 0
-1060.5 0
-1060.3 0
-1060.1 0
-1059.9 0
-1059.7 0
-1059.5 0
-1059.3 0
-1059.1 0
-1058.9 0
-1058.7 0
-1058.5 0
-1058.3 0
-1058.1 0
-1057.9 0
-1057.7 0
-1057.5 0
-1057.3 0
-1057.1 0
-1056.9 0
-1056.7 0
-1056.5 0
-1056.3 0
-1056.1 0
-1055.9 0
-1055.7 0
-1055.5 0
-1055.3 0
-1055.1 0
-1054.9 0
-1054.7 0
-1054.5 0
-1054.3 0
-1054.1 0
-1053.9 0
-1053.7 0
-1053.5 0
-1053.3 0
-1053.1 0
-1052.9 0
-1052.7 0
-1052.5 0
-1052.3 0
-1052.1 0
-1051.9 0
-1051.7 0
-1051.5 0
-1051.3 0
-1051.1 0
-1050.9 0
-1050.7 0
-1050.5 0
-1050.3 0
-1050.1 0
-1049.9 0
-1049.7 0
-1049.5 0
-1049.3 0
-1049.1 0
-1048.9 0
-1048.7 0
-1048.5 0
-1048.3 0
-1048.1 0
-1047.9 0
-1047.7 0
-1047.5 0
-1047.3 0
-1047.1 0
-1046.9 0
-1046.7 0
-1046.5 0
-1046.3 0
-1046.1 0
-1045.9 0
-1045.7 0
-1045.5 0
-1045.3 0
-1045.1 0
-1044.9 0
-1044.7 0
-1044.5 0
-1044.3 0
-1044.1 0
-1043.9 0
-1043.7 0
-1043.5 0
-1043.3 0
-1043.1 0
-1042.9 0
-1042.7 0
-1042.5 0
-1042.3 0
-1042.1 0
-1041.9 0
-1041.7 0
-1041.5 0
-1041.3 0
-1041.1 0
-1040.9 0
-1040.7 0
-1040.5 0
-1040.3 0
-1040.1 0
-1039.9 0
-1039.7 0
-1039.5 0
-1039.3 0
-1039.1 0
-1038.9 0
-1038.7 0
-1038.5 0
-1038.3 0
-1038.1 0
-1037.9 0
-1037.7 0
-1037.5 0
-1037.3 0
-1037.1 0
-1036.9 0
-1036.7 0
-1036.5 0
-1036.3 0
-1036.1 0
-1035.9 0
-1035.7 0
-1035.5 0
-1035.3 0
-1035.1 0
-1034.9 0
-1034.7 0
-1034.5 0
-1034.3 0
-1034.1 0
-1033.9 0
-1033.7 0
-1033.5 0
-1033.3 0
-1033.1 0
-1032.9 0
-1032.7 0
-1032.5 0
-1032.3 0
-1032.1 0
-1031.9 0
-1031.7 0
-1031.5 0
-1031.3 0
-1031.1 0
-1030.9 0
-1030.7 0
-1030.5 0
-1030.3 0
-1030.1 0
-1029.9 0
-1029.7 0
-1029.5 0
-1029.3 0
-1029.1 0
-1028.9 0
-1028.7 0
-1028.5 0
-1028.3 0
-1028.1 0
-1027.9 0
-1027.7 0
-1027.5 0
-1027.3 0
-1027.1 0
-1026.9 0
-1026.7 0
-1026.5 0
-1026.3 0
-1026.1 0
-1025.9 0
-1025.7 0
-1025.5 0
-1025.3 0
-1025.1 0
-1024.9 0
-1024.7 0
-1024.5 0
-1024.3 0
-1024.1 0
-1023.9 0
-1023.7 0
-1023.5 0
-1023.3 0
-1023.1 0
-1022.9 0
-1022.7 0
-1022.5 0
-1022.3 0
-1022.1 0
-1021.9 0
-1021.7 0
-1021.5 0
-1021.3 0
-1021.1 0
-1020.9 0
-1020.7 0
-1020.5 0
-1020.3 0
-1020.1 0
-1019.9 0
-1019.7 0
-1019.5 0
-1019.3 0
-1019.1 0
-1018.9 0
-1018.7 0
-1018.5 0
-1018.3 0
-1018.1 0
-1017.9 0
-1017.7 0
-1017.5 0
-1017.3 0
-1017.1 0
-1016.9 0
-1016.7 0
-1016.5 0
-1016.3 0
-1016.1 0
-1015.9 0
-1015.7 0
-1015.5 0
-1015.3 0
-1015.1 0
-1014.9 0
-1014.7 0
-1014.5 0
-1014.3 0
-1014.1 0
-1013.9 0
-1013.7 0
-1013.5 0
-1013.3 0
-1013.1 0
-1012.9 0
-1012.7 0
-1012.5 0
-1012.3 0
-1012.1 0
-1011.9 0
-1011.7 0
-1011.5 0
-1011.3 1
-1011.1 0
-1010.9 0
-1010.7 4
-1010.5 8
-1010.3 2
-1010.1 6
-1009.9 8
-1009.7 3
-1009.5 10
-1009.3 8
-1009.1 7
-1008.9 12
-1008.7 8
-1008.5 20
-1008.3 12
-1008.1 13
-1007.9 12
-1007.7 17
-1007.5 10
-1007.3 4
-1007.1 9
-1006.9 12
-1006.7 5
-1006.5 10
-1006.3 8
-1006.1 5
-1005.9 9
-1005.7 3
-1005.5 9
-1005.3 6
-1005.1 4
-1004.9 7
-1004.7 12
-1004.5 7
-1004.3 9
-1004.1 14
-1003.9 7
-1003.7 3
-1003.5 9
-1003.3 7
-1003.1 6
-1002.9 8
-1002.7 12
-1002.5 14
-1002.3 9
-1002.1 9
-1001.9 9
-1001.7 8
-1001.5 8
-1001.3 10
-1001.1 8
-1000.9 7
-1000.7 6
-1000.5 7
-1000.3 8
-1000.1 15
-999.9 11
-999.7 10
-999.5 7
-999.3 3
-999.1 7
-998.9 4
-998.7 8
-998.5 9
-998.3 6
-998.1 4
-997.9 12
-997.7 7
-997.5 8
-997.3 4
-997.1 8
-996.9 9
-996.7 9
-996.5 9
-996.3 10
-996.1 6
-995.9 10
-995.7 9
-995.5 13
-995.3 7
-995.1 7
-994.9 10
-994.7 10
-994.5 10
-994.3 9
-994.1 11
-993.9 7
-993.7 11
-993.5 11
-993.3 7
-993.1 10
-992.9 2
-992.7 4
-992.5 9
-992.3 9
-992.1 8
-991.9 11
-991.7 5
-991.5 7
-991.3 6
-991.1 6
-990.9 7
-990.7 9
-990.5 4
-990.3 7
-990.1 10
-989.9 6
-989.7 7
-989.5 16
-989.3 7
-989.1 7
-988.9 15
-988.7 6
-988.5 3
-988.3 9
-988.1 13
-987.9 11
-987.7 12
-987.5 10
-987.3 6
-987.1 4
-986.9 6
-986.7 6
-986.5 11
-986.3 7
-986.1 10
-985.9 12
-985.7 8
-985.5 6
-985.3 8
-985.1 3
-984.9 12
-984.7 7
-984.5 5
-984.3 3
-984.1 5
-983.9 6
-983.7 8
-983.5 9
-983.3 7
-983.1 7
-982.9 5
-982.7 7
-982.5 5
-982.3 5
-982.1 10
-981.9 5
-981.7 7
-981.5 8
-981.3 10
-981.1 8
-980.9 6
-980.7 10
-980.5 12
-980.3 6
-980.1 7
-979.9 5
-979.7 6
-979.5 8
-979.3 8
-979.1 5
-978.9 10
-978.7 8
-978.5 5
-978.3 11
-978.1 8
-977.9 7
-977.7 6
-977.5 6
-977.3 7
-977.1 5
-976.9 5
-976.7 7
-976.5 4
-976.3 3
-976.1 8
-975.9 6
-975.7 7
-975.5 5
-975.3 4
-975.1 5
-974.9 6
-974.7 7
-974.5 6
-974.3 7
-974.1 10
-973.9 1
-973.7 6
-973.5 9
-973.3 11
-973.1 6
-972.9 11
-972.7 4
-972.5 8
-972.3 10
-972.1 8
-971.9 3
-971.7 5
-971.5 10
-971.3 5
-971.1 5
-970.9 6
-970.7 9
-970.5 8
-970.3 2
-970.1 6
-969.9 12
-969.7 8
-969.5 5
-969.3 6
-969.1 6
-968.9 5
-968.7 3
-968.5 5
-968.3 9
-968.1 6
-967.9 7
-967.7 3
-967.5 8
-967.3 6
-967.1 4
-966.9 6
-966.7 3
-966.5 10
-966.3 7
-966.1 4
-965.9 6
-965.7 4
-965.5 7
-965.3 8
-965.1 9
-964.9 7
-964.7 10
-964.5 4
-964.3 8
-964.1 3
-963.9 3
-963.7 8
-963.5 4
-963.3 6
-963.1 6
-962.9 9
-962.7 9
-962.5 5
-962.3 2
-962.1 12
-961.9 9
-961.7 4
-961.5 6
-961.3 10
-961.1 8
-960.9 2
-960.7 6
-960.5 4
-960.3 9
-960.1 3
-959.9 2
-959.7 3
-959.5 2
-959.3 3
-959.1 9
-958.9 6
-958.7 7
-958.5 6
-958.3 6
-958.1 6
-957.9 6
-957.7 5
-957.5 11
-957.3 7
-957.1 10
-956.9 6
-956.7 9
-956.5 5
-956.3 5
-956.1 10
-955.9 8
-955.7 7
-955.5 8
-955.3 6
-955.1 9
-954.9 4
-954.7 4
-954.5 5
-954.3 6
-954.1 10
-953.9 4
-953.7 9
-953.5 4
-953.3 6
-953.1 5
-952.9 3
-952.7 6
-952.5 3
-952.3 1
-952.1 1
-951.9 7
-951.7 6
-951.5 6
-951.3 13
-951.1 3
-950.9 2
-950.7 8
-950.5 2
-950.3 8
-950.1 4
-949.9 5
-949.7 8
-949.5 7
-949.3 6
-949.1 5
-948.9 5
-948.7 3
-948.5 6
-948.3 6
-948.1 2
-947.9 8
-947.7 7
-947.5 4
-947.3 8
-947.1 7
-946.9 2
-946.7 4
-946.5 6
-946.3 3
-946.1 9
-945.9 8
-945.7 7
-945.5 6
-945.3 8
-945.1 8
-944.9 6
-944.7 8
-944.5 6
-944.3 2
-944.1 3
-943.9 7
-943.7 6
-943.5 6
-943.3 5
-943.1 2
-942.9 6
-942.7 4
-942.5 6
-942.3 10
-942.1 4
-941.9 5
-941.7 5
-941.5 4
-941.3 3
-941.1 2
-940.9 2
-940.7 3
-940.5 4
-940.3 5
-940.1 3
-939.9 5
-939.7 3
-939.5 2
-939.3 6
-939.1 1
-938.9 6
-938.7 5
-938.5 3
-938.3 3
-938.1 0
-937.9 4
-937.7 7
-937.5 3
-937.3 5
-937.1 4
-936.9 5
-936.7 6
-936.5 2
-936.3 4
-936.1 2
-935.9 6
-935.7 4
-935.5 6
-935.3 8
-935.1 1
-934.9 1
-934.7 5
-934.5 5
-934.3 0
-934.1 6
-933.9 1
-933.7 6
-933.5 2
-933.3 2
-933.1 3
-932.9 4
-932.7 6
-932.5 1
-932.3 2
-932.1 2
-931.9 4
-931.7 3
-931.5 2
-931.3 2
-931.1 7
-930.9 4
-930.7 2
-930.5 3
-930.3 5
-930.1 6
-929.9 5
-929.7 3
-929.5 2
-929.3 5
-929.1 5
-928.9 2
-928.7 10
-928.5 2
-928.3 2
-928.1 5
-927.9 6
-927.7 8
-927.5 7
-927.3 4
-927.1 4
-926.9 5
-926.7 3
-926.5 6
-926.3 8
-926.1 2
-925.9 9
-925.7 2
-925.5 4
-925.3 3
-925.1 3
-924.9 3
-924.7 3
-924.5 4
-924.3 2
-924.1 3
-923.9 7
-923.7 3
-923.5 3
-923.3 8
-923.1 4
-922.9 3
-922.7 5
-922.5 1
-922.3 4
-922.1 5
-921.9 2
-921.7 6
-921.5 6
-921.3 3
-921.1 5
-920.9 4
-920.7 3
-920.5 4
-920.3 4
-920.1 4
-919.9 4
-919.7 3
-919.5 1
-919.3 2
-919.1 2
-918.9 4
-918.7 5
-918.5 5
-918.3 3
-918.1 2
-917.9 4
-917.7 1
-917.5 4
-917.3 2
-917.1 0
-916.9 3
-916.7 3
-916.5 1
-916.3 1
-916.1 1
-915.9 0
-915.7 6
-915.5 2
-915.3 0
-915.1 0
-914.9 4
-914.7 4
-914.5 1
-914.3 1
-914.1 3
-913.9 4
-913.7 1
-913.5 1
-913.3 3
-913.1 2
-912.9 1
-912.7 1
-912.5 1
-912.3 3
-912.1 0
-911.9 0
-911.7 2
-911.5 1
-911.3 3
-911.1 2
-910.9 1
-910.7 1
-910.5 0
-910.3 1
-910.1 2
-909.9 0
-909.7 0
-909.5 0
-909.3 1
-909.1 3
-908.9 0
-908.7 0
-908.5 0
-908.3 1
-908.1 0
-907.9 2
-907.7 0
-907.5 0
-907.3 2
-907.1 0
-906.9 0
-906.7 1
-906.5 0
-906.3 2
-906.1 2
-905.9 0
-905.7 0
-905.5 0
-905.3 0
-905.1 1
-904.9 0
-904.7 0
-904.5 0
-904.3 0
-904.1 0
-903.9 1
-903.7 0
-903.5 0
-903.3 1
-903.1 0
-902.9 2
-902.7 0
-902.5 0
-902.3 1
-902.1 0
-901.9 0
-901.7 0
-901.5 0
-901.3 0
-901.1 1
-900.9 0
-900.7 0
-900.5 0
-900.3 0
-900.1 0
-899.9 0
-899.7 0
-899.5 0
-899.3 0
-899.1 0
-898.9 1
-898.7 1
-898.5 1
-898.3 1
-898.1 0
-897.9 0
-897.7 1
-897.5 0
-897.3 0
-897.1 0
-896.9 0
-896.7 0
-896.5 0
-896.3 0
-896.1 0
-895.9 0
-895.7 1
-895.5 0
-895.3 0
-895.1 1
-894.9 0
-894.7 1
-894.5 0
-894.3 0
-894.1 0
-893.9 0
-893.7 1
-893.5 0
-893.3 0
-893.1 0
-892.9 0
-892.7 0
-892.5 0
-892.3 1
-892.1 1
-891.9 0
-891.7 0
-891.5 0
-891.3 1
-891.1 0
-890.9 0
-890.7 0
-890.5 0
-890.3 0
-890.1 0
-889.9 0
-889.7 0
-889.5 0
-889.3 0
-889.1 0
-888.9 0
-888.7 0
-888.5 0
-888.3 0
-888.1 0
-887.9 0
-887.7 0
-887.5 0
-887.3 1
-887.1 0
-886.9 0
-886.7 0
-886.5 1
-886.3 1
-886.1 0
-885.9 0
-885.7 0
-885.5 0
-885.3 0
-885.1 0
-884.9 0
-884.7 0
-884.5 0
-884.3 0
-884.1 1
-883.9 0
-883.7 0
-883.5 0
-883.3 0
-883.1 0
-882.9 0
-882.7 0
-882.5 0
-882.3 0
-882.1 0
-881.9 0
-881.7 0
-881.5 0
-881.3 0
-881.1 0
-880.9 0
-880.7 0
-880.5 0
-880.3 0
-880.1 0
-879.9 0
-879.7 0
-879.5 0
-879.3 0
-879.1 0
-878.9 0
-878.7 0
-878.5 0
-878.3 0
-878.1 0
-877.9 0
-877.7 0
-877.5 0
-877.3 0
-877.1 0
-876.9 0
-876.7 0
-876.5 0
-876.3 0
-876.1 0
-875.9 0
-875.7 0
-875.5 0
-875.3 0
-875.1 0
-874.9 0
-874.7 0
-874.5 0
-874.3 1
-874.1 0
-873.9 0
-873.7 0
-873.5 1
-873.3 0
-873.1 0
-872.9 0
-872.7 0
-872.5 0
-872.3 0
-872.1 0
-871.9 0
-871.7 0
-871.5 0
-871.3 0
-871.1 0
-870.9 0
-870.7 0
-870.5 0
-870.3 0
-870.1 0
-869.9 0
-869.7 0
-869.5 0
-869.3 0
-869.1 0
-868.9 0
-868.7 0
-868.5 1
-868.3 1
-868.1 0
-867.9 0
-867.7 0
-867.5 0
-867.3 0
-867.1 0
-866.9 0
-866.7 0
-866.5 0
-866.3 1
-866.1 0
-865.9 0
-865.7 0
-865.5 0
-865.3 0
-865.1 0
-864.9 0
-864.7 0
-864.5 0
-864.3 0
-864.1 0
-863.9 0
-863.7 0
-863.5 0
-863.3 0
-863.1 0
-862.9 0
-862.7 0
-862.5 0
-862.3 0
-862.1 0
-861.9 0
-861.7 0
-861.5 0
-861.3 0
-861.1 0
-860.9 0
-860.7 0
-860.5 0
-860.3 0
-860.1 0
-859.9 0
-859.7 0
-859.5 0
-859.3 0
-859.1 0
-858.9 0
-858.7 0
-858.5 0
-858.3 0
-858.1 0
-857.9 0
-857.7 0
-857.5 0
-857.3 0
-857.1 0
-856.9 0
-856.7 0
-856.5 0
-856.3 0
-856.1 0
-855.9 0
-855.7 0
-855.5 0
-855.3 0
-855.1 1
-854.9 0
-854.7 0
-854.5 0
-854.3 0
-854.1 0
-853.9 0
-853.7 0
-853.5 0
-853.3 0
-853.1 0
-852.9 0
-852.7 0
-852.5 0
-852.3 0
-852.1 0
-851.9 0
-851.7 0
-851.5 0
-851.3 0
-851.1 0
-850.9 0
-850.7 0
-850.5 0
-850.3 0
-850.1 0
-849.9 0
-849.7 0
-849.5 0
-849.3 0
-849.1 0
-848.9 0
-848.7 0
-848.5 0
-848.3 0
-848.1 0
-847.9 0
-847.7 0
-847.5 0
-847.3 0
-847.1 0
-846.9 0
-846.7 0
-846.5 0
-846.3 0
-846.1 0
-845.9 0
-845.7 0
-845.5 0
-845.3 0
-845.1 0
-844.9 0
-844.7 0
-844.5 0
-844.3 0
-844.1 0
-843.9 0
-843.7 0
-843.5 0
-843.3 0
-843.1 0
-842.9 0
-842.7 0
-842.5 0
-842.3 0
-842.1 0
-841.9 0
-841.7 0
-841.5 0
-841.3 0
-841.1 0
-840.9 0
-840.7 0
-840.5 0
-840.3 0
-840.1 0
-839.9 0
-839.7 0
-839.5 0
-839.3 0
-839.1 0
-838.9 0
-838.7 0
-838.5 0
-838.3 0
-838.1 0
-837.9 0
-837.7 0
-837.5 0
-837.3 0
-837.1 0
-836.9 0
-836.7 0
-836.5 0
-836.3 0
-836.1 0
-835.9 0
-835.7 1
-835.5 0
-835.3 0
-835.1 0
-834.9 0
-834.7 0
-834.5 0
-834.3 0
-834.1 0
-833.9 0
-833.7 0
-833.5 0
-833.3 0
-833.1 0
-832.9 0
-832.7 0
-832.5 0
-832.3 0
-832.1 0
-831.9 0
-831.7 0
-831.5 0
-831.3 0
-831.1 0
-830.9 0
-830.7 0
-830.5 0
-830.3 0
-830.1 0
-829.9 0
-829.7 0
-829.5 0
-829.3 0
-829.1 0
-828.9 0
-828.7 0
-828.5 0
-828.3 0
-828.1 0
-827.9 0
-827.7 0
-827.5 0
-827.3 0
-827.1 0
-826.9 0
-826.7 0
-826.5 0
-826.3 0
-826.1 0
-825.9 0
-825.7 0
-825.5 0
-825.3 0
-825.1 0
-824.9 0
-824.7 0
-824.5 0
-824.3 0
-824.1 0
-823.9 0
-823.7 0
-823.5 0
-823.3 0
-823.1 0
-822.9 0
-822.7 0
-822.5 0
-822.3 0
-822.1 0
-821.9 0
-821.7 0
-821.5 0
-821.3 0
-821.1 0
-820.9 0
-820.7 0
-820.5 0
-820.3 0
-820.1 0
-819.9 0
-819.7 0
-819.5 0
-819.3 0
-819.1 0
-818.9 0
-818.7 0
-818.5 0
-818.3 0
-818.1 0
-817.9 0
-817.7 0
-817.5 0
-817.3 0
-817.1 0
-816.9 0
-816.7 0
-816.5 0
-816.3 0
-816.1 0
-815.9 0
-815.7 0
-815.5 0
-815.3 0
-815.1 0
-814.9 0
-814.7 0
-814.5 0
-814.3 0
-814.1 0
-813.9 0
-813.7 0
-813.5 0
-813.3 0
-813.1 0
-812.9 0
-812.7 0
-812.5 0
-812.3 0
-812.1 0
-811.9 0
-811.7 0
-811.5 0
-811.3 0
-811.1 0
-810.9 0
-810.7 0
-810.5 0
-810.3 0
-810.1 0
-809.9 0
-809.7 0
-809.5 0
-809.3 0
-809.1 0
-808.9 0
-808.7 0
-808.5 0
-808.3 0
-808.1 0
-807.9 0
-807.7 0
-807.5 0
-807.3 0
-807.1 0
-806.9 0
-806.7 0
-806.5 0
-806.3 0
-806.1 0
-805.9 0
-805.7 0
-805.5 0
-805.3 0
-805.1 0
-804.9 0
-804.7 0
-804.5 0
-804.3 0
-804.1 0
-803.9 0
-803.7 0
-803.5 0
-803.3 0
-803.1 0
-802.9 0
-802.7 0
-802.5 0
-802.3 0
-802.1 0
-801.9 0
-801.7 0
-801.5 0
-801.3 0
-801.1 0
-800.9 0
-800.7 0
-800.5 0
-800.3 0
-800.1 0
