700
0.001 0.00319319
0.002 0.0064325
0.003 0.00959908
0.004 0.0128907
0.005 0.0161256
0.006 0.019356
0.007 0.0225217
0.008 0.0256786
0.009 0.0289285
0.01 0.032245
0.011 0.035455
0.012 0.0386216
0.013 0.0418973
0.014 0.0451668
0.015 0.0484345
0.016 0.0517367
0.017 0.0551162
0.018 0.0584353
0.019 0.0617953
0.02 0.0651685
0.021 0.0684859
0.022 0.0717057
0.023 0.0749548
0.024 0.0783236
0.025 0.0816232
0.026 0.0849592
0.027 0.0883404
0.028 0.0915398
0.029 0.0950195
0.03 0.0984965
0.031 0.101864
0.032 0.105181
0.033 0.108578
0.034 0.111901
0.035 0.11539
0.036 0.118786
0.037 0.122177
0.038 0.125522
0.039 0.128965
0.04 0.132461
0.041 0.135859
0.042 0.13926
0.043 0.142687
0.044 0.14609
0.045 0.149619
0.046 0.152975
0.047 0.15634
0.048 0.159717
0.049 0.163126
0.05 0.166525
0.051 0.169949
0.052 0.173389
0.053 0.176865
0.054 0.18023
0.055 0.183564
0.056 0.187026
0.057 0.190389
0.058 0.193791
0.059 0.197136
0.06 0.200553
0.061 0.203905
0.062 0.207262
0.063 0.210653
0.064 0.214068
0.065 0.217468
0.066 0.220862
0.067 0.22437
0.068 0.22781
0.069 0.23128
0.07 0.234669
0.071 0.238109
0.072 0.241481
0.073 0.244838
0.074 0.248225
0.075 0.251551
0.076 0.254826
0.077 0.258215
0.078 0.261508
0.079 0.264921
0.08 0.268361
0.081 0.271728
0.082 0.275085
0.083 0.278403
0.084 0.281695
0.085 0.284951
0.086 0.288277
0.087 0.291533
0.088 0.294835
0.089 0.29823
0.09 0.301573
0.091 0.304869
0.092 0.308238
0.093 0.311526
0.094 0.314811
0.095 0.318088
0.096 0.321401
0.097 0.324653
0.098 0.327955
0.099 0.331219
0.1 0.334493
0.101 0.337822
0.102 0.341144
0.103 0.3444
0.104 0.347657
0.105 0.350947
0.106 0.35408
0.107 0.357284
0.108 0.360471
0.109 0.363702
0.11 0.366961
0.111 0.370163
0.112 0.373386
0.113 0.376621
0.114 0.379826
0.115 0.382996
0.116 0.386218
0.117 0.389405
0.118 0.392594
0.119 0.395852
0.12 0.399109
0.121 0.402346
0.122 0.405501
0.123 0.408623
0.124 0.411696
0.125 0.414864
0.126 0.417939
0.127 0.420966
0.128 0.424084
0.129 0.427162
0.13 0.430307
0.131 0.433452
0.132 0.436556
0.133 0.439717
0.134 0.442774
0.135 0.4459
0.136 0.448963
0.137 0.452063
0.138 0.455106
0.139 0.458175
0.14 0.461291
0.141 0.464386
0.142 0.467431
0.143 0.470538
0.144 0.473524
0.145 0.476621
0.146 0.479619
0.147 0.482555
0.148 0.485488
0.149 0.488568
0.15 0.491574
0.151 0.494517
0.152 0.497531
0.153 0.500459
0.154 0.50338
0.155 0.506254
0.156 0.509137
0.157 0.512083
0.158 0.515059
0.159 0.517904
0.16 0.520786
0.161 0.523687
0.162 0.526536
0.163 0.529364
0.164 0.532153
0.165 0.535051
0.166 0.537898
0.167 0.540661
0.168 0.543517
0.169 0.546327
0.17 0.549142
0.171 0.55188
0.172 0.554633
0.173 0.557414
0.174 0.56019
0.175 0.562841
0.176 0.56562
0.177 0.568277
0.178 0.571032
0.179 0.573703
0.18 0.576425
0.181 0.579093
0.182 0.581744
0.183 0.584422
0.184 0.58713
0.185 0.589694
0.186 0.592331
0.187 0.594988
0.188 0.597626
0.189 0.600199
0.19 0.602768
0.191 0.605348
0.192 0.607961
0.193 0.610466
0.194 0.612952
0.195 0.615545
0.196 0.618124
0.197 0.620551
0.198 0.623059
0.199 0.625641
0.2 0.628042
0.201 0.630546
0.202 0.633063
0.203 0.635459
0.204 0.637924
0.205 0.640304
0.206 0.642726
0.207 0.645074
0.208 0.647473
0.209 0.649859
0.21 0.652249
0.211 0.654683
0.212 0.657045
0.213 0.65933
0.214 0.661661
0.215 0.663927
0.216 0.666261
0.217 0.668581
0.218 0.670844
0.219 0.673128
0.22 0.675433
0.221 0.677728
0.222 0.67999
0.223 0.682272
0.224 0.684628
0.225 0.686905
0.226 0.689077
0.227 0.691251
0.228 0.69347
0.229 0.6957
0.23 0.697831
0.231 0.699949
0.232 0.702196
0.233 0.704331
0.234 0.706476
0.235 0.708526
0.236 0.710622
0.237 0.712662
0.238 0.714807
0.239 0.716881
0.24 0.718989
0.241 0.721041
0.242 0.723137
0.243 0.725137
0.244 0.727224
0.245 0.729171
0.246 0.7312
0.247 0.733165
0.248 0.735114
0.249 0.737095
0.25 0.739045
0.251 0.741003
0.252 0.742908
0.253 0.744831
0.254 0.746723
0.255 0.748715
0.256 0.750694
0.257 0.752539
0.258 0.754394
0.259 0.756289
0.26 0.758155
0.261 0.759974
0.262 0.761774
0.263 0.763584
0.264 0.765398
0.265 0.76721
0.266 0.769049
0.267 0.770844
0.268 0.772556
0.269 0.77436
0.27 0.776104
0.271 0.777845
0.272 0.779722
0.273 0.781438
0.274 0.783132
0.275 0.784767
0.276 0.786468
0.277 0.788175
0.278 0.789792
0.279 0.79142
0.28 0.793024
0.281 0.794627
0.282 0.796252
0.283 0.797831
0.284 0.799396
0.285 0.800983
0.286 0.802594
0.287 0.804208
0.288 0.805762
0.289 0.807327
0.29 0.808884
0.291 0.810416
0.292 0.811907
0.293 0.813423
0.294 0.814942
0.295 0.816368
0.296 0.817826
0.297 0.819258
0.298 0.820793
0.299 0.822226
0.3 0.823674
0.301 0.825087
0.302 0.826513
0.303 0.827886
0.304 0.829246
0.305 0.83061
0.306 0.831952
0.307 0.833318
0.308 0.834647
0.309 0.836007
0.31 0.837304
0.311 0.83864
0.312 0.839968
0.313 0.841278
0.314 0.84253
0.315 0.843791
0.316 0.845078
0.317 0.846389
0.318 0.84757
0.319 0.848874
0.32 0.850134
0.321 0.851407
0.322 0.852629
0.323 0.853836
0.324 0.855035
0.325 0.856207
0.326 0.857347
0.327 0.858519
0.328 0.859628
0.329 0.860808
0.33 0.861984
0.331 0.863133
0.332 0.864256
0.333 0.865388
0.334 0.866468
0.335 0.867581
0.336 0.86873
0.337 0.869822
0.338 0.870899
0.339 0.871976
0.34 0.873081
0.341 0.874121
0.342 0.875167
0.343 0.876182
0.344 0.877205
0.345 0.878205
0.346 0.879259
0.347 0.880249
0.348 0.881227
0.349 0.882195
0.35 0.883167
0.351 0.884079
0.352 0.884983
0.353 0.885953
0.354 0.88694
0.355 0.8879
0.356 0.888839
0.357 0.889761
0.358 0.890705
0.359 0.891626
0.36 0.892502
0.361 0.893414
0.362 0.894378
0.363 0.895259
0.364 0.896182
0.365 0.897102
0.366 0.898008
0.367 0.898849
0.368 0.899674
0.369 0.900557
0.37 0.901392
0.371 0.902255
0.372 0.903136
0.373 0.903956
0.374 0.904769
0.375 0.905604
0.376 0.906472
0.377 0.907259
0.378 0.908098
0.379 0.908909
0.38 0.909724
0.381 0.91051
0.382 0.911286
0.383 0.91205
0.384 0.912817
0.385 0.91357
0.386 0.914274
0.387 0.915004
0.388 0.915726
0.389 0.916441
0.39 0.917136
0.391 0.917875
0.392 0.918564
0.393 0.919264
0.394 0.919951
0.395 0.920651
0.396 0.921354
0.397 0.922044
0.398 0.922718
0.399 0.923351
0.4 0.923977
0.401 0.924626
0.402 0.9253
0.403 0.925957
0.404 0.926604
0.405 0.927256
0.406 0.9279
0.407 0.928529
0.408 0.929136
0.409 0.929738
0.41 0.930348
0.411 0.93095
0.412 0.931542
0.413 0.932118
0.414 0.932747
0.415 0.933363
0.416 0.933991
0.417 0.934527
0.418 0.93513
0.419 0.93571
0.42 0.936266
0.421 0.936813
0.422 0.937382
0.423 0.937966
0.424 0.93852
0.425 0.939092
0.426 0.939639
0.427 0.940184
0.428 0.940735
0.429 0.941298
0.43 0.941778
0.431 0.942286
0.432 0.942793
0.433 0.943296
0.434 0.943783
0.435 0.944243
0.436 0.944787
0.437 0.945286
0.438 0.945753
0.439 0.946245
0.44 0.946741
0.441 0.947242
0.442 0.947726
0.443 0.948199
0.444 0.948697
0.445 0.94915
0.446 0.94964
0.447 0.950111
0.448 0.950577
0.449 0.950996
0.45 0.95144
0.451 0.95188
0.452 0.952287
0.453 0.952728
0.454 0.953142
0.455 0.953552
0.456 0.954007
0.457 0.954405
0.458 0.954804
0.459 0.955177
0.46 0.955611
0.461 0.956016
0.462 0.956417
0.463 0.956841
0.464 0.957234
0.465 0.957642
0.466 0.95803
0.467 0.958418
0.468 0.958819
0.469 0.959233
0.47 0.959616
0.471 0.960008
0.472 0.960396
0.473 0.960765
0.474 0.961147
0.475 0.961503
0.476 0.961895
0.477 0.962215
0.478 0.962573
0.479 0.962926
0.48 0.963306
0.481 0.963683
0.482 0.964045
0.483 0.964376
0.484 0.964729
0.485 0.965071
0.486 0.965413
0.487 0.965734
0.488 0.966054
0.489 0.966377
0.49 0.966697
0.491 0.967005
0.492 0.967328
0.493 0.967657
0.494 0.967995
0.495 0.968335
0.496 0.968657
0.497 0.968967
0.498 0.96926
0.499 0.96957
0.5 0.969924
0.501 0.97024
0.502 0.970562
0.503 0.970857
0.504 0.971132
0.505 0.971404
0.506 0.971689
0.507 0.971956
0.508 0.972215
0.509 0.97251
0.51 0.972784
0.511 0.973036
0.512 0.973329
0.513 0.973602
0.514 0.973889
0.515 0.974145
0.516 0.974371
0.517 0.974597
0.518 0.974848
0.519 0.975165
0.52 0.975451
0.521 0.975712
0.522 0.975997
0.523 0.976252
0.524 0.976506
0.525 0.976768
0.526 0.977004
0.527 0.977238
0.528 0.977472
0.529 0.977717
0.53 0.977947
0.531 0.978173
0.532 0.978418
0.533 0.97862
0.534 0.978866
0.535 0.979086
0.536 0.979317
0.537 0.979542
0.538 0.979791
0.539 0.980009
0.54 0.980216
0.541 0.980443
0.542 0.980649
0.543 0.980876
0.544 0.981105
0.545 0.981322
0.546 0.98155
0.547 0.981768
0.548 0.981958
0.549 0.982164
0.55 0.982364
0.551 0.982566
0.552 0.98276
0.553 0.982949
0.554 0.983151
0.555 0.983328
0.556 0.98352
0.557 0.983716
0.558 0.983901
0.559 0.984098
0.56 0.984298
0.561 0.984498
0.562 0.984693
0.563 0.98489
0.564 0.985067
0.565 0.985243
0.566 0.985425
0.567 0.98559
0.568 0.985772
0.569 0.98597
0.57 0.986148
0.571 0.986341
0.572 0.9865
0.573 0.986672
0.574 0.986849
0.575 0.987016
0.576 0.987194
0.577 0.987379
0.578 0.987536
0.579 0.987692
0.58 0.987855
0.581 0.988023
0.582 0.988171
0.583 0.988335
0.584 0.988496
0.585 0.988662
0.586 0.988821
0.587 0.988973
0.588 0.989125
0.589 0.989278
0.59 0.989444
0.591 0.989598
0.592 0.989744
0.593 0.989907
0.594 0.990048
0.595 0.990172
0.596 0.990327
0.597 0.990483
0.598 0.990636
0.599 0.990764
0.6 0.990907
0.601 0.991062
0.602 0.991205
0.603 0.991333
0.604 0.991459
0.605 0.991588
0.606 0.991714
0.607 0.991853
0.608 0.991991
0.609 0.992115
0.61 0.992242
0.611 0.992375
0.612 0.9925
0.613 0.992641
0.614 0.992753
0.615 0.992891
0.616 0.993007
0.617 0.993153
0.618 0.99327
0.619 0.993397
0.62 0.993528
0.621 0.993659
0.622 0.993772
0.623 0.993882
0.624 0.994006
0.625 0.994134
0.626 0.994232
0.627 0.99436
0.628 0.994484
0.629 0.994589
0.63 0.994711
0.631 0.994826
0.632 0.994948
0.633 0.995057
0.634 0.995163
0.635 0.995271
0.636 0.995379
0.637 0.995481
0.638 0.995572
0.639 0.995677
0.64 0.995773
0.641 0.995888
0.642 0.995993
0.643 0.996103
0.644 0.996197
0.645 0.996292
0.646 0.996382
0.647 0.996491
0.648 0.996594
0.649 0.996699
0.65 0.996812
0.651 0.996899
0.652 0.996999
0.653 0.997087
0.654 0.997156
0.655 0.997249
0.656 0.997335
0.657 0.997422
0.658 0.997507
0.659 0.997586
0.66 0.997665
0.661 0.997757
0.662 0.997845
0.663 0.997916
0.664 0.998002
0.665 0.998068
0.666 0.998122
0.667 0.998199
0.668 0.998269
0.669 0.998345
0.67 0.998414
0.671 0.998482
0.672 0.998563
0.673 0.998637
0.674 0.998701
0.675 0.998762
0.676 0.998816
0.677 0.998875
0.678 0.998936
0.679 0.998994
0.68 0.999062
0.681 0.99914
0.682 0.999215
0.683 0.999278
0.684 0.999336
0.685 0.999391
0.686 0.999438
0.687 0.999485
0.688 0.999537
0.689 0.999585
0.69 0.99962
0.691 0.99966
0.692 0.999697
0.693 0.999743
0.694 0.999784
0.695 0.999822
0.696 0.999862
0.697 0.999909
0.698 0.999941
0.699 0.999966
0.7 1
