0. 1.11645
0. 1.06001
0. 1.14081
0. 1.23616
0. 1.2575
0. 1.33665
0. 1.34722
0. 1.40219
0. 1.36264
0. 1.30735
0. 1.15843
0. 0.821985
0. 0.721006
0. 0.996975
0. 0.983157
0. 0.91873
0. 0.915494
0. 0.960264
0. 0.938543
0. 0.89371
0. 0.97712
0. 0.961066
0. 0.970966
0. 0.990127
0. 1.03367
0. 0.797396
0. 1.017
0. 1.00814
0. 1.03242
0. 0.996439
0. 0.946985
0. 0.982494
0. 0.968527
0. 1
0. 0.952766
0. 0.962266
0. 0.999111
0. 1.0038
0. 0.947073
0. 0.969056
0. 0.968963
0. 0.962458
0. 0.961579
0. 1
0. 1.01121
0. 0.989926
0. 0.954944
0. 0.953247
0. 0.928677
0. 0.960441
0. 1.01025
0. 1.04331
0. 0.979232
0. 0.985322
0. 0.992767
0. 1.03872
0. 0.998031
0. 1.00573
0. 1.03112
0. 1.05996
0. 1.05196
0. 0.996072
0. 0.990458
0. 0.99024
0. 1.05702
0. 1.0201
0. 0.988361
0. 0.982895
0. 0.980015
0. 0.987227
0. 0.98452
0. 0.985585
0. 1.014
0. 1.0149
0. 1.061
0. 1.03749
0. 1.00652
0. 1.01837
0. 0.980783
0. 0.999737
0. 1.00777
0. 1.07859
0. 1.03058
0. 1.01938
0. 1.0235
0. 1.03532
0. 1.00716
0. 0.996074
0. 1.00058
0. 1.01595
0. 1.06233
0. 0.960691
0. 0.962686
0. 0.96163
0. 0.981998
0. 0.994888
0. 0.963097
0. 0.961737
0. 0.980484
0. 1.01059
0. 1.00213
0. 0.994538
0. 0.980799
0. 0.982605
0. 0.972709
0. 0.989295
0. 0.980179
0. 0.998193
0. 1.02464
0. 0.990959
0. 1.00874
0. 0.975506
0. 0.961119
0. 0.938422
0. 0.937753
0. 0.967325
0. 0.977602
0. 1.03115
0. 0.999538
0. 0.99108
0. 0.9881
0. 0.990939
0. 1.00465
0. 1.04861
0. 1.04556
0. 1.03383
0. 1.01713
0. 0.98537
0. 0.956841
0. 0.949491
0. 0.771014
0. 0.92063
0. 0.991993
0. 1.02663
0. 1.04964
0. 1.03048
0. 0.977097
0. 0.958431
0. 0.939795
0. 0.989707
0. 1.00428
0. 1.01769
0. 1
0. 0.536815
0. 0.608334
0. 0.704727
0. 0.801476
0. 0.887699
0. 0.966137
0. 1.01186
0. 1.00122
0. 0.991884
0. 0.969941
0. 0.958727
0. 0.947608
0. 0.907442
0. 1
0. 1
0. 1
0. 1
0. 1
0. 1
0. 1
0. 1
0. 1
0. 1
0. 1
0. 1
0. 1
0. 1
0. 1
0. 1
0. 1
0. 1
0. 1
0. 1
0. 1
0. 1
0. 1
0. 1
0. 1
0. 1
0. 1
0. 1
0. 1
0. 1
0. 1
0. 1
0. 1
0. 1
0. 1
0. 1
0. 1
0. 1
0. 1
0. 1
0. 1
0. 1
0. 1
0. 1
0. 1
0. 1
0. 1
0. 1
0. 1
0. 1
0. 1
0. 1
0. 1
0. 1
0. 1
0. 1
0. 1
0. 1
0. 1
0. 1
0. 1
0. 1
0. 1
0. 1
0. 1
0. 1
0. 1
0. 1
0. 1
0. 1
0. 1
0. 1
0. 1
0. 1
0. 1
0. 1
0. 1
0. 1
0. 1
0. 1
0. 1
0. 1
0. 1
0. 1
0. 1
0. 1
0. 1
0. 1
0. 1
0. 1
0. 1
0. 1
0. 1
0. 1
0. 1
0. 1
0. 1
0. 1
0. 1
0. 1
0. 1
0. 1
0. 1
0. 1
0. 0.561975
0. 0.616507
0. 0.693213
0. 0.771901
0. 0.834251
0. 0.901103
0. 0.96199
0. 0.973008
0. 0.969808
0. 0.967703
0. 0.941436
0. 0.940018
0. 0.92694
0. 0.783353
0. 0.92228
0. 0.992232
0. 1.03397
0. 1.03529
0. 1.04391
0. 1.01655
0. 0.99021
0. 0.979119
0. 0.978222
0. 0.988084
0. 1.04114
0. 1.09902
0. 0.994164
0. 0.98599
0. 0.979934
0. 0.983446
0. 0.98492
0. 0.987765
0. 1.02575
0. 1.03125
0. 1.00902
0. 0.992686
0. 0.978742
0. 0.954492
0. 0.950682
0. 0.923226
0. 0.949642
0. 0.963422
0. 0.989185
0. 0.99629
0. 0.9952
0. 0.967846
0. 0.955831
0. 0.941246
0. 0.942336
0. 0.950232
0. 0.970647
0. 0.991367
0. 0.981459
0. 0.963313
0. 0.971624
0. 0.965795
0. 0.962903
0. 0.964111
0. 0.966508
0. 0.992084
0. 1.02593
0. 1.01255
0. 1.01032
0. 0.975657
0. 0.974817
0. 0.95706
0. 0.964535
0. 0.98585
0. 0.989875
0. 1.00511
0. 1.03848
0. 1.01731
0. 0.990598
0. 0.988178
0. 0.988634
0. 0.975622
0. 0.993233
0. 1.02283
0. 1.02916
0. 0.997038
0. 0.98907
0. 0.985497
0. 0.979387
0. 0.982229
0. 0.996849
0. 0.998087
0. 1.02322
0. 1.06113
0. 1.02347
0. 0.986774
0. 0.979479
0. 0.979514
0. 0.974118
0. 0.982226
0. 0.979829
0. 0.987537
0. 1.00223
0. 1.01544
0. 1.01755
0. 1.02618
0. 0.98106
0. 0.948446
0. 0.969298
0. 1.00061
0. 1.01981
0. 0.973228
0. 0.967301
0. 1
0. 1.01586
0. 1.0485
0. 1.02522
0. 1.01028
0. 1
0. 0.966701
0. 1.01575
0. 1
0. 1.12231
0. 1.00832
0. 0.999491
0. 1.11828
0. 1
0. 1.0413
0. 1.00443
0. 0.941235
0. 0.977118
0. 0.970211
0. 1.02459
0. 1.01081
0. 0.945146
0. 0.846493
0. 1
0. 1.06374
0. 0.983104
0. 1
0. 0.892672
0. 0.897187
0. 1.05441
0. 0.886674
0. 0.991691
0. 0.936588
0. 0.964726
0. 1.054
0. 0.831369
0. 1.
0. 0.98708
0. 0.972863
0. 1.69657
0. 1.20776
0. 1.39514
0. 1.
0. 1.72752
0. 1.2855
0. 1.28625
0. 1.26084
0. 0.802584
0. 0.694992
