-849.9 0
-849.7 0
-849.5 0
-849.3 0
-849.1 0
-848.9 0
-848.7 0
-848.5 0
-848.3 0
-848.1 0
-847.9 0
-847.7 0
-847.5 0
-847.3 0
-847.1 0
-846.9 0
-846.7 0
-846.5 0
-846.3 0
-846.1 0
-845.9 0
-845.7 0
-845.5 0
-845.3 0
-845.1 0
-844.9 0
-844.7 0
-844.5 0
-844.3 0
-844.1 0
-843.9 0
-843.7 0
-843.5 0
-843.3 0
-843.1 0
-842.9 0
-842.7 0
-842.5 0
-842.3 0
-842.1 0
-841.9 0
-841.7 0
-841.5 0
-841.3 0
-841.1 0
-840.9 0
-840.7 0
-840.5 0
-840.3 0
-840.1 0
-839.9 0
-839.7 0
-839.5 0
-839.3 0
-839.1 0
-838.9 0
-838.7 0
-838.5 0
-838.3 0
-838.1 0
-837.9 0
-837.7 0
-837.5 0
-837.3 0
-837.1 0
-836.9 0
-836.7 0
-836.5 0
-836.3 0
-836.1 0
-835.9 0
-835.7 0
-835.5 0
-835.3 0
-835.1 0
-834.9 0
-834.7 0
-834.5 0
-834.3 0
-834.1 0
-833.9 0
-833.7 0
-833.5 0
-833.3 0
-833.1 0
-832.9 0
-832.7 0
-832.5 0
-832.3 0
-832.1 0
-831.9 0
-831.7 1
-831.5 0
-831.3 0
-831.1 0
-830.9 0
-830.7 0
-830.5 0
-830.3 0
-830.1 0
-829.9 0
-829.7 0
-829.5 0
-829.3 0
-829.1 0
-828.9 0
-828.7 0
-828.5 0
-828.3 0
-828.1 0
-827.9 0
-827.7 0
-827.5 0
-827.3 0
-827.1 0
-826.9 0
-826.7 0
-826.5 0
-826.3 0
-826.1 0
-825.9 0
-825.7 0
-825.5 0
-825.3 0
-825.1 0
-824.9 0
-824.7 0
-824.5 0
-824.3 0
-824.1 0
-823.9 0
-823.7 0
-823.5 0
-823.3 0
-823.1 0
-822.9 0
-822.7 0
-822.5 0
-822.3 0
-822.1 0
-821.9 0
-821.7 0
-821.5 0
-821.3 0
-821.1 0
-820.9 0
-820.7 0
-820.5 0
-820.3 0
-820.1 0
-819.9 0
-819.7 0
-819.5 0
-819.3 0
-819.1 0
-818.9 0
-818.7 0
-818.5 0
-818.3 0
-818.1 0
-817.9 0
-817.7 0
-817.5 0
-817.3 0
-817.1 0
-816.9 0
-816.7 0
-816.5 0
-816.3 0
-816.1 0
-815.9 0
-815.7 0
-815.5 0
-815.3 0
-815.1 0
-814.9 0
-814.7 1
-814.5 0
-814.3 0
-814.1 0
-813.9 1
-813.7 0
-813.5 1
-813.3 1
-813.1 0
-812.9 0
-812.7 0
-812.5 0
-812.3 0
-812.1 0
-811.9 0
-811.7 0
-811.5 1
-811.3 0
-811.1 1
-810.9 0
-810.7 0
-810.5 0
-810.3 1
-810.1 2
-809.9 0
-809.7 0
-809.5 2
-809.3 1
-809.1 2
-808.9 3
-808.7 1
-808.5 2
-808.3 1
-808.1 4
-807.9 3
-807.7 2
-807.5 5
-807.3 5
-807.1 9
-806.9 9
-806.7 14
-806.5 15
-806.3 20
-806.1 21
-805.9 16
-805.7 22
-805.5 29
-805.3 46
-805.1 50
-804.9 44
-804.7 52
-804.5 79
-804.3 79
-804.1 79
-803.9 81
-803.7 74
-803.5 101
-803.3 110
-803.1 100
-802.9 112
-802.7 124
-802.5 147
-802.3 99
-802.1 132
-801.9 145
-801.7 115
-801.5 157
-801.3 162
-801.1 166
-800.9 146
-800.7 165
-800.5 154
-800.3 169
-800.1 178
-799.9 161
-799.7 163
-799.5 188
-799.3 172
-799.1 167
-798.9 180
-798.7 175
-798.5 197
-798.3 167
-798.1 183
-797.9 151
-797.7 178
-797.5 162
-797.3 184
-797.1 155
-796.9 172
-796.7 170
-796.5 167
-796.3 150
-796.1 165
-795.9 178
-795.7 151
-795.5 141
-795.3 164
-795.1 141
-794.9 175
-794.7 146
-794.5 141
-794.3 136
-794.1 136
-793.9 146
-793.7 143
-793.5 134
-793.3 134
-793.1 137
-792.9 145
-792.7 118
-792.5 121
-792.3 126
-792.1 113
-791.9 128
-791.7 113
-791.5 120
-791.3 107
-791.1 104
-790.9 109
-790.7 121
-790.5 105
-790.3 101
-790.1 97
-789.9 115
-789.7 92
-789.5 105
-789.3 115
-789.1 117
-788.9 119
-788.7 96
-788.5 100
-788.3 107
-788.1 117
-787.9 86
-787.7 108
-787.5 102
-787.3 100
-787.1 100
-786.9 106
-786.7 123
-786.5 85
-786.3 92
-786.1 80
-785.9 96
-785.7 86
-785.5 88
-785.3 96
-785.1 84
-784.9 77
-784.7 80
-784.5 81
-784.3 80
-784.1 70
-783.9 95
-783.7 79
-783.5 88
-783.3 92
-783.1 99
-782.9 76
-782.7 73
-782.5 59
-782.3 74
-782.1 83
-781.9 68
-781.7 78
-781.5 65
-781.3 66
-781.1 76
-780.9 74
-780.7 74
-780.5 66
-780.3 66
-780.1 64
-779.9 71
-779.7 53
-779.5 67
-779.3 75
-779.1 51
-778.9 65
-778.7 62
-778.5 65
-778.3 49
-778.1 54
-777.9 53
-777.7 60
-777.5 39
-777.3 62
-777.1 62
-776.9 57
-776.7 47
-776.5 66
-776.3 49
-776.1 43
-775.9 47
-775.7 34
-775.5 41
-775.3 45
-775.1 50
-774.9 43
-774.7 34
-774.5 43
-774.3 44
-774.1 43
-773.9 34
-773.7 35
-773.5 30
-773.3 32
-773.1 26
-772.9 39
-772.7 32
-772.5 22
-772.3 28
-772.1 31
-771.9 28
-771.7 28
-771.5 24
-771.3 20
-771.1 30
-770.9 28
-770.7 25
-770.5 28
-770.3 17
-770.1 25
-769.9 22
-769.7 20
-769.5 14
-769.3 26
-769.1 18
-768.9 21
-768.7 13
-768.5 17
-768.3 16
-768.1 14
-767.9 11
-767.7 19
-767.5 15
-767.3 14
-767.1 15
-766.9 11
-766.7 10
-766.5 12
-766.3 15
-766.1 19
-765.9 12
-765.7 11
-765.5 8
-765.3 8
-765.1 11
-764.9 2
-764.7 9
-764.5 10
-764.3 3
-764.1 8
-763.9 12
-763.7 5
-763.5 6
-763.3 4
-763.1 8
-762.9 4
-762.7 4
-762.5 11
-762.3 3
-762.1 3
-761.9 4
-761.7 6
-761.5 4
-761.3 6
-761.1 4
-760.9 5
-760.7 5
-760.5 4
-760.3 2
-760.1 2
-759.9 4
-759.7 3
-759.5 3
-759.3 3
-759.1 2
-758.9 0
-758.7 1
-758.5 1
-758.3 1
-758.1 0
-757.9 1
-757.7 1
-757.5 1
-757.3 1
-757.1 1
-756.9 0
-756.7 2
-756.5 1
-756.3 4
-756.1 0
-755.9 2
-755.7 0
-755.5 1
-755.3 1
-755.1 0
-754.9 0
-754.7 0
-754.5 0
-754.3 0
-754.1 0
-753.9 0
-753.7 0
-753.5 0
-753.3 0
-753.1 0
-752.9 0
-752.7 0
-752.5 0
-752.3 0
-752.1 0
-751.9 0
-751.7 0
-751.5 0
-751.3 0
-751.1 0
-750.9 0
-750.7 0
-750.5 0
-750.3 0
-750.1 0
