700
0 0
0.001 0.00308042
0.002 0.00656501
0.003 0.00997313
0.004 0.0136762
0.005 0.0171062
0.006 0.0203395
0.007 0.0240863
0.008 0.027265
0.009 0.0305748
0.01 0.034114
0.011 0.0376314
0.012 0.0409302
0.013 0.0446551
0.014 0.0483254
0.015 0.0517663
0.016 0.0554038
0.017 0.059085
0.018 0.0625915
0.019 0.0663164
0.02 0.0699211
0.021 0.0732856
0.022 0.0768575
0.023 0.0803203
0.024 0.0839359
0.025 0.0877701
0.026 0.0914404
0.027 0.0951107
0.028 0.0983986
0.029 0.101796
0.03 0.105619
0.031 0.10918
0.032 0.112807
0.033 0.116444
0.034 0.119852
0.035 0.123108
0.036 0.126505
0.037 0.130361
0.038 0.13366
0.039 0.137199
0.04 0.140672
0.041 0.144332
0.042 0.148188
0.043 0.151771
0.044 0.155463
0.045 0.158751
0.046 0.16205
0.047 0.165709
0.048 0.16915
0.049 0.172962
0.05 0.176403
0.051 0.179778
0.052 0.183492
0.053 0.187086
0.054 0.190811
0.055 0.194329
0.056 0.197857
0.057 0.201287
0.058 0.204684
0.059 0.208256
0.06 0.211806
0.061 0.215192
0.062 0.21859
0.063 0.222129
0.064 0.225886
0.065 0.229764
0.066 0.233107
0.067 0.236832
0.068 0.240218
0.069 0.243976
0.07 0.247122
0.071 0.250715
0.072 0.254309
0.073 0.257969
0.074 0.261366
0.075 0.264719
0.076 0.268182
0.077 0.271874
0.078 0.275403
0.079 0.278756
0.08 0.282612
0.081 0.286239
0.082 0.28969
0.083 0.293688
0.084 0.297271
0.085 0.301138
0.086 0.304437
0.087 0.308096
0.088 0.311931
0.089 0.31547
0.09 0.318725
0.091 0.322002
0.092 0.32565
0.093 0.328938
0.094 0.332598
0.095 0.336213
0.096 0.339643
0.097 0.343336
0.098 0.346678
0.099 0.350228
0.1 0.353746
0.101 0.357208
0.102 0.360879
0.103 0.364407
0.104 0.367913
0.105 0.371464
0.106 0.374828
0.107 0.378422
0.108 0.381928
0.109 0.385478
0.11 0.389149
0.111 0.392633
0.112 0.39626
0.113 0.400039
0.114 0.403721
0.115 0.407052
0.116 0.410515
0.117 0.413956
0.118 0.417462
0.119 0.421395
0.12 0.424847
0.121 0.428561
0.122 0.431903
0.123 0.43542
0.124 0.43873
0.125 0.442106
0.126 0.445547
0.127 0.448998
0.128 0.452538
0.129 0.456022
0.13 0.459354
0.131 0.463046
0.132 0.466946
0.133 0.470332
0.134 0.473642
0.135 0.476733
0.136 0.480283
0.137 0.483702
0.138 0.487045
0.139 0.490584
0.14 0.493937
0.141 0.497586
0.142 0.501169
0.143 0.504926
0.144 0.508433
0.145 0.511644
0.146 0.51514
0.147 0.519127
0.148 0.522874
0.149 0.526216
0.15 0.529439
0.151 0.533011
0.152 0.536364
0.153 0.539751
0.154 0.543191
0.155 0.546567
0.156 0.550029
0.157 0.553427
0.158 0.556802
0.159 0.560243
0.16 0.563454
0.161 0.56683
0.162 0.570642
0.163 0.574301
0.164 0.577808
0.165 0.581445
0.166 0.584919
0.167 0.588393
0.168 0.592118
0.169 0.595853
0.17 0.599098
0.171 0.602768
0.172 0.606045
0.173 0.609879
0.174 0.612938
0.175 0.616291
0.176 0.620311
0.177 0.623763
0.178 0.627204
0.179 0.630623
0.18 0.634315
0.181 0.637767
0.182 0.641044
0.183 0.644244
0.184 0.64774
0.185 0.651148
0.186 0.654305
0.187 0.657626
0.188 0.660914
0.189 0.664322
0.19 0.667533
0.191 0.670887
0.192 0.674284
0.193 0.677714
0.194 0.68086
0.195 0.68394
0.196 0.687359
0.197 0.690975
0.198 0.694372
0.199 0.697638
0.2 0.701068
0.201 0.704509
0.202 0.708212
0.203 0.711664
0.204 0.714996
0.205 0.718458
0.206 0.721353
0.207 0.724685
0.208 0.728082
0.209 0.731239
0.21 0.734734
0.211 0.737651
0.212 0.740742
0.213 0.743987
0.214 0.74722
0.215 0.750147
0.216 0.752998
0.217 0.756112
0.218 0.758952
0.219 0.761999
0.22 0.764687
0.221 0.767712
0.222 0.770476
0.223 0.773425
0.224 0.776211
0.225 0.7788
0.226 0.78152
0.227 0.784119
0.228 0.786315
0.229 0.788969
0.23 0.791493
0.231 0.793809
0.232 0.796234
0.233 0.798396
0.234 0.800308
0.235 0.802536
0.236 0.804667
0.237 0.806622
0.238 0.808817
0.239 0.811002
0.24 0.812695
0.241 0.814661
0.242 0.816508
0.243 0.818463
0.244 0.820211
0.245 0.821762
0.246 0.823378
0.247 0.825356
0.248 0.82695
0.249 0.828512
0.25 0.829998
0.251 0.831593
0.252 0.833002
0.253 0.834389
0.254 0.835853
0.255 0.837273
0.256 0.838693
0.257 0.840102
0.258 0.84114
0.259 0.842494
0.26 0.843827
0.261 0.844876
0.262 0.846023
0.263 0.847334
0.264 0.848404
0.265 0.849464
0.266 0.850818
0.267 0.851736
0.268 0.853025
0.269 0.854172
0.27 0.855406
0.271 0.856553
0.272 0.857787
0.273 0.858912
0.274 0.859885
0.275 0.860748
0.276 0.861807
0.277 0.862768
0.278 0.863752
0.279 0.864571
0.28 0.865532
0.281 0.866559
0.282 0.867695
0.283 0.8687
0.284 0.869727
0.285 0.870797
0.286 0.871835
0.287 0.872829
0.288 0.87379
0.289 0.874686
0.29 0.875571
0.291 0.876729
0.292 0.877766
0.293 0.878826
0.294 0.879831
0.295 0.880869
0.296 0.881841
0.297 0.8829
0.298 0.883796
0.299 0.884692
0.3 0.885631
0.301 0.886625
0.302 0.887532
0.303 0.888559
0.304 0.889618
0.305 0.890405
0.306 0.891268
0.307 0.892185
0.308 0.892906
0.309 0.89378
0.31 0.894643
0.311 0.895583
0.312 0.896446
0.313 0.897298
0.314 0.898139
0.315 0.899023
0.316 0.899821
0.317 0.900684
0.318 0.901569
0.319 0.902311
0.32 0.903032
0.321 0.903841
0.322 0.904638
0.323 0.905348
0.324 0.906102
0.325 0.907019
0.326 0.907871
0.327 0.908461
0.328 0.909313
0.329 0.9101
0.33 0.910864
0.331 0.911487
0.332 0.912186
0.333 0.912962
0.334 0.913683
0.335 0.914415
0.336 0.915245
0.337 0.916042
0.338 0.916829
0.339 0.917604
0.34 0.918205
0.341 0.918926
0.342 0.919778
0.343 0.920565
0.344 0.921231
0.345 0.921875
0.346 0.922607
0.347 0.923437
0.348 0.924071
0.349 0.924901
0.35 0.925688
0.351 0.926201
0.352 0.926747
0.353 0.927326
0.354 0.928134
0.355 0.928921
0.356 0.929598
0.357 0.930407
0.358 0.930953
0.359 0.931586
0.36 0.932307
0.361 0.932919
0.362 0.933574
0.363 0.934273
0.364 0.934885
0.365 0.935683
0.366 0.936316
0.367 0.93695
0.368 0.93766
0.369 0.938261
0.37 0.938752
0.371 0.93944
0.372 0.939986
0.373 0.940434
0.374 0.941079
0.375 0.941767
0.376 0.94251
0.377 0.943209
0.378 0.943919
0.379 0.944542
0.38 0.945262
0.381 0.94582
0.382 0.946311
0.383 0.946912
0.384 0.947425
0.385 0.947895
0.386 0.948518
0.387 0.949064
0.388 0.949555
0.389 0.950178
0.39 0.950779
0.391 0.951325
0.392 0.951795
0.393 0.952286
0.394 0.952843
0.395 0.953477
0.396 0.954034
0.397 0.954547
0.398 0.955028
0.399 0.955607
0.4 0.956077
0.401 0.956623
0.402 0.957082
0.403 0.957508
0.404 0.958032
0.405 0.958502
0.406 0.959004
0.407 0.959485
0.408 0.959965
0.409 0.960435
0.41 0.960818
0.411 0.961189
0.412 0.961593
0.413 0.962128
0.414 0.96262
0.415 0.962926
0.416 0.96333
0.417 0.963821
0.418 0.964138
0.419 0.964575
0.42 0.964958
0.421 0.965504
0.422 0.965962
0.423 0.966301
0.424 0.966694
0.425 0.967284
0.426 0.967677
0.427 0.96806
0.428 0.968486
0.429 0.968901
0.43 0.969163
0.431 0.969458
0.432 0.969709
0.433 0.970026
0.434 0.970365
0.435 0.970769
0.436 0.971282
0.437 0.971632
0.438 0.972036
0.439 0.972298
0.44 0.972571
0.441 0.97291
0.442 0.973237
0.443 0.973598
0.444 0.973893
0.445 0.974188
0.446 0.974494
0.447 0.97492
0.448 0.975171
0.449 0.975477
0.45 0.97575
0.451 0.976089
0.452 0.97634
0.453 0.976602
0.454 0.976962
0.455 0.977214
0.456 0.97753
0.457 0.977793
0.458 0.978077
0.459 0.978273
0.46 0.978557
0.461 0.978754
0.462 0.97906
0.463 0.979366
0.464 0.979628
0.465 0.979846
0.466 0.980076
0.467 0.980294
0.468 0.980491
0.469 0.98072
0.47 0.981004
0.471 0.981223
0.472 0.981496
0.473 0.981747
0.474 0.981987
0.475 0.982217
0.476 0.982468
0.477 0.982643
0.478 0.982785
0.479 0.982959
0.48 0.983101
0.481 0.983232
0.482 0.983429
0.483 0.983637
0.484 0.983888
0.485 0.983997
0.486 0.984117
0.487 0.98439
0.488 0.984663
0.489 0.984904
0.49 0.985111
0.491 0.985297
0.492 0.985417
0.493 0.985647
0.494 0.985789
0.495 0.986018
0.496 0.986236
0.497 0.986368
0.498 0.986444
0.499 0.986662
0.5 0.986881
0.501 0.986957
0.502 0.987099
0.503 0.987263
0.504 0.987471
0.505 0.987646
0.506 0.987798
0.507 0.987973
0.508 0.988137
0.509 0.988246
0.51 0.988421
0.511 0.988629
0.512 0.988716
0.513 0.98888
0.514 0.989033
0.515 0.989208
0.516 0.989371
0.517 0.98947
0.518 0.989666
0.519 0.98983
0.52 0.989918
0.521 0.990038
0.522 0.990213
0.523 0.990278
0.524 0.990398
0.525 0.990529
0.526 0.990639
0.527 0.990748
0.528 0.990824
0.529 0.990955
0.53 0.991097
0.531 0.991218
0.532 0.991316
0.533 0.991502
0.534 0.991633
0.535 0.991709
0.536 0.991742
0.537 0.991829
0.538 0.991971
0.539 0.99207
0.54 0.992124
0.541 0.992266
0.542 0.992332
0.543 0.992408
0.544 0.992485
0.545 0.992605
0.546 0.992681
0.547 0.992823
0.548 0.992911
0.549 0.992954
0.55 0.993009
0.551 0.993129
0.552 0.993227
0.553 0.993271
0.554 0.993326
0.555 0.993391
0.556 0.993501
0.557 0.993599
0.558 0.993708
0.559 0.993785
0.56 0.993894
0.561 0.993992
0.562 0.994079
0.563 0.994156
0.564 0.994254
0.565 0.994374
0.566 0.994462
0.567 0.994505
0.568 0.994637
0.569 0.994702
0.57 0.994757
0.571 0.994811
0.572 0.994855
0.573 0.994964
0.574 0.995019
0.575 0.995117
0.576 0.995216
0.577 0.99527
0.578 0.995347
0.579 0.995456
0.58 0.995554
0.581 0.995609
0.582 0.995696
0.583 0.995784
0.584 0.995849
0.585 0.995969
0.586 0.996078
0.587 0.996144
0.588 0.996188
0.589 0.996242
0.59 0.996297
0.591 0.996373
0.592 0.996428
0.593 0.996504
0.594 0.996537
0.595 0.996657
0.596 0.996745
0.597 0.99681
0.598 0.996865
0.599 0.996898
0.6 0.996931
0.601 0.996985
0.602 0.997083
0.603 0.997127
0.604 0.99716
0.605 0.997225
0.606 0.997247
0.607 0.99728
0.608 0.997313
0.609 0.997346
0.61 0.997455
0.611 0.997499
0.612 0.997564
0.613 0.997608
0.614 0.997662
0.615 0.997695
0.616 0.997706
0.617 0.997761
0.618 0.997837
0.619 0.997859
0.62 0.99787
0.621 0.997935
0.622 0.997979
0.623 0.998023
0.624 0.998056
0.625 0.998088
0.626 0.998132
0.627 0.998176
0.628 0.998209
0.629 0.998285
0.63 0.99834
0.631 0.998383
0.632 0.998405
0.633 0.998503
0.634 0.99858
0.635 0.998591
0.636 0.998635
0.637 0.998645
0.638 0.998678
0.639 0.998689
0.64 0.998722
0.641 0.998755
0.642 0.998809
0.643 0.998853
0.644 0.998908
0.645 0.998951
0.646 0.998973
0.647 0.999017
0.648 0.999039
0.649 0.999072
0.65 0.999104
0.651 0.999159
0.652 0.999192
0.653 0.999224
0.654 0.999246
0.655 0.999268
0.656 0.999279
0.657 0.999312
0.658 0.999345
0.659 0.999356
0.66 0.999377
0.661 0.99941
0.662 0.999432
0.663 0.999443
0.664 0.999498
0.665 0.99953
0.666 0.999552
0.667 0.999574
0.668 0.999585
0.669 0.999596
0.67 0.999618
0.671 0.99964
0.672 0.999661
0.673 0.999661
0.674 0.999683
0.675 0.999683
0.676 0.999683
0.677 0.999705
0.678 0.999716
0.679 0.999749
0.68 0.999792
0.681 0.999814
0.682 0.999825
0.683 0.999825
0.684 0.999825
0.685 0.999825
0.686 0.999869
0.687 0.999869
0.688 0.99988
0.689 0.999891
0.69 0.999902
0.691 0.999934
0.692 0.999934
0.693 0.999934
0.694 0.999945
0.695 0.999967
0.696 0.999978
0.697 0.999989
0.698 0.999989
0.699 0.999989
0.7 1
