680
-639.9 7.85176e-05
-639.7 0.000157035
-639.5 0.000235553
-639.3 0.00031407
-639.1 0.00031407
-638.9 0.000392588
-638.7 0.000392588
-638.5 0.000549623
-638.3 0.000549623
-638.1 0.000628141
-637.9 0.000628141
-637.7 0.000628141
-637.5 0.000628141
-637.3 0.000863693
-637.1 0.000863693
-636.9 0.00109925
-636.7 0.0013348
-636.5 0.00172739
-636.3 0.00211997
-636.1 0.00259108
-635.9 0.00298367
-635.7 0.00478957
-635.5 0.00620289
-635.3 0.00871545
-635.1 0.0116991
-634.9 0.0149969
-634.7 0.0205716
-634.5 0.0253612
-634.3 0.0320352
-634.1 0.0402795
-633.9 0.0482098
-633.7 0.0563756
-633.5 0.0651696
-633.3 0.0757695
-633.1 0.0836997
-632.9 0.0933574
-632.7 0.10278
-632.5 0.111495
-632.3 0.121624
-632.1 0.130025
-631.9 0.137092
-631.7 0.145886
-631.5 0.153266
-631.3 0.161511
-631.1 0.16897
-630.9 0.176979
-630.7 0.183182
-630.5 0.189306
-630.3 0.197393
-630.1 0.205009
-629.9 0.211055
-629.7 0.21663
-629.5 0.223068
-629.3 0.230528
-629.1 0.237751
-628.9 0.242619
-628.7 0.247959
-628.5 0.253455
-628.3 0.259344
-628.1 0.265468
-627.9 0.270729
-627.7 0.27646
-627.5 0.281564
-627.3 0.286432
-627.1 0.29185
-626.9 0.297425
-626.7 0.302293
-626.5 0.307239
-626.3 0.311872
-626.1 0.316976
-625.9 0.323335
-625.7 0.329224
-625.5 0.334092
-625.3 0.338882
-625.1 0.34375
-624.9 0.348618
-624.7 0.353879
-624.5 0.359139
-624.3 0.363536
-624.1 0.369504
-623.9 0.374372
-623.7 0.379004
-623.5 0.383401
-623.3 0.389526
-623.1 0.394237
-622.9 0.400126
-622.7 0.404444
-622.5 0.410097
-622.3 0.414651
-622.1 0.419048
-621.9 0.424231
-621.7 0.430119
-621.5 0.435773
-621.3 0.441583
-621.1 0.447393
-620.9 0.452261
-620.7 0.457993
-620.5 0.463646
-620.3 0.469064
-620.1 0.474168
-619.9 0.479664
-619.7 0.484611
-619.5 0.490028
-619.3 0.49521
-619.1 0.498822
-618.9 0.503455
-618.7 0.50848
-618.5 0.512563
-618.3 0.518609
-618.1 0.523712
-617.9 0.529287
-617.7 0.534155
-617.5 0.538945
-617.3 0.544441
-617.1 0.548131
-616.9 0.552293
-616.7 0.556533
-616.5 0.561008
-616.3 0.566033
-616.1 0.570509
-615.9 0.575377
-615.7 0.579303
-615.5 0.585584
-615.3 0.589667
-615.1 0.594064
-614.9 0.598068
-614.7 0.603251
-614.5 0.607726
-614.3 0.613301
-614.1 0.617776
-613.9 0.623194
-613.7 0.627277
-613.5 0.631753
-613.3 0.636307
-613.1 0.640546
-612.9 0.645336
-612.7 0.649812
-612.5 0.654758
-612.3 0.659312
-612.1 0.664416
-611.9 0.66842
-611.7 0.672582
-611.5 0.676586
-611.3 0.681533
-611.1 0.686872
-610.9 0.691661
-610.7 0.695744
-610.5 0.700769
-610.3 0.704852
-610.1 0.708464
-609.9 0.712312
-609.7 0.717337
-609.5 0.722048
-609.3 0.726288
-609.1 0.731156
-608.9 0.736338
-608.7 0.74097
-608.5 0.745682
-608.3 0.749843
-608.1 0.753612
-607.9 0.758637
-607.7 0.762641
-607.5 0.76641
-607.3 0.771043
-607.1 0.77646
-606.9 0.7807
-606.7 0.784469
-606.5 0.789023
-606.3 0.794205
-606.1 0.797582
-605.9 0.801743
-605.7 0.806376
-605.5 0.81038
-605.3 0.813756
-605.1 0.818938
-604.9 0.823335
-604.7 0.827575
-604.5 0.83158
-604.3 0.836055
-604.1 0.839903
-603.9 0.844064
-603.7 0.846577
-603.5 0.849874
-603.3 0.853486
-603.1 0.857412
-602.9 0.861652
-602.7 0.865578
-602.5 0.868797
-602.3 0.872409
-602.1 0.875707
-601.9 0.879083
-601.7 0.882224
-601.5 0.8856
-601.3 0.889997
-601.1 0.892823
-600.9 0.895729
-600.7 0.89934
-600.5 0.902481
-600.3 0.905308
-600.1 0.90837
-599.9 0.912139
-599.7 0.914416
-599.5 0.916457
-599.3 0.918813
-599.1 0.921482
-598.9 0.924545
-598.7 0.926979
-598.5 0.929256
-598.3 0.931768
-598.1 0.934281
-597.9 0.936558
-597.7 0.939934
-597.5 0.942447
-597.3 0.945116
-597.1 0.947079
-596.9 0.949121
-596.7 0.951398
-596.5 0.952732
-596.3 0.95446
-596.1 0.955559
-595.9 0.957443
-595.7 0.959328
-595.5 0.960663
-595.3 0.962155
-595.1 0.963882
-594.9 0.965452
-594.7 0.966473
-594.5 0.9682
-594.3 0.969221
-594.1 0.970163
-593.9 0.970713
-593.7 0.971655
-593.5 0.972676
-593.3 0.973226
-593.1 0.974246
-592.9 0.975188
-592.7 0.975895
-592.5 0.97668
-592.3 0.977465
-592.1 0.978015
-591.9 0.978722
-591.7 0.979664
-591.5 0.980292
-591.3 0.981077
-591.1 0.981705
-590.9 0.982019
-590.7 0.982883
-590.5 0.983747
-590.3 0.984532
-590.1 0.985474
-589.9 0.986181
-589.7 0.986888
-589.5 0.987123
-589.3 0.987359
-589.1 0.987516
-588.9 0.987594
-588.7 0.98783
-588.5 0.987908
-588.3 0.988301
-588.1 0.988615
-587.9 0.988693
-587.7 0.988772
-587.5 0.989008
-587.3 0.989165
-587.1 0.989479
-586.9 0.989479
-586.7 0.98995
-586.5 0.990185
-586.3 0.990499
-586.1 0.990578
-585.9 0.990813
-585.7 0.99097
-585.5 0.991128
-585.3 0.991363
-585.1 0.991442
-584.9 0.991442
-584.7 0.991442
-584.5 0.99152
-584.3 0.991599
-584.1 0.991677
-583.9 0.991756
-583.7 0.991834
-583.5 0.991913
-583.3 0.99207
-583.1 0.992148
-582.9 0.992227
-582.7 0.992305
-582.5 0.992305
-582.3 0.992384
-582.1 0.992384
-581.9 0.992619
-581.7 0.992619
-581.5 0.992619
-581.3 0.992698
-581.1 0.992698
-580.9 0.992776
-580.7 0.992776
-580.5 0.992855
-580.3 0.992933
-580.1 0.992933
-579.9 0.993012
-579.7 0.99309
-579.5 0.993405
-579.3 0.993405
-579.1 0.993405
-578.9 0.993405
-578.7 0.993562
-578.5 0.99364
-578.3 0.993719
-578.1 0.993797
-577.9 0.993876
-577.7 0.993876
-577.5 0.993876
-577.3 0.994033
-577.1 0.994033
-576.9 0.99419
-576.7 0.994268
-576.5 0.994268
-576.3 0.994347
-576.1 0.994347
-575.9 0.994347
-575.7 0.994347
-575.5 0.994425
-575.3 0.994425
-575.1 0.994425
-574.9 0.994425
-574.7 0.994425
-574.5 0.994504
-574.3 0.994504
-574.1 0.994504
-573.9 0.994582
-573.7 0.994661
-573.5 0.994661
-573.3 0.994661
-573.1 0.994661
-572.9 0.994661
-572.7 0.994818
-572.5 0.994818
-572.3 0.994896
-572.1 0.994896
-571.9 0.994896
-571.7 0.994896
-571.5 0.994896
-571.3 0.994896
-571.1 0.994896
-570.9 0.994896
-570.7 0.994896
-570.5 0.994896
-570.3 0.994896
-570.1 0.994896
-569.9 0.994896
-569.7 0.994896
-569.5 0.994975
-569.3 0.994975
-569.1 0.994975
-568.9 0.995053
-568.7 0.995132
-568.5 0.995132
-568.3 0.995132
-568.1 0.995132
-567.9 0.99521
-567.7 0.995289
-567.5 0.995367
-567.3 0.995367
-567.1 0.995367
-566.9 0.995367
-566.7 0.995367
-566.5 0.995446
-566.3 0.995524
-566.1 0.995603
-565.9 0.995682
-565.7 0.995682
-565.5 0.995682
-565.3 0.995682
-565.1 0.995682
-564.9 0.995682
-564.7 0.995682
-564.5 0.995682
-564.3 0.99576
-564.1 0.995839
-563.9 0.995839
-563.7 0.995839
-563.5 0.995839
-563.3 0.995839
-563.1 0.995839
-562.9 0.995917
-562.7 0.995917
-562.5 0.995917
-562.3 0.995996
-562.1 0.995996
-561.9 0.996074
-561.7 0.996074
-561.5 0.996074
-561.3 0.996153
-561.1 0.996153
-560.9 0.996153
-560.7 0.996153
-560.5 0.996153
-560.3 0.996231
-560.1 0.99631
-559.9 0.99631
-559.7 0.99631
-559.5 0.99631
-559.3 0.996388
-559.1 0.996388
-558.9 0.996388
-558.7 0.996388
-558.5 0.996388
-558.3 0.996388
-558.1 0.996388
-557.9 0.996388
-557.7 0.996388
-557.5 0.996388
-557.3 0.996388
-557.1 0.996388
-556.9 0.996388
-556.7 0.996388
-556.5 0.996388
-556.3 0.996467
-556.1 0.996467
-555.9 0.996624
-555.7 0.996624
-555.5 0.996624
-555.3 0.996624
-555.1 0.996624
-554.9 0.996624
-554.7 0.996624
-554.5 0.996624
-554.3 0.996624
-554.1 0.996624
-553.9 0.996624
-553.7 0.996624
-553.5 0.996624
-553.3 0.996624
-553.1 0.996624
-552.9 0.996624
-552.7 0.996624
-552.5 0.996624
-552.3 0.996624
-552.1 0.996624
-551.9 0.996624
-551.7 0.996624
-551.5 0.996624
-551.3 0.996702
-551.1 0.996702
-550.9 0.996702
-550.7 0.996702
-550.5 0.996702
-550.3 0.996702
-550.1 0.996781
-549.9 0.996781
-549.7 0.996859
-549.5 0.996859
-549.3 0.996859
-549.1 0.996859
-548.9 0.996859
-548.7 0.996938
-548.5 0.996938
-548.3 0.996938
-548.1 0.996938
-547.9 0.996938
-547.7 0.996938
-547.5 0.996938
-547.3 0.996938
-547.1 0.997016
-546.9 0.997016
-546.7 0.997016
-546.5 0.997016
-546.3 0.997095
-546.1 0.997095
-545.9 0.997095
-545.7 0.997095
-545.5 0.997095
-545.3 0.997095
-545.1 0.997095
-544.9 0.997095
-544.7 0.997095
-544.5 0.997095
-544.3 0.997095
-544.1 0.997095
-543.9 0.997095
-543.7 0.997095
-543.5 0.997095
-543.3 0.997095
-543.1 0.997095
-542.9 0.997095
-542.7 0.997095
-542.5 0.997095
-542.3 0.997095
-542.1 0.997095
-541.9 0.997095
-541.7 0.997095
-541.5 0.997095
-541.3 0.997095
-541.1 0.997095
-540.9 0.997095
-540.7 0.997095
-540.5 0.997095
-540.3 0.997095
-540.1 0.997095
-539.9 0.997095
-539.7 0.997095
-539.5 0.997095
-539.3 0.997095
-539.1 0.997095
-538.9 0.997095
-538.7 0.997095
-538.5 0.997095
-538.3 0.997095
-538.1 0.997095
-537.9 0.997095
-537.7 0.997095
-537.5 0.997095
-537.3 0.997095
-537.1 0.997095
-536.9 0.997095
-536.7 0.997095
-536.5 0.997095
-536.3 0.997095
-536.1 0.997095
-535.9 0.997095
-535.7 0.997095
-535.5 0.997095
-535.3 0.997252
-535.1 0.997252
-534.9 0.997252
-534.7 0.997252
-534.5 0.997252
-534.3 0.997252
-534.1 0.997252
-533.9 0.997252
-533.7 0.997252
-533.5 0.997252
-533.3 0.997252
-533.1 0.997252
-532.9 0.997252
-532.7 0.997252
-532.5 0.997252
-532.3 0.997252
-532.1 0.997252
-531.9 0.997252
-531.7 0.997252
-531.5 0.997252
-531.3 0.997252
-531.1 0.997252
-530.9 0.997252
-530.7 0.997252
-530.5 0.99733
-530.3 0.99733
-530.1 0.99733
-529.9 0.99733
-529.7 0.99733
-529.5 0.99733
-529.3 0.99733
-529.1 0.99733
-528.9 0.99733
-528.7 0.99733
-528.5 0.99733
-528.3 0.99733
-528.1 0.99733
-527.9 0.99733
-527.7 0.99733
-527.5 0.99733
-527.3 0.99733
-527.1 0.997409
-526.9 0.997487
-526.7 0.997566
-526.5 0.997566
-526.3 0.997566
-526.1 0.997566
-525.9 0.997566
-525.7 0.997566
-525.5 0.997644
-525.3 0.997723
-525.1 0.997802
-524.9 0.997802
-524.7 0.997802
-524.5 0.997802
-524.3 0.997802
-524.1 0.997802
-523.9 0.997802
-523.7 0.998037
-523.5 0.998037
-523.3 0.998037
-523.1 0.998037
-522.9 0.998037
-522.7 0.998037
-522.5 0.998037
-522.3 0.998037
-522.1 0.998116
-521.9 0.998116
-521.7 0.998116
-521.5 0.998273
-521.3 0.998351
-521.1 0.998351
-520.9 0.998351
-520.7 0.998351
-520.5 0.998351
-520.3 0.998351
-520.1 0.99843
-519.9 0.99843
-519.7 0.99843
-519.5 0.99843
-519.3 0.99843
-519.1 0.99843
-518.9 0.998508
-518.7 0.998587
-518.5 0.998665
-518.3 0.998665
-518.1 0.998744
-517.9 0.998744
-517.7 0.998744
-517.5 0.998822
-517.3 0.998822
-517.1 0.998822
-516.9 0.998901
-516.7 0.998901
-516.5 0.998901
-516.3 0.998979
-516.1 0.998979
-515.9 0.999058
-515.7 0.999058
-515.5 0.999058
-515.3 0.999058
-515.1 0.999058
-514.9 0.999058
-514.7 0.999215
-514.5 0.999293
-514.3 0.999293
-514.1 0.999293
-513.9 0.999293
-513.7 0.999293
-513.5 0.999293
-513.3 0.999293
-513.1 0.999293
-512.9 0.999293
-512.7 0.999293
-512.5 0.999293
-512.3 0.999293
-512.1 0.999293
-511.9 0.999293
-511.7 0.999293
-511.5 0.999293
-511.3 0.999372
-511.1 0.999372
-510.9 0.999529
-510.7 0.999529
-510.5 0.999529
-510.3 0.999529
-510.1 0.999529
-509.9 0.999607
-509.7 0.999607
-509.5 0.999686
-509.3 0.999686
-509.1 0.999686
-508.9 0.999686
-508.7 0.999686
-508.5 0.999764
-508.3 0.999764
-508.1 0.999764
-507.9 0.999764
-507.7 0.999843
-507.5 0.999843
-507.3 0.999843
-507.1 0.999843
-506.9 0.999843
-506.7 0.999921
-506.5 0.999921
-506.3 0.999921
-506.1 0.999921
-505.9 0.999921
-505.7 0.999921
-505.5 0.999921
-505.3 0.999921
-505.1 0.999921
-504.9 0.999921
-504.7 0.999921
-504.5 0.999921
-504.3 0.999921
-504.1 1
