400
0.001 0.00760456
0.002 0.00760456
0.003 0.0152091
0.004 0.0190114
0.005 0.0304183
0.006 0.0342205
0.007 0.0418251
0.008 0.0513308
0.009 0.0608365
0.01 0.0627376
0.011 0.0703422
0.012 0.0722433
0.013 0.0798479
0.014 0.0798479
0.015 0.081749
0.016 0.0836502
0.017 0.0855513
0.018 0.0893536
0.019 0.10076
0.02 0.110266
0.021 0.123574
0.022 0.129278
0.023 0.136882
0.024 0.142586
0.025 0.153992
0.026 0.165399
0.027 0.171103
0.028 0.174905
0.029 0.188213
0.03 0.207224
0.031 0.218631
0.032 0.23384
0.033 0.243346
0.034 0.254753
0.035 0.260456
0.036 0.269962
0.037 0.287072
0.038 0.288973
0.039 0.30038
0.04 0.307985
0.041 0.315589
0.042 0.319392
0.043 0.326996
0.044 0.336502
0.045 0.347909
0.046 0.357414
0.047 0.363118
0.048 0.363118
0.049 0.363118
0.05 0.363118
0.051 0.36692
0.052 0.376426
0.053 0.387833
0.054 0.397338
0.055 0.406844
0.056 0.408745
0.057 0.41635
0.058 0.423954
0.059 0.429658
0.06 0.43346
0.061 0.437262
0.062 0.444867
0.063 0.45057
0.064 0.452471
0.065 0.461977
0.066 0.465779
0.067 0.473384
0.068 0.484791
0.069 0.490494
0.07 0.490494
0.071 0.501901
0.072 0.501901
0.073 0.507605
0.074 0.507605
0.075 0.515209
0.076 0.520913
0.077 0.528517
0.078 0.541825
0.079 0.54943
0.08 0.54943
0.081 0.555133
0.082 0.558935
0.083 0.570342
0.084 0.579848
0.085 0.585551
0.086 0.593156
0.087 0.593156
0.088 0.595057
0.089 0.60076
0.09 0.610266
0.091 0.61597
0.092 0.621673
0.093 0.625475
0.094 0.634981
0.095 0.634981
0.096 0.638783
0.097 0.644487
0.098 0.648289
0.099 0.65019
0.1 0.657795
0.101 0.669202
0.102 0.674905
0.103 0.680608
0.104 0.680608
0.105 0.695817
0.106 0.697719
0.107 0.697719
0.108 0.701521
0.109 0.711027
0.11 0.711027
0.111 0.714829
0.112 0.718631
0.113 0.722433
0.114 0.730038
0.115 0.739544
0.116 0.754753
0.117 0.756654
0.118 0.758555
0.119 0.758555
0.12 0.762357
0.121 0.762357
0.122 0.771863
0.123 0.773764
0.124 0.781369
0.125 0.787072
0.126 0.790875
0.127 0.796578
0.128 0.804183
0.129 0.807985
0.13 0.813688
0.131 0.81749
0.132 0.830798
0.133 0.8327
0.134 0.8327
0.135 0.836502
0.136 0.838403
0.137 0.840304
0.138 0.847909
0.139 0.855513
0.14 0.857414
0.141 0.863118
0.142 0.863118
0.143 0.863118
0.144 0.865019
0.145 0.865019
0.146 0.868821
0.147 0.870722
0.148 0.874525
0.149 0.876426
0.15 0.882129
0.151 0.885932
0.152 0.885932
0.153 0.885932
0.154 0.885932
0.155 0.887833
0.156 0.889734
0.157 0.89924
0.158 0.89924
0.159 0.901141
0.16 0.904943
0.161 0.904943
0.162 0.908745
0.163 0.912548
0.164 0.912548
0.165 0.912548
0.166 0.91635
0.167 0.920152
0.168 0.920152
0.169 0.920152
0.17 0.923954
0.171 0.925856
0.172 0.925856
0.173 0.925856
0.174 0.925856
0.175 0.927757
0.176 0.93346
0.177 0.937262
0.178 0.939163
0.179 0.941065
0.18 0.942966
0.181 0.948669
0.182 0.95057
0.183 0.95057
0.184 0.952471
0.185 0.952471
0.186 0.952471
0.187 0.952471
0.188 0.952471
0.189 0.952471
0.19 0.952471
0.191 0.952471
0.192 0.952471
0.193 0.954373
0.194 0.954373
0.195 0.958175
0.196 0.958175
0.197 0.958175
0.198 0.958175
0.199 0.958175
0.2 0.960076
0.201 0.961977
0.202 0.961977
0.203 0.961977
0.204 0.963878
0.205 0.963878
0.206 0.965779
0.207 0.965779
0.208 0.967681
0.209 0.969582
0.21 0.969582
0.211 0.969582
0.212 0.971483
0.213 0.971483
0.214 0.975285
0.215 0.975285
0.216 0.975285
0.217 0.975285
0.218 0.975285
0.219 0.975285
0.22 0.975285
0.221 0.975285
0.222 0.977186
0.223 0.977186
0.224 0.977186
0.225 0.977186
0.226 0.977186
0.227 0.977186
0.228 0.977186
0.229 0.977186
0.23 0.977186
0.231 0.977186
0.232 0.977186
0.233 0.977186
0.234 0.980989
0.235 0.980989
0.236 0.980989
0.237 0.980989
0.238 0.980989
0.239 0.980989
0.24 0.980989
0.241 0.980989
0.242 0.980989
0.243 0.980989
0.244 0.980989
0.245 0.980989
0.246 0.980989
0.247 0.980989
0.248 0.980989
0.249 0.98289
0.25 0.98289
0.251 0.984791
0.252 0.984791
0.253 0.984791
0.254 0.984791
0.255 0.986692
0.256 0.986692
0.257 0.986692
0.258 0.986692
0.259 0.986692
0.26 0.986692
0.261 0.986692
0.262 0.986692
0.263 0.986692
0.264 0.986692
0.265 0.986692
0.266 0.986692
0.267 0.986692
0.268 0.986692
0.269 0.986692
0.27 0.986692
0.271 0.986692
0.272 0.988593
0.273 0.988593
0.274 0.990494
0.275 0.990494
0.276 0.990494
0.277 0.990494
0.278 0.990494
0.279 0.990494
0.28 0.990494
0.281 0.990494
0.282 0.990494
0.283 0.990494
0.284 0.990494
0.285 0.990494
0.286 0.990494
0.287 0.990494
0.288 0.990494
0.289 0.990494
0.29 0.992395
0.291 0.992395
0.292 0.992395
0.293 0.992395
0.294 0.992395
0.295 0.992395
0.296 0.992395
0.297 0.992395
0.298 0.992395
0.299 0.992395
0.3 0.992395
0.301 0.992395
0.302 0.992395
0.303 0.992395
0.304 0.992395
0.305 0.992395
0.306 0.994297
0.307 0.994297
0.308 0.994297
0.309 0.994297
0.31 0.994297
0.311 0.994297
0.312 0.994297
0.313 0.994297
0.314 0.994297
0.315 0.994297
0.316 0.994297
0.317 0.994297
0.318 0.994297
0.319 0.994297
0.32 0.994297
0.321 0.994297
0.322 0.994297
0.323 0.994297
0.324 0.994297
0.325 0.994297
0.326 0.994297
0.327 0.994297
0.328 0.994297
0.329 0.994297
0.33 0.994297
0.331 0.994297
0.332 0.994297
0.333 0.994297
0.334 0.996198
0.335 0.996198
0.336 0.996198
0.337 0.996198
0.338 0.996198
0.339 0.996198
0.34 0.998099
0.341 0.998099
0.342 0.998099
0.343 0.998099
0.344 0.998099
0.345 0.998099
0.346 1
0.347 1
0.348 1
0.349 1
0.35 1
0.351 1
0.352 1
0.353 1
0.354 1
0.355 1
0.356 1
0.357 1
0.358 1
0.359 1
0.36 1
0.361 1
0.362 1
0.363 1
0.364 1
0.365 1
0.366 1
0.367 1
0.368 1
0.369 1
0.37 1
0.371 1
0.372 1
0.373 1
0.374 1
0.375 1
0.376 1
0.377 1
0.378 1
0.379 1
0.38 1
0.381 1
0.382 1
0.383 1
0.384 1
0.385 1
0.386 1
0.387 1
0.388 1
0.389 1
0.39 1
0.391 1
0.392 1
0.393 1
0.394 1
0.395 1
0.396 1
0.397 1
0.398 1
0.399 1
0.4 1
