-849.9 0
-849.7 0
-849.5 0
-849.3 0
-849.1 0
-848.9 0
-848.7 0
-848.5 0
-848.3 0
-848.1 0
-847.9 0
-847.7 0
-847.5 0
-847.3 0
-847.1 0
-846.9 0
-846.7 0
-846.5 0
-846.3 0
-846.1 0
-845.9 0
-845.7 0
-845.5 0
-845.3 0
-845.1 0
-844.9 0
-844.7 0
-844.5 0
-844.3 0
-844.1 0
-843.9 0
-843.7 0
-843.5 0
-843.3 0
-843.1 0
-842.9 0
-842.7 0
-842.5 0
-842.3 0
-842.1 0
-841.9 0
-841.7 0
-841.5 0
-841.3 0
-841.1 0
-840.9 0
-840.7 0
-840.5 0
-840.3 0
-840.1 0
-839.9 0
-839.7 0
-839.5 0
-839.3 0
-839.1 0
-838.9 0
-838.7 0
-838.5 0
-838.3 0
-838.1 0
-837.9 0
-837.7 0
-837.5 0
-837.3 0
-837.1 0
-836.9 0
-836.7 0
-836.5 0
-836.3 0
-836.1 0
-835.9 0
-835.7 0
-835.5 0
-835.3 0
-835.1 0
-834.9 0
-834.7 0
-834.5 0
-834.3 0
-834.1 0
-833.9 0
-833.7 0
-833.5 0
-833.3 0
-833.1 0
-832.9 0
-832.7 0
-832.5 0
-832.3 0
-832.1 0
-831.9 0
-831.7 0
-831.5 0
-831.3 0
-831.1 0
-830.9 0
-830.7 0
-830.5 0
-830.3 0
-830.1 0
-829.9 0
-829.7 0
-829.5 0
-829.3 0
-829.1 0
-828.9 0
-828.7 0
-828.5 0
-828.3 0
-828.1 0
-827.9 0
-827.7 0
-827.5 0
-827.3 0
-827.1 0
-826.9 0
-826.7 0
-826.5 0
-826.3 0
-826.1 0
-825.9 0
-825.7 0
-825.5 0
-825.3 0
-825.1 0
-824.9 0
-824.7 0
-824.5 0
-824.3 0
-824.1 0
-823.9 0
-823.7 0
-823.5 0
-823.3 0
-823.1 0
-822.9 0
-822.7 0
-822.5 0
-822.3 0
-822.1 0
-821.9 0
-821.7 0
-821.5 0
-821.3 0
-821.1 0
-820.9 0
-820.7 0
-820.5 0
-820.3 0
-820.1 0
-819.9 0
-819.7 0
-819.5 0
-819.3 0
-819.1 0
-818.9 0
-818.7 0
-818.5 0
-818.3 0
-818.1 0
-817.9 0
-817.7 0
-817.5 0
-817.3 0
-817.1 0
-816.9 0
-816.7 0
-816.5 0
-816.3 0
-816.1 0
-815.9 0
-815.7 0
-815.5 0
-815.3 1
-815.1 0
-814.9 0
-814.7 0
-814.5 0
-814.3 1
-814.1 0
-813.9 0
-813.7 0
-813.5 0
-813.3 0
-813.1 0
-812.9 0
-812.7 1
-812.5 0
-812.3 1
-812.1 0
-811.9 0
-811.7 0
-811.5 1
-811.3 1
-811.1 1
-810.9 0
-810.7 2
-810.5 0
-810.3 0
-810.1 0
-809.9 1
-809.7 1
-809.5 1
-809.3 0
-809.1 0
-808.9 0
-808.7 3
-808.5 3
-808.3 7
-808.1 5
-807.9 7
-807.7 10
-807.5 8
-807.3 9
-807.1 13
-806.9 16
-806.7 27
-806.5 20
-806.3 34
-806.1 33
-805.9 43
-805.7 49
-805.5 54
-805.3 55
-805.1 85
-804.9 81
-804.7 85
-804.5 96
-804.3 108
-804.1 135
-803.9 147
-803.7 135
-803.5 151
-803.3 163
-803.1 184
-802.9 181
-802.7 199
-802.5 184
-802.3 199
-802.1 183
-801.9 203
-801.7 202
-801.5 195
-801.3 199
-801.1 202
-800.9 202
-800.7 246
-800.5 209
-800.3 205
-800.1 210
-799.9 181
-799.7 169
-799.5 187
-799.3 189
-799.1 182
-798.9 175
-798.7 148
-798.5 202
-798.3 180
-798.1 175
-797.9 164
-797.7 157
-797.5 167
-797.3 153
-797.1 138
-796.9 159
-796.7 133
-796.5 134
-796.3 125
-796.1 119
-795.9 109
-795.7 125
-795.5 120
-795.3 115
-795.1 115
-794.9 137
-794.7 126
-794.5 118
-794.3 111
-794.1 89
-793.9 119
-793.7 89
-793.5 108
-793.3 93
-793.1 90
-792.9 98
-792.7 93
-792.5 96
-792.3 107
-792.1 85
-791.9 105
-791.7 84
-791.5 101
-791.3 94
-791.1 97
-790.9 104
-790.7 102
-790.5 80
-790.3 91
-790.1 94
-789.9 85
-789.7 112
-789.5 88
-789.3 106
-789.1 91
-788.9 107
-788.7 89
-788.5 74
-788.3 84
-788.1 92
-787.9 81
-787.7 82
-787.5 103
-787.3 77
-787.1 82
-786.9 82
-786.7 82
-786.5 71
-786.3 92
-786.1 69
-785.9 82
-785.7 77
-785.5 71
-785.3 73
-785.1 91
-784.9 89
-784.7 73
-784.5 65
-784.3 83
-784.1 89
-783.9 99
-783.7 72
-783.5 89
-783.3 99
-783.1 86
-782.9 95
-782.7 59
-782.5 75
-782.3 94
-782.1 76
-781.9 80
-781.7 63
-781.5 58
-781.3 80
-781.1 86
-780.9 50
-780.7 87
-780.5 68
-780.3 75
-780.1 83
-779.9 69
-779.7 65
-779.5 70
-779.3 65
-779.1 61
-778.9 65
-778.7 57
-778.5 48
-778.3 58
-778.1 59
-777.9 49
-777.7 61
-777.5 56
-777.3 49
-777.1 63
-776.9 50
-776.7 58
-776.5 48
-776.3 64
-776.1 35
-775.9 53
-775.7 53
-775.5 38
-775.3 45
-775.1 39
-774.9 31
-774.7 41
-774.5 39
-774.3 37
-774.1 36
-773.9 34
-773.7 34
-773.5 37
-773.3 32
-773.1 25
-772.9 37
-772.7 28
-772.5 37
-772.3 27
-772.1 25
-771.9 21
-771.7 21
-771.5 29
-771.3 25
-771.1 29
-770.9 24
-770.7 25
-770.5 21
-770.3 23
-770.1 24
-769.9 15
-769.7 13
-769.5 18
-769.3 25
-769.1 13
-768.9 12
-768.7 12
-768.5 21
-768.3 11
-768.1 19
-767.9 17
-767.7 12
-767.5 13
-767.3 18
-767.1 11
-766.9 18
-766.7 5
-766.5 12
-766.3 8
-766.1 11
-765.9 12
-765.7 11
-765.5 5
-765.3 4
-765.1 11
-764.9 8
-764.7 10
-764.5 1
-764.3 10
-764.1 8
-763.9 7
-763.7 5
-763.5 10
-763.3 8
-763.1 6
-762.9 4
-762.7 6
-762.5 6
-762.3 1
-762.1 6
-761.9 6
-761.7 6
-761.5 5
-761.3 6
-761.1 4
-760.9 4
-760.7 4
-760.5 7
-760.3 5
-760.1 3
-759.9 3
-759.7 3
-759.5 0
-759.3 1
-759.1 2
-758.9 3
-758.7 3
-758.5 1
-758.3 1
-758.1 5
-757.9 2
-757.7 2
-757.5 0
-757.3 2
-757.1 0
-756.9 2
-756.7 0
-756.5 0
-756.3 0
-756.1 2
-755.9 0
-755.7 0
-755.5 0
-755.3 0
-755.1 0
-754.9 1
-754.7 0
-754.5 0
-754.3 2
-754.1 0
-753.9 1
-753.7 0
-753.5 0
-753.3 0
-753.1 0
-752.9 0
-752.7 0
-752.5 1
-752.3 0
-752.1 0
-751.9 0
-751.7 0
-751.5 0
-751.3 0
-751.1 0
-750.9 0
-750.7 0
-750.5 0
-750.3 0
-750.1 0
