-29.9 0
-29.7 0
-29.5 0
-29.3 0
-29.1 0
-28.9 0
-28.7 0
-28.5 0
-28.3 0
-28.1 0
-27.9 0
-27.7 0
-27.5 0
-27.3 0
-27.1 0
-26.9 0
-26.7 0
-26.5 0
-26.3 0
-26.1 0
-25.9 0
-25.7 0
-25.5 0
-25.3 0
-25.1 0
-24.9 0
-24.7 0
-24.5 0
-24.3 0
-24.1 0
-23.9 0
-23.7 0
-23.5 0
-23.3 0
-23.1 2
-22.9 1
-22.7 5
-22.5 7
-22.3 7
-22.1 7
-21.9 14
-21.7 8
-21.5 20
-21.3 14
-21.1 25
-20.9 29
-20.7 38
-20.5 41
-20.3 39
-20.1 44
-19.9 54
-19.7 44
-19.5 49
-19.3 48
-19.1 53
-18.9 44
-18.7 50
-18.5 47
-18.3 41
-18.1 39
-17.9 33
-17.7 38
-17.5 46
-17.3 40
-17.1 34
-16.9 32
-16.7 25
-16.5 22
-16.3 23
-16.1 23
-15.9 28
-15.7 28
-15.5 23
-15.3 35
-15.1 28
-14.9 32
-14.7 25
-14.5 24
-14.3 32
-14.1 30
-13.9 28
-13.7 20
-13.5 22
-13.3 17
-13.1 17
-12.9 17
-12.7 29
-12.5 13
-12.3 21
-12.1 20
-11.9 28
-11.7 20
-11.5 28
-11.3 16
-11.1 37
-10.9 18
-10.7 28
-10.5 22
-10.3 21
-10.1 26
-9.9 26
-9.7 20
-9.5 24
-9.3 21
-9.1 18
-8.9 21
-8.7 24
-8.5 20
-8.3 21
-8.1 27
-7.9 19
-7.7 20
-7.5 27
-7.3 25
-7.1 25
-6.9 23
-6.7 23
-6.5 26
-6.3 16
-6.1 23
-5.9 25
-5.7 27
-5.5 19
-5.3 19
-5.1 18
-4.9 16
-4.7 19
-4.5 28
-4.3 21
-4.1 20
-3.9 26
-3.7 17
-3.5 29
-3.3 21
-3.1 28
-2.9 24
-2.7 23
-2.5 30
-2.3 19
-2.1 25
-1.9 24
-1.7 30
-1.5 20
-1.3 20
-1.1 27
-0.9 15
-0.7 20
-0.5 25
-0.3 31
-0.1 29
0.1 16
0.3 26
0.5 29
0.7 20
0.9 18
1.1 28
1.3 33
1.5 29
1.7 26
1.9 17
2.1 22
2.3 18
2.5 25
2.7 29
2.9 10
3.1 19
3.3 27
3.5 20
3.7 22
3.9 20
4.1 27
4.3 25
4.5 18
4.7 29
4.9 14
5.1 17
5.3 18
5.5 16
5.7 21
5.9 24
6.1 18
6.3 21
6.5 23
6.7 18
6.9 21
7.1 23
7.3 18
7.5 30
7.7 27
7.9 17
8.1 21
8.3 30
8.5 19
8.7 33
8.9 30
9.1 28
9.3 11
9.5 17
9.7 18
9.9 23
10.1 17
10.3 21
10.5 28
10.7 17
10.9 20
11.1 24
11.3 21
11.5 18
11.7 30
11.9 19
12.1 21
12.3 17
12.5 27
12.7 23
12.9 23
13.1 21
13.3 24
13.5 19
13.7 21
13.9 22
14.1 28
14.3 24
14.5 25
14.7 21
14.9 16
15.1 20
15.3 24
15.5 21
15.7 15
15.9 26
16.1 19
16.3 19
16.5 19
16.7 24
16.9 22
17.1 23
17.3 26
17.5 23
17.7 30
17.9 24
18.1 33
18.3 17
18.5 24
18.7 21
18.9 15
19.1 24
19.3 15
19.5 18
19.7 23
19.9 18
20.1 26
20.3 22
20.5 21
20.7 22
20.9 30
21.1 15
21.3 21
21.5 17
21.7 19
21.9 19
22.1 19
22.3 23
22.5 25
22.7 23
22.9 17
23.1 29
23.3 22
23.5 15
23.7 27
23.9 23
24.1 13
24.3 20
24.5 16
24.7 18
24.9 29
25.1 18
25.3 24
25.5 23
25.7 16
25.9 27
26.1 20
26.3 29
26.5 26
26.7 18
26.9 23
27.1 18
27.3 16
27.5 25
27.7 24
27.9 23
28.1 20
28.3 27
28.5 19
28.7 19
28.9 21
29.1 21
29.3 16
29.5 20
29.7 18
29.9 24
30.1 16
30.3 17
30.5 29
30.7 18
30.9 20
31.1 20
31.3 21
31.5 23
31.7 18
31.9 19
32.1 21
32.3 19
32.5 22
32.7 22
32.9 15
33.1 27
33.3 25
33.5 17
33.7 15
33.9 26
34.1 23
34.3 20
34.5 24
34.7 29
34.9 28
35.1 16
35.3 19
35.5 22
35.7 26
35.9 17
36.1 23
36.3 20
36.5 19
36.7 18
36.9 23
37.1 23
37.3 18
37.5 21
37.7 21
37.9 37
38.1 19
38.3 29
38.5 10
38.7 21
38.9 15
39.1 18
39.3 23
39.5 21
39.7 14
39.9 13
40.1 21
40.3 29
40.5 16
40.7 11
40.9 24
41.1 15
41.3 16
41.5 18
41.7 15
41.9 14
42.1 16
42.3 20
42.5 17
42.7 23
42.9 10
43.1 26
43.3 16
43.5 18
43.7 14
43.9 18
44.1 24
44.3 16
44.5 20
44.7 19
44.9 21
45.1 16
45.3 10
45.5 15
45.7 15
45.9 14
46.1 11
46.3 20
46.5 15
46.7 7
46.9 18
47.1 12
47.3 13
47.5 15
47.7 13
47.9 13
48.1 16
48.3 13
48.5 11
48.7 9
48.9 11
49.1 11
49.3 10
49.5 23
49.7 13
49.9 11
50.1 15
50.3 8
50.5 15
50.7 5
50.9 11
51.1 13
51.3 8
51.5 9
51.7 10
51.9 8
52.1 7
52.3 15
52.5 9
52.7 8
52.9 10
53.1 7
53.3 10
53.5 10
53.7 4
53.9 10
54.1 8
54.3 8
54.5 14
54.7 6
54.9 5
55.1 6
55.3 5
55.5 8
55.7 10
55.9 11
56.1 8
56.3 9
56.5 6
56.7 8
56.9 9
57.1 7
57.3 4
57.5 3
57.7 5
57.9 9
58.1 7
58.3 8
58.5 9
58.7 10
58.9 0
59.1 6
59.3 4
59.5 4
59.7 5
59.9 1
60.1 4
60.3 5
60.5 4
60.7 5
60.9 5
61.1 4
61.3 4
61.5 4
61.7 2
61.9 6
62.1 5
62.3 9
62.5 4
62.7 4
62.9 6
63.1 3
63.3 5
63.5 2
63.7 1
63.9 3
64.1 5
64.3 7
64.5 4
64.7 1
64.9 4
65.1 3
65.3 4
65.5 2
65.7 5
65.9 4
66.1 3
66.3 5
66.5 1
66.7 5
66.9 2
67.1 1
67.3 3
67.5 1
67.7 2
67.9 1
68.1 2
68.3 4
68.5 3
68.7 1
68.9 1
69.1 5
69.3 3
69.5 4
69.7 4
69.9 2
70.1 3
70.3 3
70.5 4
70.7 3
70.9 2
71.1 0
71.3 1
71.5 1
71.7 3
71.9 5
72.1 0
72.3 1
72.5 1
72.7 1
72.9 1
73.1 1
73.3 2
73.5 3
73.7 2
73.9 1
74.1 0
74.3 0
74.5 0
74.7 1
74.9 1
75.1 1
75.3 2
75.5 0
75.7 2
75.9 0
76.1 1
76.3 0
76.5 0
76.7 0
76.9 1
77.1 0
77.3 3
77.5 1
77.7 1
77.9 1
78.1 0
78.3 1
78.5 1
78.7 2
78.9 0
79.1 0
79.3 1
79.5 1
79.7 1
79.9 0
80.1 0
80.3 2
80.5 1
80.7 1
80.9 0
81.1 2
81.3 0
81.5 1
81.7 2
81.9 0
82.1 3
82.3 3
82.5 1
82.7 1
82.9 1
83.1 2
83.3 0
83.5 1
83.7 0
83.9 0
84.1 0
84.3 0
84.5 2
84.7 0
84.9 2
85.1 3
85.3 0
85.5 0
85.7 0
85.9 0
86.1 0
86.3 0
86.5 0
86.7 0
86.9 0
87.1 1
87.3 0
87.5 0
87.7 0
87.9 0
88.1 1
88.3 1
88.5 0
88.7 0
88.9 0
89.1 1
89.3 0
89.5 0
89.7 1
89.9 0
90.1 0
90.3 0
90.5 0
90.7 0
90.9 0
91.1 0
91.3 0
91.5 0
91.7 0
91.9 0
92.1 0
92.3 0
92.5 0
92.7 1
92.9 0
93.1 0
93.3 0
93.5 0
93.7 0
93.9 1
94.1 0
94.3 0
94.5 0
94.7 0
94.9 0
95.1 1
95.3 0
95.5 0
95.7 0
95.9 0
96.1 1
96.3 0
96.5 0
96.7 0
96.9 0
97.1 0
97.3 0
97.5 0
97.7 0
97.9 0
98.1 0
98.3 0
98.5 0
98.7 0
98.9 0
99.1 0
99.3 0
99.5 0
99.7 0
99.9 0
