-44.9 0
-44.7 0
-44.5 0
-44.3 0
-44.1 0
-43.9 0
-43.7 0
-43.5 0
-43.3 0
-43.1 0
-42.9 0
-42.7 0
-42.5 0
-42.3 0
-42.1 0
-41.9 0
-41.7 1
-41.5 0
-41.3 0
-41.1 0
-40.9 0
-40.7 0
-40.5 0
-40.3 0
-40.1 0
-39.9 0
-39.7 2
-39.5 1
-39.3 1
-39.1 2
-38.9 2
-38.7 4
-38.5 9
-38.3 13
-38.1 9
-37.9 12
-37.7 18
-37.5 25
-37.3 19
-37.1 39
-36.9 41
-36.7 54
-36.5 62
-36.3 83
-36.1 95
-35.9 119
-35.7 149
-35.5 175
-35.3 204
-35.1 248
-34.9 296
-34.7 315
-34.5 371
-34.3 462
-34.1 538
-33.9 585
-33.7 644
-33.5 671
-33.3 668
-33.1 776
-32.9 802
-32.7 792
-32.5 932
-32.3 874
-32.1 912
-31.9 963
-31.7 935
-31.5 896
-31.3 938
-31.1 1027
-30.9 997
-30.7 920
-30.5 980
-30.3 911
-30.1 916
-29.9 893
-29.7 828
-29.5 826
-29.3 822
-29.1 776
-28.9 749
-28.7 702
-28.5 737
-28.3 713
-28.1 693
-27.9 670
-27.7 652
-27.5 644
-27.3 641
-27.1 593
-26.9 606
-26.7 570
-26.5 539
-26.3 593
-26.1 613
-25.9 556
-25.7 538
-25.5 525
-25.3 528
-25.1 513
-24.9 499
-24.7 500
-24.5 533
-24.3 490
-24.1 516
-23.9 504
-23.7 492
-23.5 480
-23.3 455
-23.1 483
-22.9 505
-22.7 510
-22.5 496
-22.3 528
-22.1 498
-21.9 471
-21.7 472
-21.5 443
-21.3 465
-21.1 461
-20.9 461
-20.7 483
-20.5 453
-20.3 504
-20.1 483
-19.9 515
-19.7 480
-19.5 467
-19.3 485
-19.1 474
-18.9 453
-18.7 461
-18.5 458
-18.3 474
-18.1 464
-17.9 483
-17.7 515
-17.5 463
-17.3 501
-17.1 455
-16.9 477
-16.7 490
-16.5 460
-16.3 474
-16.1 460
-15.9 483
-15.7 436
-15.5 489
-15.3 484
-15.1 531
-14.9 458
-14.7 480
-14.5 424
-14.3 487
-14.1 469
-13.9 479
-13.7 480
-13.5 467
-13.3 511
-13.1 466
-12.9 463
-12.7 408
-12.5 433
-12.3 484
-12.1 439
-11.9 448
-11.7 441
-11.5 410
-11.3 446
-11.1 459
-10.9 422
-10.7 454
-10.5 413
-10.3 405
-10.1 456
-9.9 454
-9.7 447
-9.5 437
-9.3 441
-9.1 426
-8.9 453
-8.7 415
-8.5 455
-8.3 450
-8.1 445
-7.9 430
-7.7 431
-7.5 377
-7.3 396
-7.1 397
-6.9 391
-6.7 374
-6.5 366
-6.3 396
-6.1 388
-5.9 410
-5.7 353
-5.5 355
-5.3 405
-5.1 392
-4.9 353
-4.7 357
-4.5 358
-4.3 341
-4.1 321
-3.9 346
-3.7 347
-3.5 298
-3.3 373
-3.1 338
-2.9 278
-2.7 275
-2.5 295
-2.3 302
-2.1 309
-1.9 272
-1.7 283
-1.5 248
-1.3 270
-1.1 244
-0.9 269
-0.7 254
-0.5 203
-0.3 202
-0.1 199
0.1 205
0.3 176
0.5 194
0.7 198
0.9 164
1.1 164
1.3 179
1.5 151
1.7 144
1.9 159
2.1 135
2.3 144
2.5 138
2.7 132
2.9 132
3.1 129
3.3 129
3.5 118
3.7 111
3.9 121
4.1 118
4.3 117
4.5 88
4.7 96
4.9 95
5.1 78
5.3 80
5.5 73
5.7 86
5.9 92
6.1 75
6.3 61
6.5 90
6.7 56
6.9 67
7.1 48
7.3 55
7.5 49
7.7 58
7.9 68
8.1 56
8.3 63
8.5 56
8.7 55
8.9 47
9.1 44
9.3 57
9.5 43
9.7 43
9.9 41
10.1 44
10.3 40
10.5 32
10.7 34
10.9 28
11.1 39
11.3 39
11.5 25
11.7 33
11.9 28
12.1 30
12.3 31
12.5 26
12.7 26
12.9 26
13.1 26
13.3 25
13.5 27
13.7 24
13.9 23
14.1 24
14.3 20
14.5 12
14.7 20
14.9 22
15.1 11
15.3 10
15.5 18
15.7 17
15.9 16
16.1 7
16.3 12
16.5 7
16.7 10
16.9 15
17.1 9
17.3 7
17.5 9
17.7 8
17.9 10
18.1 7
18.3 11
18.5 9
18.7 6
18.9 2
19.1 5
19.3 5
19.5 4
19.7 3
19.9 7
20.1 7
20.3 6
20.5 4
20.7 2
20.9 3
21.1 3
21.3 3
21.5 4
21.7 0
21.9 4
22.1 4
22.3 0
22.5 2
22.7 2
22.9 2
23.1 1
23.3 1
23.5 0
23.7 2
23.9 0
24.1 1
24.3 2
24.5 0
24.7 2
24.9 1
25.1 0
25.3 0
25.5 0
25.7 0
25.9 0
26.1 1
26.3 0
26.5 0
26.7 0
26.9 0
27.1 0
27.3 0
27.5 1
27.7 2
27.9 0
28.1 1
28.3 1
28.5 2
28.7 1
28.9 0
29.1 1
29.3 1
29.5 0
29.7 1
29.9 1
