615
-22.7 1.17716e-05
-22.5 1.17716e-05
-22.3 1.17716e-05
-22.1 2.35433e-05
-21.9 7.06298e-05
-21.7 0.000129488
-21.5 0.000235433
-21.3 0.000388464
-21.1 0.000541495
-20.9 0.000847557
-20.7 0.0011183
-20.5 0.00155386
-20.3 0.00216598
-20.1 0.00293114
-19.9 0.0040259
-19.7 0.00523838
-19.5 0.00675692
-19.3 0.00835786
-19.1 0.0105238
-18.9 0.013196
-18.7 0.0163037
-18.5 0.019482
-18.3 0.0231548
-18.1 0.0270277
-17.9 0.0314891
-17.7 0.0363508
-17.5 0.0414832
-17.3 0.0467451
-17.1 0.0528193
-16.9 0.0581989
-16.7 0.0639788
-16.5 0.0696881
-16.3 0.0753502
-16.1 0.0810477
-15.9 0.0866981
-15.7 0.0923367
-15.5 0.0975633
-15.3 0.103014
-15.1 0.108323
-14.9 0.113396
-14.7 0.118399
-14.5 0.123119
-14.3 0.127334
-14.1 0.131783
-13.9 0.135951
-13.7 0.139812
-13.5 0.143861
-13.3 0.148005
-13.1 0.151477
-12.9 0.155303
-12.7 0.158717
-12.5 0.162496
-12.3 0.165721
-12.1 0.168864
-11.9 0.172419
-11.7 0.175503
-11.5 0.178941
-11.3 0.182225
-11.1 0.185227
-10.9 0.188464
-10.7 0.191501
-10.5 0.194491
-10.3 0.197387
-10.1 0.200683
-9.9 0.203426
-9.7 0.206545
-9.5 0.209594
-9.3 0.212843
-9.1 0.215692
-8.9 0.218587
-8.7 0.221295
-8.5 0.224379
-8.3 0.227063
-8.1 0.2299
-7.9 0.232996
-7.7 0.235986
-7.5 0.238552
-7.3 0.24133
-7.1 0.24412
-6.9 0.246898
-6.7 0.249582
-6.5 0.252231
-6.3 0.254667
-6.1 0.257563
-5.9 0.260471
-5.7 0.263261
-5.5 0.266357
-5.3 0.269276
-5.1 0.272031
-4.9 0.274856
-4.7 0.277775
-4.5 0.2808
-4.3 0.283661
-4.1 0.286486
-3.9 0.289429
-3.7 0.292019
-3.5 0.294738
-3.3 0.297575
-3.1 0.300259
-2.9 0.303096
-2.7 0.306004
-2.5 0.308817
-2.3 0.311772
-2.1 0.315079
-1.9 0.317716
-1.7 0.320129
-1.5 0.323096
-1.3 0.325851
-1.1 0.32857
-0.900001 0.331371
-0.700001 0.33402
-0.500001 0.336845
-0.300001 0.339376
-0.100001 0.341978
0.0999993 0.344779
0.299999 0.34731
0.499999 0.349971
0.699999 0.352878
0.899999 0.355574
1.1 0.35827
1.3 0.360718
1.5 0.363449
1.7 0.366192
1.9 0.368946
2.1 0.37183
2.3 0.374985
2.5 0.377716
2.7 0.380235
2.9 0.38299
3.1 0.385556
3.3 0.388311
3.5 0.39103
3.7 0.393785
3.9 0.396351
4.1 0.399164
4.3 0.401577
4.5 0.404356
4.7 0.407157
4.9 0.409641
5.1 0.412407
5.3 0.414856
5.5 0.417681
5.7 0.420436
5.9 0.423014
6.1 0.425462
6.3 0.42771
6.5 0.430194
6.7 0.432831
6.9 0.435574
7.1 0.43814
7.3 0.440471
7.5 0.442743
7.7 0.445415
7.9 0.447911
8.1 0.45063
8.3 0.45342
8.5 0.455774
8.7 0.458152
8.9 0.460636
9.1 0.463131
9.3 0.465745
9.5 0.468381
9.7 0.470995
9.9 0.473231
10.1 0.475668
10.3 0.478211
10.5 0.480483
10.7 0.482966
10.9 0.48578
11.1 0.488311
11.3 0.490571
11.5 0.493196
11.7 0.49588
11.9 0.498317
12.1 0.501095
12.3 0.50359
12.5 0.505839
12.7 0.508428
12.9 0.511065
13.1 0.513514
13.3 0.516221
13.5 0.518517
13.7 0.521248
13.9 0.523637
14.1 0.526298
14.3 0.528711
14.5 0.531218
14.7 0.533938
14.9 0.536586
15.1 0.538941
15.3 0.541154
15.5 0.54372
15.7 0.545921
15.9 0.548676
16.1 0.550783
16.3 0.553196
16.5 0.555786
16.7 0.558152
16.9 0.5606
17.1 0.563014
17.3 0.565627
17.5 0.568252
17.7 0.570689
17.9 0.573373
18.1 0.575856
18.3 0.578423
18.5 0.581036
18.7 0.583755
18.9 0.586345
19.1 0.588711
19.3 0.59143
19.5 0.593643
19.7 0.596186
19.9 0.598587
20.1 0.601001
20.3 0.603531
20.5 0.606015
20.7 0.60837
20.9 0.610924
21.1 0.613349
21.3 0.615856
21.5 0.617881
21.7 0.620541
21.9 0.62279
22.1 0.624956
22.3 0.627451
22.5 0.629594
22.7 0.632101
22.9 0.634385
23.1 0.636669
23.3 0.639152
23.5 0.641683
23.7 0.644344
23.9 0.646863
24.1 0.649311
24.3 0.651925
24.5 0.654491
24.7 0.657163
24.9 0.659494
25.1 0.661754
25.3 0.664238
25.5 0.666733
25.7 0.668994
25.9 0.671454
26.1 0.673843
26.3 0.676339
26.5 0.678599
26.7 0.681236
26.9 0.683484
27.1 0.685756
27.3 0.68804
27.5 0.690418
27.7 0.692972
27.9 0.69528
28.1 0.69761
28.3 0.700035
28.5 0.702178
28.7 0.704532
28.9 0.706922
29.1 0.709311
29.3 0.711713
29.5 0.714185
29.7 0.716598
29.9 0.718835
30.1 0.721201
30.3 0.723496
30.5 0.725521
30.7 0.727911
30.9 0.730524
31.1 0.733396
31.3 0.735456
31.5 0.737858
31.7 0.740071
31.9 0.742425
32.1 0.744744
32.3 0.746745
32.5 0.749217
32.7 0.751713
32.9 0.75402
33.1 0.75621
33.3 0.758387
33.5 0.760624
33.7 0.762872
33.9 0.76518
34.1 0.767463
34.3 0.769853
34.5 0.771984
34.7 0.774279
34.9 0.776692
35.1 0.778964
35.3 0.781366
35.5 0.783732
35.7 0.786015
35.9 0.788393
36.1 0.790736
36.3 0.793184
36.5 0.79555
36.7 0.797787
36.9 0.799788
37.1 0.801931
37.3 0.804261
37.5 0.806698
37.7 0.808888
37.9 0.810771
38.1 0.81329
38.3 0.815456
38.5 0.81781
38.7 0.819741
38.9 0.822013
39.1 0.824285
39.3 0.826439
39.5 0.828417
39.7 0.830712
39.9 0.832749
40.1 0.834926
40.3 0.837234
40.5 0.839152
40.7 0.841118
40.9 0.843143
41.1 0.845497
41.3 0.847404
41.5 0.849217
41.7 0.851371
41.9 0.853443
42.1 0.855127
42.3 0.856986
42.5 0.858799
42.7 0.860859
42.9 0.862837
43.1 0.864473
43.3 0.866145
43.5 0.868217
43.7 0.870147
43.9 0.872042
44.1 0.873843
44.3 0.87575
44.5 0.877422
44.7 0.87927
44.9 0.881189
45.1 0.883002
45.3 0.884826
45.5 0.886592
45.7 0.888487
45.9 0.890182
46.1 0.891972
46.3 0.893679
46.5 0.895491
46.7 0.897092
46.9 0.898705
47.1 0.900353
47.3 0.901954
47.5 0.903685
47.7 0.905144
47.9 0.906627
48.1 0.908122
48.3 0.909712
48.5 0.911395
48.7 0.912972
48.9 0.914762
49.1 0.916374
49.3 0.917964
49.5 0.919317
49.7 0.920624
49.9 0.922119
50.1 0.923402
50.3 0.924897
50.5 0.926027
50.7 0.927263
50.9 0.928664
51.1 0.9299
51.3 0.931254
51.5 0.932478
51.7 0.933643
51.9 0.934879
52.1 0.936162
52.3 0.937293
52.5 0.938199
52.7 0.939659
52.9 0.940541
53.1 0.941413
53.3 0.942331
53.5 0.943249
53.7 0.944473
53.9 0.94538
54.1 0.946345
54.3 0.947216
54.5 0.948052
54.7 0.948923
54.9 0.949665
55.1 0.950489
55.3 0.951277
55.5 0.952078
55.7 0.952925
55.9 0.95382
56.1 0.954667
56.3 0.955397
56.5 0.956174
56.7 0.956892
56.9 0.957363
57.1 0.958046
57.3 0.958658
57.5 0.959447
57.7 0.960012
57.9 0.96053
58.1 0.961283
58.3 0.962048
58.5 0.962837
58.7 0.963437
58.9 0.963885
59.1 0.964544
59.3 0.96518
59.5 0.965803
59.7 0.966392
59.9 0.966945
60.1 0.967557
60.3 0.968146
60.5 0.968746
60.7 0.969417
60.9 0.970029
61.1 0.970536
61.3 0.971054
61.5 0.971642
61.7 0.97229
61.9 0.972666
62.1 0.973172
62.3 0.973632
62.5 0.974244
62.7 0.97462
62.9 0.974997
63.1 0.97555
63.3 0.976045
63.5 0.976504
63.7 0.976939
63.9 0.977222
64.1 0.977563
64.3 0.977964
64.5 0.978328
64.7 0.978611
64.9 0.978952
65.1 0.979317
65.3 0.979647
65.5 0.979965
65.7 0.980306
65.9 0.980589
66.1 0.981036
66.3 0.981318
66.5 0.981542
66.7 0.98173
66.9 0.981966
67.1 0.982131
67.3 0.982354
67.5 0.98266
67.7 0.982919
67.9 0.983237
68.1 0.983555
68.3 0.983861
68.5 0.984144
68.7 0.984367
68.9 0.984614
69.1 0.984932
69.3 0.985156
69.5 0.985344
69.7 0.985474
69.9 0.985627
70.1 0.985874
70.3 0.986086
70.5 0.986333
70.7 0.986463
70.9 0.986769
71.1 0.986933
71.3 0.987192
71.5 0.987404
71.7 0.987581
71.9 0.987722
72.1 0.988016
72.3 0.988217
72.5 0.988452
72.7 0.988735
72.9 0.989029
73.1 0.989229
73.3 0.989441
73.5 0.989629
73.7 0.989853
73.9 0.990018
74.1 0.990265
74.3 0.990489
74.5 0.990712
74.7 0.991006
74.9 0.991254
75.1 0.991454
75.3 0.99163
75.5 0.991819
75.7 0.992042
75.9 0.992207
76.1 0.992396
76.3 0.99256
76.5 0.992713
76.7 0.992878
76.9 0.993008
77.1 0.993137
77.3 0.993278
77.5 0.993502
77.7 0.993667
77.9 0.993726
78.1 0.993808
78.3 0.993985
78.5 0.994079
78.7 0.994244
78.9 0.994338
79.1 0.994432
79.3 0.994479
79.5 0.994597
79.7 0.994691
79.9 0.994809
80.1 0.994868
80.3 0.99495
80.5 0.995021
80.7 0.995115
80.9 0.995221
81.1 0.995315
81.3 0.995409
81.5 0.995444
81.7 0.995491
81.9 0.995562
82.1 0.995574
82.3 0.995644
82.5 0.995727
82.7 0.995774
82.9 0.995833
83.1 0.995868
83.3 0.995951
83.5 0.996045
83.7 0.996127
83.9 0.996198
84.1 0.99621
84.3 0.99628
84.5 0.996363
84.7 0.996492
84.9 0.996563
85.1 0.996645
85.3 0.996692
85.5 0.996822
85.7 0.996904
85.9 0.996986
86.1 0.997022
86.3 0.997092
86.5 0.997175
86.7 0.997328
86.9 0.997387
87.1 0.997457
87.3 0.997493
87.5 0.997563
87.7 0.997705
87.9 0.997799
88.1 0.997834
88.3 0.997928
88.5 0.997987
88.7 0.998046
88.9 0.998152
89.1 0.998246
89.3 0.99827
89.5 0.998317
89.7 0.998364
89.9 0.998411
90.1 0.998517
90.3 0.998599
90.5 0.998634
90.7 0.998717
90.9 0.998788
91.1 0.998835
91.3 0.998893
91.5 0.998941
91.7 0.998964
91.9 0.998999
92.1 0.999023
92.3 0.999058
92.5 0.999094
92.7 0.999141
92.9 0.999211
93.1 0.999258
93.3 0.999305
93.5 0.999353
93.7 0.999411
93.9 0.999482
94.1 0.999529
94.3 0.999564
94.5 0.999576
94.7 0.999588
94.9 0.999612
95.1 0.999635
95.3 0.999647
95.5 0.99967
95.7 0.999682
95.9 0.999694
96.1 0.999717
96.3 0.999717
96.5 0.999741
96.7 0.999753
96.9 0.999753
97.1 0.999788
97.3 0.9998
97.5 0.999812
97.7 0.999823
97.9 0.999835
98.1 0.999847
98.3 0.999847
98.5 0.999859
98.7 0.999894
98.9 0.999906
99.1 0.999918
99.3 0.999918
99.5 0.999941
99.7 0.999976
99.9 0.999988
100.1 1
