400
0 0
0.001 0
0.002 0
0.003 0
0.004 0
0.005 0
0.006 0
0.007 0
0.008 0
0.009 0
0.01 0
0.011 0
0.012 0.0645161
0.013 0.0645161
0.014 0.0645161
0.015 0.0645161
0.016 0.0967742
0.017 0.0967742
0.018 0.0967742
0.019 0.0967742
0.02 0.0967742
0.021 0.0967742
0.022 0.0967742
0.023 0.129032
0.024 0.129032
0.025 0.129032
0.026 0.129032
0.027 0.129032
0.028 0.129032
0.029 0.129032
0.03 0.129032
0.031 0.129032
0.032 0.129032
0.033 0.16129
0.034 0.225806
0.035 0.258065
0.036 0.258065
0.037 0.258065
0.038 0.290323
0.039 0.290323
0.04 0.290323
0.041 0.290323
0.042 0.290323
0.043 0.322581
0.044 0.354839
0.045 0.354839
0.046 0.354839
0.047 0.354839
0.048 0.354839
0.049 0.354839
0.05 0.354839
0.051 0.354839
0.052 0.354839
0.053 0.354839
0.054 0.354839
0.055 0.354839
0.056 0.354839
0.057 0.387097
0.058 0.387097
0.059 0.387097
0.06 0.387097
0.061 0.387097
0.062 0.387097
0.063 0.387097
0.064 0.387097
0.065 0.387097
0.066 0.419355
0.067 0.419355
0.068 0.419355
0.069 0.419355
0.07 0.419355
0.071 0.419355
0.072 0.419355
0.073 0.419355
0.074 0.419355
0.075 0.419355
0.076 0.451613
0.077 0.451613
0.078 0.451613
0.079 0.451613
0.08 0.483871
0.081 0.483871
0.082 0.483871
0.083 0.483871
0.084 0.483871
0.085 0.483871
0.086 0.516129
0.087 0.516129
0.088 0.516129
0.089 0.516129
0.09 0.516129
0.091 0.548387
0.092 0.612903
0.093 0.645161
0.094 0.645161
0.095 0.645161
0.096 0.645161
0.097 0.645161
0.098 0.645161
0.099 0.645161
0.1 0.677419
0.101 0.677419
0.102 0.709677
0.103 0.709677
0.104 0.709677
0.105 0.709677
0.106 0.709677
0.107 0.709677
0.108 0.774194
0.109 0.774194
0.11 0.774194
0.111 0.774194
0.112 0.774194
0.113 0.806452
0.114 0.83871
0.115 0.83871
0.116 0.83871
0.117 0.83871
0.118 0.83871
0.119 0.83871
0.12 0.83871
0.121 0.83871
0.122 0.83871
0.123 0.83871
0.124 0.83871
0.125 0.83871
0.126 0.83871
0.127 0.83871
0.128 0.83871
0.129 0.83871
0.13 0.83871
0.131 0.83871
0.132 0.83871
0.133 0.83871
0.134 0.83871
0.135 0.83871
0.136 0.83871
0.137 0.83871
0.138 0.83871
0.139 0.83871
0.14 0.83871
0.141 0.83871
0.142 0.83871
0.143 0.83871
0.144 0.83871
0.145 0.83871
0.146 0.870968
0.147 0.870968
0.148 0.870968
0.149 0.870968
0.15 0.903226
0.151 0.903226
0.152 0.903226
0.153 0.903226
0.154 0.903226
0.155 0.903226
0.156 0.903226
0.157 0.903226
0.158 0.903226
0.159 0.903226
0.16 0.903226
0.161 0.903226
0.162 0.903226
0.163 0.903226
0.164 0.903226
0.165 0.903226
0.166 0.903226
0.167 0.903226
0.168 0.903226
0.169 0.903226
0.17 0.903226
0.171 0.903226
0.172 0.935484
0.173 0.935484
0.174 0.935484
0.175 0.935484
0.176 0.935484
0.177 0.935484
0.178 0.935484
0.179 0.935484
0.18 0.935484
0.181 0.935484
0.182 0.935484
0.183 0.935484
0.184 0.935484
0.185 0.935484
0.186 0.935484
0.187 0.935484
0.188 0.935484
0.189 0.935484
0.19 0.935484
0.191 0.935484
0.192 0.935484
0.193 0.935484
0.194 0.935484
0.195 0.935484
0.196 0.935484
0.197 0.935484
0.198 0.935484
0.199 0.935484
0.2 0.935484
0.201 0.935484
0.202 0.935484
0.203 0.935484
0.204 0.935484
0.205 0.967742
0.206 0.967742
0.207 0.967742
0.208 0.967742
0.209 0.967742
0.21 0.967742
0.211 0.967742
0.212 0.967742
0.213 0.967742
0.214 0.967742
0.215 0.967742
0.216 0.967742
0.217 0.967742
0.218 0.967742
0.219 0.967742
0.22 0.967742
0.221 0.967742
0.222 0.967742
0.223 0.967742
0.224 0.967742
0.225 0.967742
0.226 0.967742
0.227 0.967742
0.228 0.967742
0.229 0.967742
0.23 0.967742
0.231 0.967742
0.232 0.967742
0.233 0.967742
0.234 0.967742
0.235 0.967742
0.236 0.967742
0.237 0.967742
0.238 0.967742
0.239 0.967742
0.24 0.967742
0.241 0.967742
0.242 0.967742
0.243 0.967742
0.244 0.967742
0.245 0.967742
0.246 0.967742
0.247 0.967742
0.248 0.967742
0.249 0.967742
0.25 0.967742
0.251 0.967742
0.252 0.967742
0.253 0.967742
0.254 0.967742
0.255 0.967742
0.256 0.967742
0.257 0.967742
0.258 0.967742
0.259 0.967742
0.26 0.967742
0.261 0.967742
0.262 0.967742
0.263 0.967742
0.264 0.967742
0.265 0.967742
0.266 0.967742
0.267 0.967742
0.268 0.967742
0.269 0.967742
0.27 0.967742
0.271 0.967742
0.272 0.967742
0.273 0.967742
0.274 0.967742
0.275 0.967742
0.276 0.967742
0.277 0.967742
0.278 0.967742
0.279 0.967742
0.28 0.967742
0.281 0.967742
0.282 0.967742
0.283 0.967742
0.284 0.967742
0.285 0.967742
0.286 0.967742
0.287 0.967742
0.288 0.967742
0.289 0.967742
0.29 0.967742
0.291 0.967742
0.292 0.967742
0.293 0.967742
0.294 0.967742
0.295 0.967742
0.296 0.967742
0.297 0.967742
0.298 0.967742
0.299 0.967742
0.3 0.967742
0.301 0.967742
0.302 0.967742
0.303 0.967742
0.304 0.967742
0.305 0.967742
0.306 0.967742
0.307 0.967742
0.308 0.967742
0.309 0.967742
0.31 0.967742
0.311 0.967742
0.312 0.967742
0.313 0.967742
0.314 0.967742
0.315 0.967742
0.316 0.967742
0.317 0.967742
0.318 0.967742
0.319 0.967742
0.32 0.967742
0.321 0.967742
0.322 0.967742
0.323 0.967742
0.324 0.967742
0.325 0.967742
0.326 0.967742
0.327 0.967742
0.328 0.967742
0.329 0.967742
0.33 0.967742
0.331 0.967742
0.332 0.967742
0.333 0.967742
0.334 0.967742
0.335 0.967742
0.336 0.967742
0.337 0.967742
0.338 0.967742
0.339 0.967742
0.34 0.967742
0.341 0.967742
0.342 0.967742
0.343 0.967742
0.344 0.967742
0.345 0.967742
0.346 0.967742
0.347 0.967742
0.348 0.967742
0.349 0.967742
0.35 0.967742
0.351 0.967742
0.352 0.967742
0.353 0.967742
0.354 0.967742
0.355 0.967742
0.356 0.967742
0.357 0.967742
0.358 0.967742
0.359 0.967742
0.36 0.967742
0.361 0.967742
0.362 0.967742
0.363 0.967742
0.364 0.967742
0.365 0.967742
0.366 0.967742
0.367 0.967742
0.368 0.967742
0.369 0.967742
0.37 0.967742
0.371 0.967742
0.372 0.967742
0.373 0.967742
0.374 0.967742
0.375 0.967742
0.376 0.967742
0.377 0.967742
0.378 0.967742
0.379 0.967742
0.38 0.967742
0.381 1
0.382 1
0.383 1
0.384 1
0.385 1
0.386 1
0.387 1
0.388 1
0.389 1
0.39 1
0.391 1
0.392 1
0.393 1
0.394 1
0.395 1
0.396 1
0.397 1
0.398 1
0.399 1
0.4 1
