400
0 0
0.001 0.00763359
0.002 0.00763359
0.003 0.0229008
0.004 0.0381679
0.005 0.0458015
0.006 0.0534351
0.007 0.0534351
0.008 0.0534351
0.009 0.0687023
0.01 0.0687023
0.011 0.0687023
0.012 0.0687023
0.013 0.0763359
0.014 0.0839695
0.015 0.0992366
0.016 0.0992366
0.017 0.10687
0.018 0.114504
0.019 0.129771
0.02 0.145038
0.021 0.145038
0.022 0.152672
0.023 0.152672
0.024 0.160305
0.025 0.167939
0.026 0.175573
0.027 0.183206
0.028 0.183206
0.029 0.198473
0.03 0.206107
0.031 0.21374
0.032 0.221374
0.033 0.221374
0.034 0.221374
0.035 0.229008
0.036 0.236641
0.037 0.244275
0.038 0.251908
0.039 0.259542
0.04 0.274809
0.041 0.29771
0.042 0.29771
0.043 0.320611
0.044 0.328244
0.045 0.328244
0.046 0.343511
0.047 0.358779
0.048 0.374046
0.049 0.381679
0.05 0.381679
0.051 0.396947
0.052 0.396947
0.053 0.40458
0.054 0.40458
0.055 0.412214
0.056 0.419847
0.057 0.419847
0.058 0.419847
0.059 0.427481
0.06 0.435115
0.061 0.435115
0.062 0.435115
0.063 0.450382
0.064 0.465649
0.065 0.480916
0.066 0.480916
0.067 0.496183
0.068 0.496183
0.069 0.503817
0.07 0.519084
0.071 0.519084
0.072 0.519084
0.073 0.519084
0.074 0.526718
0.075 0.526718
0.076 0.541985
0.077 0.541985
0.078 0.549618
0.079 0.564885
0.08 0.572519
0.081 0.580153
0.082 0.59542
0.083 0.59542
0.084 0.59542
0.085 0.603053
0.086 0.603053
0.087 0.610687
0.088 0.610687
0.089 0.610687
0.09 0.610687
0.091 0.610687
0.092 0.610687
0.093 0.610687
0.094 0.610687
0.095 0.618321
0.096 0.625954
0.097 0.633588
0.098 0.633588
0.099 0.633588
0.1 0.648855
0.101 0.648855
0.102 0.671756
0.103 0.671756
0.104 0.679389
0.105 0.679389
0.106 0.687023
0.107 0.687023
0.108 0.687023
0.109 0.687023
0.11 0.694656
0.111 0.70229
0.112 0.70229
0.113 0.70229
0.114 0.70229
0.115 0.70229
0.116 0.709924
0.117 0.717557
0.118 0.717557
0.119 0.717557
0.12 0.725191
0.121 0.732824
0.122 0.740458
0.123 0.740458
0.124 0.755725
0.125 0.755725
0.126 0.755725
0.127 0.755725
0.128 0.755725
0.129 0.763359
0.13 0.763359
0.131 0.763359
0.132 0.770992
0.133 0.778626
0.134 0.78626
0.135 0.78626
0.136 0.78626
0.137 0.793893
0.138 0.793893
0.139 0.80916
0.14 0.80916
0.141 0.816794
0.142 0.824427
0.143 0.824427
0.144 0.824427
0.145 0.824427
0.146 0.824427
0.147 0.824427
0.148 0.824427
0.149 0.824427
0.15 0.832061
0.151 0.832061
0.152 0.839695
0.153 0.847328
0.154 0.847328
0.155 0.847328
0.156 0.847328
0.157 0.847328
0.158 0.847328
0.159 0.847328
0.16 0.847328
0.161 0.847328
0.162 0.854962
0.163 0.854962
0.164 0.854962
0.165 0.854962
0.166 0.862595
0.167 0.862595
0.168 0.862595
0.169 0.862595
0.17 0.862595
0.171 0.862595
0.172 0.862595
0.173 0.862595
0.174 0.862595
0.175 0.862595
0.176 0.870229
0.177 0.877863
0.178 0.877863
0.179 0.877863
0.18 0.877863
0.181 0.877863
0.182 0.877863
0.183 0.877863
0.184 0.877863
0.185 0.877863
0.186 0.877863
0.187 0.877863
0.188 0.877863
0.189 0.877863
0.19 0.877863
0.191 0.877863
0.192 0.877863
0.193 0.877863
0.194 0.877863
0.195 0.877863
0.196 0.877863
0.197 0.877863
0.198 0.877863
0.199 0.877863
0.2 0.877863
0.201 0.885496
0.202 0.885496
0.203 0.885496
0.204 0.885496
0.205 0.885496
0.206 0.885496
0.207 0.885496
0.208 0.885496
0.209 0.885496
0.21 0.885496
0.211 0.885496
0.212 0.885496
0.213 0.885496
0.214 0.89313
0.215 0.89313
0.216 0.89313
0.217 0.89313
0.218 0.89313
0.219 0.900763
0.22 0.900763
0.221 0.900763
0.222 0.900763
0.223 0.900763
0.224 0.900763
0.225 0.900763
0.226 0.900763
0.227 0.900763
0.228 0.900763
0.229 0.908397
0.23 0.916031
0.231 0.916031
0.232 0.916031
0.233 0.916031
0.234 0.916031
0.235 0.916031
0.236 0.916031
0.237 0.923664
0.238 0.923664
0.239 0.923664
0.24 0.923664
0.241 0.923664
0.242 0.931298
0.243 0.931298
0.244 0.931298
0.245 0.931298
0.246 0.931298
0.247 0.931298
0.248 0.931298
0.249 0.938931
0.25 0.946565
0.251 0.946565
0.252 0.961832
0.253 0.969466
0.254 0.969466
0.255 0.969466
0.256 0.977099
0.257 0.984733
0.258 0.992366
0.259 0.992366
0.26 0.992366
0.261 0.992366
0.262 0.992366
0.263 0.992366
0.264 0.992366
0.265 0.992366
0.266 0.992366
0.267 0.992366
0.268 0.992366
0.269 0.992366
0.27 0.992366
0.271 0.992366
0.272 0.992366
0.273 0.992366
0.274 0.992366
0.275 0.992366
0.276 0.992366
0.277 0.992366
0.278 0.992366
0.279 0.992366
0.28 0.992366
0.281 0.992366
0.282 0.992366
0.283 0.992366
0.284 0.992366
0.285 0.992366
0.286 1
0.287 1
0.288 1
0.289 1
0.29 1
0.291 1
0.292 1
0.293 1
0.294 1
0.295 1
0.296 1
0.297 1
0.298 1
0.299 1
0.3 1
0.301 1
0.302 1
0.303 1
0.304 1
0.305 1
0.306 1
0.307 1
0.308 1
0.309 1
0.31 1
0.311 1
0.312 1
0.313 1
0.314 1
0.315 1
0.316 1
0.317 1
0.318 1
0.319 1
0.32 1
0.321 1
0.322 1
0.323 1
0.324 1
0.325 1
0.326 1
0.327 1
0.328 1
0.329 1
0.33 1
0.331 1
0.332 1
0.333 1
0.334 1
0.335 1
0.336 1
0.337 1
0.338 1
0.339 1
0.34 1
0.341 1
0.342 1
0.343 1
0.344 1
0.345 1
0.346 1
0.347 1
0.348 1
0.349 1
0.35 1
0.351 1
0.352 1
0.353 1
0.354 1
0.355 1
0.356 1
0.357 1
0.358 1
0.359 1
0.36 1
0.361 1
0.362 1
0.363 1
0.364 1
0.365 1
0.366 1
0.367 1
0.368 1
0.369 1
0.37 1
0.371 1
0.372 1
0.373 1
0.374 1
0.375 1
0.376 1
0.377 1
0.378 1
0.379 1
0.38 1
0.381 1
0.382 1
0.383 1
0.384 1
0.385 1
0.386 1
0.387 1
0.388 1
0.389 1
0.39 1
0.391 1
0.392 1
0.393 1
0.394 1
0.395 1
0.396 1
0.397 1
0.398 1
0.399 1
0.4 1
