400
0 0
0.001 0.00578035
0.002 0.00578035
0.003 0.00578035
0.004 0.0115607
0.005 0.017341
0.006 0.017341
0.007 0.0231214
0.008 0.0231214
0.009 0.0289017
0.01 0.0289017
0.011 0.0289017
0.012 0.0289017
0.013 0.0462428
0.014 0.0462428
0.015 0.0635838
0.016 0.0635838
0.017 0.0635838
0.018 0.0635838
0.019 0.0693642
0.02 0.0693642
0.021 0.0693642
0.022 0.0809249
0.023 0.0809249
0.024 0.0924855
0.025 0.104046
0.026 0.109827
0.027 0.127168
0.028 0.132948
0.029 0.150289
0.03 0.16185
0.031 0.16185
0.032 0.16185
0.033 0.16763
0.034 0.16763
0.035 0.16763
0.036 0.17341
0.037 0.184971
0.038 0.184971
0.039 0.190751
0.04 0.190751
0.041 0.202312
0.042 0.202312
0.043 0.202312
0.044 0.219653
0.045 0.231214
0.046 0.236994
0.047 0.242775
0.048 0.254335
0.049 0.254335
0.05 0.260116
0.051 0.260116
0.052 0.283237
0.053 0.294798
0.054 0.300578
0.055 0.300578
0.056 0.300578
0.057 0.300578
0.058 0.306358
0.059 0.323699
0.06 0.323699
0.061 0.32948
0.062 0.32948
0.063 0.33526
0.064 0.34104
0.065 0.358381
0.066 0.358381
0.067 0.381503
0.068 0.381503
0.069 0.387283
0.07 0.393064
0.071 0.404624
0.072 0.410405
0.073 0.421965
0.074 0.433526
0.075 0.433526
0.076 0.439306
0.077 0.450867
0.078 0.450867
0.079 0.456647
0.08 0.462428
0.081 0.473988
0.082 0.485549
0.083 0.485549
0.084 0.50289
0.085 0.520231
0.086 0.531792
0.087 0.537572
0.088 0.543353
0.089 0.554913
0.09 0.560694
0.091 0.560694
0.092 0.572254
0.093 0.572254
0.094 0.578035
0.095 0.589595
0.096 0.601156
0.097 0.601156
0.098 0.601156
0.099 0.612717
0.1 0.612717
0.101 0.618497
0.102 0.618497
0.103 0.635838
0.104 0.635838
0.105 0.641618
0.106 0.65896
0.107 0.65896
0.108 0.65896
0.109 0.65896
0.11 0.67052
0.111 0.67052
0.112 0.682081
0.113 0.687861
0.114 0.687861
0.115 0.693642
0.116 0.693642
0.117 0.693642
0.118 0.705202
0.119 0.705202
0.12 0.705202
0.121 0.716763
0.122 0.716763
0.123 0.722543
0.124 0.722543
0.125 0.722543
0.126 0.728324
0.127 0.734104
0.128 0.739884
0.129 0.739884
0.13 0.739884
0.131 0.739884
0.132 0.745665
0.133 0.745665
0.134 0.745665
0.135 0.751445
0.136 0.751445
0.137 0.757225
0.138 0.757225
0.139 0.757225
0.14 0.757225
0.141 0.763006
0.142 0.768786
0.143 0.768786
0.144 0.774566
0.145 0.774566
0.146 0.774566
0.147 0.786127
0.148 0.786127
0.149 0.797688
0.15 0.797688
0.151 0.797688
0.152 0.803468
0.153 0.803468
0.154 0.809249
0.155 0.809249
0.156 0.809249
0.157 0.809249
0.158 0.809249
0.159 0.809249
0.16 0.809249
0.161 0.809249
0.162 0.809249
0.163 0.815029
0.164 0.815029
0.165 0.815029
0.166 0.82659
0.167 0.82659
0.168 0.82659
0.169 0.83237
0.17 0.83237
0.171 0.83815
0.172 0.83815
0.173 0.843931
0.174 0.849711
0.175 0.861272
0.176 0.861272
0.177 0.867052
0.178 0.867052
0.179 0.867052
0.18 0.867052
0.181 0.867052
0.182 0.867052
0.183 0.867052
0.184 0.872832
0.185 0.872832
0.186 0.872832
0.187 0.872832
0.188 0.872832
0.189 0.872832
0.19 0.878613
0.191 0.878613
0.192 0.878613
0.193 0.878613
0.194 0.878613
0.195 0.884393
0.196 0.884393
0.197 0.884393
0.198 0.884393
0.199 0.884393
0.2 0.884393
0.201 0.884393
0.202 0.884393
0.203 0.884393
0.204 0.884393
0.205 0.884393
0.206 0.884393
0.207 0.884393
0.208 0.884393
0.209 0.884393
0.21 0.884393
0.211 0.884393
0.212 0.890173
0.213 0.890173
0.214 0.890173
0.215 0.890173
0.216 0.895954
0.217 0.895954
0.218 0.895954
0.219 0.895954
0.22 0.895954
0.221 0.895954
0.222 0.895954
0.223 0.895954
0.224 0.895954
0.225 0.895954
0.226 0.895954
0.227 0.895954
0.228 0.901734
0.229 0.907514
0.23 0.913295
0.231 0.913295
0.232 0.913295
0.233 0.913295
0.234 0.913295
0.235 0.913295
0.236 0.913295
0.237 0.913295
0.238 0.913295
0.239 0.919075
0.24 0.919075
0.241 0.919075
0.242 0.919075
0.243 0.919075
0.244 0.919075
0.245 0.919075
0.246 0.919075
0.247 0.919075
0.248 0.924855
0.249 0.924855
0.25 0.924855
0.251 0.924855
0.252 0.924855
0.253 0.930636
0.254 0.930636
0.255 0.930636
0.256 0.930636
0.257 0.930636
0.258 0.930636
0.259 0.930636
0.26 0.930636
0.261 0.930636
0.262 0.930636
0.263 0.936416
0.264 0.936416
0.265 0.936416
0.266 0.936416
0.267 0.936416
0.268 0.936416
0.269 0.936416
0.27 0.936416
0.271 0.936416
0.272 0.936416
0.273 0.942197
0.274 0.942197
0.275 0.942197
0.276 0.942197
0.277 0.947977
0.278 0.953757
0.279 0.953757
0.28 0.953757
0.281 0.959538
0.282 0.959538
0.283 0.959538
0.284 0.959538
0.285 0.959538
0.286 0.959538
0.287 0.965318
0.288 0.965318
0.289 0.965318
0.29 0.965318
0.291 0.971098
0.292 0.971098
0.293 0.971098
0.294 0.971098
0.295 0.971098
0.296 0.976879
0.297 0.976879
0.298 0.976879
0.299 0.982659
0.3 0.988439
0.301 0.988439
0.302 0.988439
0.303 0.988439
0.304 0.988439
0.305 0.988439
0.306 0.988439
0.307 0.988439
0.308 0.988439
0.309 0.988439
0.31 0.988439
0.311 0.988439
0.312 0.988439
0.313 0.988439
0.314 0.988439
0.315 0.988439
0.316 0.988439
0.317 0.988439
0.318 0.988439
0.319 0.988439
0.32 0.988439
0.321 0.988439
0.322 0.988439
0.323 0.988439
0.324 0.988439
0.325 0.988439
0.326 0.988439
0.327 0.988439
0.328 0.988439
0.329 0.988439
0.33 0.988439
0.331 0.988439
0.332 0.988439
0.333 0.988439
0.334 0.988439
0.335 0.988439
0.336 0.988439
0.337 0.988439
0.338 0.988439
0.339 0.988439
0.34 0.988439
0.341 0.988439
0.342 0.988439
0.343 0.988439
0.344 0.988439
0.345 0.988439
0.346 0.988439
0.347 0.988439
0.348 0.988439
0.349 0.988439
0.35 0.988439
0.351 0.988439
0.352 0.988439
0.353 0.988439
0.354 0.988439
0.355 0.988439
0.356 0.99422
0.357 0.99422
0.358 0.99422
0.359 0.99422
0.36 0.99422
0.361 0.99422
0.362 1
0.363 1
0.364 1
0.365 1
0.366 1
0.367 1
0.368 1
0.369 1
0.37 1
0.371 1
0.372 1
0.373 1
0.374 1
0.375 1
0.376 1
0.377 1
0.378 1
0.379 1
0.38 1
0.381 1
0.382 1
0.383 1
0.384 1
0.385 1
0.386 1
0.387 1
0.388 1
0.389 1
0.39 1
0.391 1
0.392 1
0.393 1
0.394 1
0.395 1
0.396 1
0.397 1
0.398 1
0.399 1
0.4 1
