400
0 0
0.001 0
0.002 0.00490196
0.003 0.00980392
0.004 0.00980392
0.005 0.0147059
0.006 0.0147059
0.007 0.0245098
0.008 0.0294118
0.009 0.0343137
0.01 0.0343137
0.011 0.0441176
0.012 0.0490196
0.013 0.0588235
0.014 0.0588235
0.015 0.0637255
0.016 0.0784314
0.017 0.0833333
0.018 0.0882353
0.019 0.0980392
0.02 0.102941
0.021 0.117647
0.022 0.117647
0.023 0.127451
0.024 0.137255
0.025 0.147059
0.026 0.151961
0.027 0.166667
0.028 0.176471
0.029 0.186275
0.03 0.191176
0.031 0.196078
0.032 0.215686
0.033 0.215686
0.034 0.230392
0.035 0.230392
0.036 0.230392
0.037 0.240196
0.038 0.240196
0.039 0.245098
0.04 0.25
0.041 0.259804
0.042 0.27451
0.043 0.284314
0.044 0.29902
0.045 0.303922
0.046 0.318627
0.047 0.343137
0.048 0.348039
0.049 0.357843
0.05 0.367647
0.051 0.382353
0.052 0.392157
0.053 0.397059
0.054 0.397059
0.055 0.406863
0.056 0.406863
0.057 0.416667
0.058 0.421569
0.059 0.426471
0.06 0.431373
0.061 0.436275
0.062 0.441176
0.063 0.446078
0.064 0.446078
0.065 0.45098
0.066 0.460784
0.067 0.470588
0.068 0.480392
0.069 0.485294
0.07 0.5
0.071 0.504902
0.072 0.509804
0.073 0.514706
0.074 0.529412
0.075 0.539216
0.076 0.54902
0.077 0.558824
0.078 0.563726
0.079 0.563726
0.08 0.588235
0.081 0.598039
0.082 0.602941
0.083 0.607843
0.084 0.612745
0.085 0.617647
0.086 0.622549
0.087 0.622549
0.088 0.637255
0.089 0.647059
0.09 0.651961
0.091 0.666667
0.092 0.666667
0.093 0.671569
0.094 0.676471
0.095 0.676471
0.096 0.686275
0.097 0.70098
0.098 0.70098
0.099 0.710784
0.1 0.710784
0.101 0.715686
0.102 0.715686
0.103 0.715686
0.104 0.715686
0.105 0.720588
0.106 0.720588
0.107 0.72549
0.108 0.72549
0.109 0.72549
0.11 0.730392
0.111 0.740196
0.112 0.740196
0.113 0.745098
0.114 0.745098
0.115 0.745098
0.116 0.745098
0.117 0.75
0.118 0.759804
0.119 0.759804
0.12 0.759804
0.121 0.759804
0.122 0.769608
0.123 0.77451
0.124 0.779412
0.125 0.779412
0.126 0.784314
0.127 0.789216
0.128 0.789216
0.129 0.79902
0.13 0.79902
0.131 0.803922
0.132 0.803922
0.133 0.803922
0.134 0.808824
0.135 0.813726
0.136 0.813726
0.137 0.818627
0.138 0.828431
0.139 0.838235
0.14 0.843137
0.141 0.848039
0.142 0.848039
0.143 0.852941
0.144 0.852941
0.145 0.852941
0.146 0.857843
0.147 0.857843
0.148 0.862745
0.149 0.867647
0.15 0.867647
0.151 0.867647
0.152 0.867647
0.153 0.867647
0.154 0.867647
0.155 0.867647
0.156 0.867647
0.157 0.867647
0.158 0.867647
0.159 0.867647
0.16 0.867647
0.161 0.867647
0.162 0.867647
0.163 0.867647
0.164 0.877451
0.165 0.877451
0.166 0.877451
0.167 0.877451
0.168 0.877451
0.169 0.887255
0.17 0.887255
0.171 0.887255
0.172 0.887255
0.173 0.892157
0.174 0.892157
0.175 0.892157
0.176 0.897059
0.177 0.897059
0.178 0.897059
0.179 0.897059
0.18 0.897059
0.181 0.897059
0.182 0.897059
0.183 0.897059
0.184 0.897059
0.185 0.897059
0.186 0.897059
0.187 0.897059
0.188 0.906863
0.189 0.906863
0.19 0.906863
0.191 0.906863
0.192 0.911765
0.193 0.911765
0.194 0.911765
0.195 0.911765
0.196 0.911765
0.197 0.911765
0.198 0.911765
0.199 0.911765
0.2 0.911765
0.201 0.916667
0.202 0.916667
0.203 0.916667
0.204 0.926471
0.205 0.931373
0.206 0.936275
0.207 0.936275
0.208 0.936275
0.209 0.941176
0.21 0.941176
0.211 0.941176
0.212 0.941176
0.213 0.941176
0.214 0.941176
0.215 0.941176
0.216 0.946078
0.217 0.946078
0.218 0.946078
0.219 0.946078
0.22 0.946078
0.221 0.946078
0.222 0.955882
0.223 0.955882
0.224 0.955882
0.225 0.955882
0.226 0.955882
0.227 0.955882
0.228 0.955882
0.229 0.960784
0.23 0.960784
0.231 0.960784
0.232 0.960784
0.233 0.960784
0.234 0.960784
0.235 0.960784
0.236 0.965686
0.237 0.965686
0.238 0.965686
0.239 0.965686
0.24 0.970588
0.241 0.970588
0.242 0.970588
0.243 0.970588
0.244 0.970588
0.245 0.970588
0.246 0.970588
0.247 0.970588
0.248 0.970588
0.249 0.970588
0.25 0.970588
0.251 0.970588
0.252 0.970588
0.253 0.97549
0.254 0.97549
0.255 0.97549
0.256 0.97549
0.257 0.97549
0.258 0.97549
0.259 0.97549
0.26 0.97549
0.261 0.980392
0.262 0.980392
0.263 0.980392
0.264 0.985294
0.265 0.985294
0.266 0.985294
0.267 0.985294
0.268 0.985294
0.269 0.985294
0.27 0.985294
0.271 0.985294
0.272 0.985294
0.273 0.985294
0.274 0.985294
0.275 0.985294
0.276 0.985294
0.277 0.985294
0.278 0.985294
0.279 0.985294
0.28 0.985294
0.281 0.985294
0.282 0.985294
0.283 0.985294
0.284 0.985294
0.285 0.985294
0.286 0.985294
0.287 0.985294
0.288 0.985294
0.289 0.985294
0.29 0.985294
0.291 0.985294
0.292 0.990196
0.293 0.990196
0.294 0.990196
0.295 0.990196
0.296 0.990196
0.297 0.990196
0.298 0.990196
0.299 0.990196
0.3 0.990196
0.301 0.995098
0.302 0.995098
0.303 0.995098
0.304 0.995098
0.305 0.995098
0.306 0.995098
0.307 0.995098
0.308 0.995098
0.309 0.995098
0.31 0.995098
0.311 0.995098
0.312 0.995098
0.313 0.995098
0.314 1
0.315 1
0.316 1
0.317 1
0.318 1
0.319 1
0.32 1
0.321 1
0.322 1
0.323 1
0.324 1
0.325 1
0.326 1
0.327 1
0.328 1
0.329 1
0.33 1
0.331 1
0.332 1
0.333 1
0.334 1
0.335 1
0.336 1
0.337 1
0.338 1
0.339 1
0.34 1
0.341 1
0.342 1
0.343 1
0.344 1
0.345 1
0.346 1
0.347 1
0.348 1
0.349 1
0.35 1
0.351 1
0.352 1
0.353 1
0.354 1
0.355 1
0.356 1
0.357 1
0.358 1
0.359 1
0.36 1
0.361 1
0.362 1
0.363 1
0.364 1
0.365 1
0.366 1
0.367 1
0.368 1
0.369 1
0.37 1
0.371 1
0.372 1
0.373 1
0.374 1
0.375 1
0.376 1
0.377 1
0.378 1
0.379 1
0.38 1
0.381 1
0.382 1
0.383 1
0.384 1
0.385 1
0.386 1
0.387 1
0.388 1
0.389 1
0.39 1
0.391 1
0.392 1
0.393 1
0.394 1
0.395 1
0.396 1
0.397 1
0.398 1
0.399 1
0.4 1
