400
0 0
0.001 0.0136054
0.002 0.0238095
0.003 0.0272109
0.004 0.0306122
0.005 0.047619
0.006 0.047619
0.007 0.0544218
0.008 0.0544218
0.009 0.0544218
0.01 0.0612245
0.011 0.0646258
0.012 0.0714286
0.013 0.085034
0.014 0.0884354
0.015 0.0952381
0.016 0.0952381
0.017 0.0986395
0.018 0.102041
0.019 0.108844
0.02 0.112245
0.021 0.112245
0.022 0.112245
0.023 0.112245
0.024 0.112245
0.025 0.115646
0.026 0.12585
0.027 0.132653
0.028 0.132653
0.029 0.136054
0.03 0.14966
0.031 0.14966
0.032 0.153061
0.033 0.153061
0.034 0.163265
0.035 0.166667
0.036 0.173469
0.037 0.173469
0.038 0.176871
0.039 0.187075
0.04 0.187075
0.041 0.187075
0.042 0.197279
0.043 0.204082
0.044 0.207483
0.045 0.217687
0.046 0.22449
0.047 0.231293
0.048 0.234694
0.049 0.238095
0.05 0.244898
0.051 0.248299
0.052 0.251701
0.053 0.255102
0.054 0.258503
0.055 0.258503
0.056 0.268707
0.057 0.268707
0.058 0.278912
0.059 0.285714
0.06 0.292517
0.061 0.292517
0.062 0.292517
0.063 0.302721
0.064 0.302721
0.065 0.306122
0.066 0.323129
0.067 0.333333
0.068 0.343537
0.069 0.346939
0.07 0.346939
0.071 0.353741
0.072 0.360544
0.073 0.370748
0.074 0.387755
0.075 0.401361
0.076 0.404762
0.077 0.408163
0.078 0.418367
0.079 0.418367
0.08 0.421769
0.081 0.431973
0.082 0.445578
0.083 0.459184
0.084 0.472789
0.085 0.47619
0.086 0.47619
0.087 0.47619
0.088 0.479592
0.089 0.486395
0.09 0.489796
0.091 0.493197
0.092 0.496599
0.093 0.506803
0.094 0.506803
0.095 0.517007
0.096 0.52381
0.097 0.527211
0.098 0.530612
0.099 0.544218
0.1 0.554422
0.101 0.561224
0.102 0.564626
0.103 0.571429
0.104 0.581633
0.105 0.585034
0.106 0.588435
0.107 0.598639
0.108 0.598639
0.109 0.608844
0.11 0.619048
0.111 0.629252
0.112 0.632653
0.113 0.639456
0.114 0.64966
0.115 0.64966
0.116 0.64966
0.117 0.656463
0.118 0.659864
0.119 0.663265
0.12 0.670068
0.121 0.676871
0.122 0.683673
0.123 0.687075
0.124 0.687075
0.125 0.697279
0.126 0.707483
0.127 0.714286
0.128 0.721088
0.129 0.72449
0.13 0.72449
0.131 0.731293
0.132 0.731293
0.133 0.738095
0.134 0.738095
0.135 0.741497
0.136 0.744898
0.137 0.751701
0.138 0.751701
0.139 0.761905
0.14 0.772109
0.141 0.778912
0.142 0.785714
0.143 0.792517
0.144 0.79932
0.145 0.806122
0.146 0.812925
0.147 0.816327
0.148 0.816327
0.149 0.829932
0.15 0.829932
0.151 0.829932
0.152 0.829932
0.153 0.829932
0.154 0.829932
0.155 0.829932
0.156 0.836735
0.157 0.836735
0.158 0.840136
0.159 0.840136
0.16 0.843537
0.161 0.846939
0.162 0.846939
0.163 0.846939
0.164 0.846939
0.165 0.85034
0.166 0.85034
0.167 0.853741
0.168 0.853741
0.169 0.857143
0.17 0.863946
0.171 0.863946
0.172 0.863946
0.173 0.863946
0.174 0.870748
0.175 0.870748
0.176 0.870748
0.177 0.877551
0.178 0.880952
0.179 0.884354
0.18 0.884354
0.181 0.884354
0.182 0.884354
0.183 0.884354
0.184 0.887755
0.185 0.891156
0.186 0.891156
0.187 0.891156
0.188 0.891156
0.189 0.897959
0.19 0.901361
0.191 0.904762
0.192 0.908163
0.193 0.908163
0.194 0.908163
0.195 0.911565
0.196 0.911565
0.197 0.911565
0.198 0.911565
0.199 0.911565
0.2 0.911565
0.201 0.911565
0.202 0.911565
0.203 0.911565
0.204 0.911565
0.205 0.914966
0.206 0.914966
0.207 0.914966
0.208 0.914966
0.209 0.918367
0.21 0.921769
0.211 0.921769
0.212 0.921769
0.213 0.921769
0.214 0.921769
0.215 0.921769
0.216 0.92517
0.217 0.92517
0.218 0.92517
0.219 0.92517
0.22 0.92517
0.221 0.928571
0.222 0.928571
0.223 0.928571
0.224 0.928571
0.225 0.931973
0.226 0.931973
0.227 0.931973
0.228 0.931973
0.229 0.935374
0.23 0.938775
0.231 0.952381
0.232 0.952381
0.233 0.952381
0.234 0.952381
0.235 0.952381
0.236 0.952381
0.237 0.952381
0.238 0.952381
0.239 0.952381
0.24 0.952381
0.241 0.952381
0.242 0.955782
0.243 0.955782
0.244 0.955782
0.245 0.955782
0.246 0.955782
0.247 0.955782
0.248 0.959184
0.249 0.959184
0.25 0.959184
0.251 0.962585
0.252 0.962585
0.253 0.965986
0.254 0.965986
0.255 0.965986
0.256 0.965986
0.257 0.965986
0.258 0.965986
0.259 0.965986
0.26 0.965986
0.261 0.965986
0.262 0.965986
0.263 0.965986
0.264 0.969388
0.265 0.969388
0.266 0.969388
0.267 0.969388
0.268 0.972789
0.269 0.972789
0.27 0.97619
0.271 0.97619
0.272 0.97619
0.273 0.979592
0.274 0.979592
0.275 0.979592
0.276 0.979592
0.277 0.979592
0.278 0.979592
0.279 0.979592
0.28 0.979592
0.281 0.979592
0.282 0.979592
0.283 0.979592
0.284 0.979592
0.285 0.979592
0.286 0.979592
0.287 0.979592
0.288 0.979592
0.289 0.979592
0.29 0.979592
0.291 0.979592
0.292 0.979592
0.293 0.979592
0.294 0.979592
0.295 0.982993
0.296 0.982993
0.297 0.982993
0.298 0.982993
0.299 0.982993
0.3 0.982993
0.301 0.982993
0.302 0.982993
0.303 0.982993
0.304 0.982993
0.305 0.982993
0.306 0.982993
0.307 0.982993
0.308 0.982993
0.309 0.986395
0.31 0.986395
0.311 0.986395
0.312 0.986395
0.313 0.986395
0.314 0.986395
0.315 0.986395
0.316 0.986395
0.317 0.986395
0.318 0.986395
0.319 0.986395
0.32 0.986395
0.321 0.989796
0.322 0.989796
0.323 0.989796
0.324 0.989796
0.325 0.989796
0.326 0.989796
0.327 0.989796
0.328 0.989796
0.329 0.989796
0.33 0.989796
0.331 0.989796
0.332 0.989796
0.333 0.989796
0.334 0.989796
0.335 0.989796
0.336 0.989796
0.337 0.989796
0.338 0.989796
0.339 0.989796
0.34 0.989796
0.341 0.989796
0.342 0.989796
0.343 0.989796
0.344 0.989796
0.345 0.989796
0.346 0.989796
0.347 0.989796
0.348 0.989796
0.349 0.989796
0.35 0.989796
0.351 0.989796
0.352 0.989796
0.353 0.989796
0.354 0.989796
0.355 0.989796
0.356 0.989796
0.357 0.989796
0.358 0.989796
0.359 0.989796
0.36 0.989796
0.361 0.989796
0.362 0.989796
0.363 0.989796
0.364 0.989796
0.365 0.989796
0.366 0.989796
0.367 0.989796
0.368 0.989796
0.369 0.989796
0.37 0.989796
0.371 0.989796
0.372 0.989796
0.373 0.989796
0.374 0.989796
0.375 0.989796
0.376 0.989796
0.377 0.989796
0.378 0.989796
0.379 0.993197
0.38 0.993197
0.381 0.993197
0.382 0.993197
0.383 0.993197
0.384 0.993197
0.385 0.996599
0.386 0.996599
0.387 0.996599
0.388 0.996599
0.389 0.996599
0.39 0.996599
0.391 0.996599
0.392 0.996599
0.393 0.996599
0.394 0.996599
0.395 0.996599
0.396 0.996599
0.397 0.996599
0.398 0.996599
0.399 0.996599
0.4 1
