400
0 0
0.001 0.0101626
0.002 0.0162602
0.003 0.0223577
0.004 0.0243902
0.005 0.0325203
0.006 0.0406504
0.007 0.0487805
0.008 0.0528455
0.009 0.0609756
0.01 0.0650406
0.011 0.0731707
0.012 0.0873984
0.013 0.0955285
0.014 0.0995935
0.015 0.103659
0.016 0.105691
0.017 0.113821
0.018 0.119919
0.019 0.123984
0.02 0.130081
0.021 0.130081
0.022 0.132114
0.023 0.134146
0.024 0.138211
0.025 0.142276
0.026 0.152439
0.027 0.164634
0.028 0.176829
0.029 0.176829
0.03 0.182927
0.031 0.186992
0.032 0.20122
0.033 0.211382
0.034 0.215447
0.035 0.219512
0.036 0.22561
0.037 0.237805
0.038 0.24187
0.039 0.245935
0.04 0.252033
0.041 0.254065
0.042 0.262195
0.043 0.270325
0.044 0.278455
0.045 0.288618
0.046 0.29065
0.047 0.29878
0.048 0.302846
0.049 0.308943
0.05 0.313008
0.051 0.317073
0.052 0.323171
0.053 0.327236
0.054 0.329268
0.055 0.339431
0.056 0.341463
0.057 0.353659
0.058 0.359756
0.059 0.363821
0.06 0.371951
0.061 0.373984
0.062 0.376016
0.063 0.384146
0.064 0.390244
0.065 0.396341
0.066 0.402439
0.067 0.410569
0.068 0.412602
0.069 0.414634
0.07 0.420732
0.071 0.424797
0.072 0.428862
0.073 0.428862
0.074 0.428862
0.075 0.434959
0.076 0.443089
0.077 0.453252
0.078 0.457317
0.079 0.46748
0.08 0.481707
0.081 0.493902
0.082 0.495935
0.083 0.50813
0.084 0.518293
0.085 0.520325
0.086 0.52439
0.087 0.526423
0.088 0.534553
0.089 0.538618
0.09 0.54065
0.091 0.54878
0.092 0.550813
0.093 0.558943
0.094 0.560976
0.095 0.563008
0.096 0.567073
0.097 0.575203
0.098 0.577236
0.099 0.577236
0.1 0.579268
0.101 0.587398
0.102 0.587398
0.103 0.593496
0.104 0.599593
0.105 0.609756
0.106 0.615854
0.107 0.621951
0.108 0.623984
0.109 0.634146
0.11 0.646341
0.111 0.656504
0.112 0.664634
0.113 0.672764
0.114 0.676829
0.115 0.680894
0.116 0.699187
0.117 0.70935
0.118 0.719512
0.119 0.731707
0.12 0.737805
0.121 0.737805
0.122 0.739837
0.123 0.747967
0.124 0.75
0.125 0.752032
0.126 0.762195
0.127 0.76626
0.128 0.770325
0.129 0.778455
0.13 0.780488
0.131 0.786585
0.132 0.794715
0.133 0.794715
0.134 0.79878
0.135 0.802846
0.136 0.802846
0.137 0.806911
0.138 0.806911
0.139 0.808943
0.14 0.810976
0.141 0.810976
0.142 0.810976
0.143 0.813008
0.144 0.821138
0.145 0.821138
0.146 0.823171
0.147 0.825203
0.148 0.825203
0.149 0.829268
0.15 0.833333
0.151 0.833333
0.152 0.833333
0.153 0.833333
0.154 0.833333
0.155 0.833333
0.156 0.837398
0.157 0.839431
0.158 0.843496
0.159 0.849593
0.16 0.849593
0.161 0.853659
0.162 0.855691
0.163 0.859756
0.164 0.861789
0.165 0.867886
0.166 0.867886
0.167 0.869919
0.168 0.871951
0.169 0.873984
0.17 0.876016
0.171 0.878049
0.172 0.878049
0.173 0.880081
0.174 0.882114
0.175 0.882114
0.176 0.882114
0.177 0.882114
0.178 0.882114
0.179 0.884146
0.18 0.886179
0.181 0.888211
0.182 0.888211
0.183 0.890244
0.184 0.890244
0.185 0.890244
0.186 0.890244
0.187 0.892276
0.188 0.896341
0.189 0.896341
0.19 0.896341
0.191 0.900406
0.192 0.900406
0.193 0.900406
0.194 0.900406
0.195 0.900406
0.196 0.902439
0.197 0.902439
0.198 0.902439
0.199 0.902439
0.2 0.902439
0.201 0.902439
0.202 0.904472
0.203 0.904472
0.204 0.904472
0.205 0.904472
0.206 0.904472
0.207 0.904472
0.208 0.906504
0.209 0.908537
0.21 0.912602
0.211 0.914634
0.212 0.918699
0.213 0.918699
0.214 0.920732
0.215 0.920732
0.216 0.920732
0.217 0.922764
0.218 0.922764
0.219 0.922764
0.22 0.924797
0.221 0.926829
0.222 0.926829
0.223 0.926829
0.224 0.928862
0.225 0.930894
0.226 0.930894
0.227 0.932927
0.228 0.932927
0.229 0.934959
0.23 0.934959
0.231 0.936992
0.232 0.936992
0.233 0.936992
0.234 0.936992
0.235 0.936992
0.236 0.936992
0.237 0.939024
0.238 0.939024
0.239 0.939024
0.24 0.941057
0.241 0.941057
0.242 0.941057
0.243 0.943089
0.244 0.943089
0.245 0.943089
0.246 0.943089
0.247 0.943089
0.248 0.947154
0.249 0.949187
0.25 0.949187
0.251 0.949187
0.252 0.951219
0.253 0.951219
0.254 0.951219
0.255 0.951219
0.256 0.951219
0.257 0.955285
0.258 0.955285
0.259 0.955285
0.26 0.955285
0.261 0.955285
0.262 0.955285
0.263 0.955285
0.264 0.955285
0.265 0.955285
0.266 0.955285
0.267 0.957317
0.268 0.957317
0.269 0.961382
0.27 0.961382
0.271 0.961382
0.272 0.961382
0.273 0.961382
0.274 0.961382
0.275 0.961382
0.276 0.965447
0.277 0.965447
0.278 0.965447
0.279 0.965447
0.28 0.96748
0.281 0.96748
0.282 0.96748
0.283 0.969512
0.284 0.969512
0.285 0.969512
0.286 0.969512
0.287 0.971545
0.288 0.971545
0.289 0.971545
0.29 0.971545
0.291 0.971545
0.292 0.971545
0.293 0.971545
0.294 0.971545
0.295 0.971545
0.296 0.971545
0.297 0.971545
0.298 0.971545
0.299 0.971545
0.3 0.971545
0.301 0.971545
0.302 0.971545
0.303 0.971545
0.304 0.971545
0.305 0.973577
0.306 0.973577
0.307 0.97561
0.308 0.97561
0.309 0.981707
0.31 0.981707
0.311 0.98374
0.312 0.98374
0.313 0.98374
0.314 0.98374
0.315 0.98374
0.316 0.98374
0.317 0.98374
0.318 0.98374
0.319 0.98374
0.32 0.98374
0.321 0.98374
0.322 0.98374
0.323 0.98374
0.324 0.98374
0.325 0.98374
0.326 0.985772
0.327 0.985772
0.328 0.985772
0.329 0.985772
0.33 0.985772
0.331 0.987805
0.332 0.987805
0.333 0.987805
0.334 0.987805
0.335 0.987805
0.336 0.987805
0.337 0.987805
0.338 0.989837
0.339 0.989837
0.34 0.99187
0.341 0.99187
0.342 0.99187
0.343 0.99187
0.344 0.99187
0.345 0.99187
0.346 0.99187
0.347 0.99187
0.348 0.993902
0.349 0.993902
0.35 0.995935
0.351 0.995935
0.352 0.995935
0.353 0.997967
0.354 0.997967
0.355 1
0.356 1
0.357 1
0.358 1
0.359 1
0.36 1
0.361 1
0.362 1
0.363 1
0.364 1
0.365 1
0.366 1
0.367 1
0.368 1
0.369 1
0.37 1
0.371 1
0.372 1
0.373 1
0.374 1
0.375 1
0.376 1
0.377 1
0.378 1
0.379 1
0.38 1
0.381 1
0.382 1
0.383 1
0.384 1
0.385 1
0.386 1
0.387 1
0.388 1
0.389 1
0.39 1
0.391 1
0.392 1
0.393 1
0.394 1
0.395 1
0.396 1
0.397 1
0.398 1
0.399 1
0.4 1
