400
0 0
0.001 0.00417101
0.002 0.0135558
0.003 0.0198123
0.004 0.0239833
0.005 0.0281543
0.006 0.0354536
0.007 0.0427529
0.008 0.0479666
0.009 0.0563087
0.01 0.0594369
0.011 0.0656934
0.012 0.0698644
0.013 0.076121
0.014 0.0823775
0.015 0.088634
0.016 0.0959333
0.017 0.10219
0.018 0.106361
0.019 0.111575
0.02 0.119917
0.021 0.130344
0.022 0.1439
0.023 0.156413
0.024 0.161627
0.025 0.16684
0.026 0.17414
0.027 0.182482
0.028 0.187696
0.029 0.202294
0.03 0.205422
0.031 0.218978
0.032 0.222106
0.033 0.22732
0.034 0.231491
0.035 0.236705
0.036 0.24609
0.037 0.253389
0.038 0.25756
0.039 0.26903
0.04 0.280501
0.041 0.288843
0.042 0.298227
0.043 0.305527
0.044 0.307612
0.045 0.316997
0.046 0.326382
0.047 0.336809
0.048 0.338895
0.049 0.346194
0.05 0.358707
0.051 0.362878
0.052 0.367049
0.053 0.373306
0.054 0.377477
0.055 0.383733
0.056 0.393118
0.057 0.397289
0.058 0.404588
0.059 0.409802
0.06 0.418144
0.061 0.426486
0.062 0.430657
0.063 0.434828
0.064 0.44317
0.065 0.451512
0.066 0.457769
0.067 0.465068
0.068 0.472367
0.069 0.47341
0.07 0.480709
0.071 0.48488
0.072 0.491137
0.073 0.495308
0.074 0.504692
0.075 0.51512
0.076 0.527633
0.077 0.532847
0.078 0.540146
0.079 0.544317
0.08 0.550574
0.081 0.555787
0.082 0.561001
0.083 0.566215
0.084 0.570386
0.085 0.577685
0.086 0.589155
0.087 0.592284
0.088 0.605839
0.089 0.61001
0.09 0.620438
0.091 0.627737
0.092 0.637122
0.093 0.638165
0.094 0.643379
0.095 0.650678
0.096 0.656934
0.097 0.666319
0.098 0.671533
0.099 0.676747
0.1 0.686131
0.101 0.693431
0.102 0.698644
0.103 0.708029
0.104 0.7122
0.105 0.720542
0.106 0.727841
0.107 0.732013
0.108 0.734098
0.109 0.740355
0.11 0.743483
0.111 0.749739
0.112 0.752868
0.113 0.759124
0.114 0.767466
0.115 0.771637
0.116 0.776851
0.117 0.782065
0.118 0.786236
0.119 0.792492
0.12 0.798749
0.121 0.801877
0.122 0.806048
0.123 0.810219
0.124 0.815433
0.125 0.818561
0.126 0.819604
0.127 0.824818
0.128 0.826903
0.129 0.831074
0.13 0.83316
0.131 0.837331
0.132 0.841502
0.133 0.846715
0.134 0.847758
0.135 0.850886
0.136 0.850886
0.137 0.850886
0.138 0.854015
0.139 0.857143
0.14 0.859228
0.141 0.861314
0.142 0.861314
0.143 0.862357
0.144 0.864442
0.145 0.864442
0.146 0.864442
0.147 0.865485
0.148 0.866528
0.149 0.868613
0.15 0.869656
0.151 0.870699
0.152 0.873827
0.153 0.87487
0.154 0.87487
0.155 0.875912
0.156 0.877998
0.157 0.877998
0.158 0.877998
0.159 0.879041
0.16 0.880083
0.161 0.881126
0.162 0.883212
0.163 0.884254
0.164 0.885297
0.165 0.88634
0.166 0.888425
0.167 0.889468
0.168 0.889468
0.169 0.889468
0.17 0.889468
0.171 0.891554
0.172 0.894682
0.173 0.896767
0.174 0.899896
0.175 0.903024
0.176 0.903024
0.177 0.905109
0.178 0.906152
0.179 0.906152
0.18 0.906152
0.181 0.906152
0.182 0.907195
0.183 0.90928
0.184 0.90928
0.185 0.912409
0.186 0.91658
0.187 0.917623
0.188 0.917623
0.189 0.919708
0.19 0.920751
0.191 0.923879
0.192 0.923879
0.193 0.923879
0.194 0.924922
0.195 0.924922
0.196 0.927007
0.197 0.927007
0.198 0.92805
0.199 0.92805
0.2 0.92805
0.201 0.92805
0.202 0.92805
0.203 0.929093
0.204 0.930136
0.205 0.930136
0.206 0.930136
0.207 0.930136
0.208 0.930136
0.209 0.931178
0.21 0.933264
0.211 0.933264
0.212 0.933264
0.213 0.933264
0.214 0.936392
0.215 0.937435
0.216 0.938478
0.217 0.938478
0.218 0.938478
0.219 0.938478
0.22 0.938478
0.221 0.938478
0.222 0.93952
0.223 0.93952
0.224 0.941606
0.225 0.943691
0.226 0.943691
0.227 0.948905
0.228 0.948905
0.229 0.949948
0.23 0.950991
0.231 0.953076
0.232 0.954119
0.233 0.954119
0.234 0.955162
0.235 0.955162
0.236 0.955162
0.237 0.955162
0.238 0.955162
0.239 0.955162
0.24 0.956204
0.241 0.956204
0.242 0.957247
0.243 0.95829
0.244 0.959333
0.245 0.961418
0.246 0.964546
0.247 0.964546
0.248 0.964546
0.249 0.965589
0.25 0.965589
0.251 0.965589
0.252 0.966632
0.253 0.967675
0.254 0.967675
0.255 0.967675
0.256 0.967675
0.257 0.968717
0.258 0.970803
0.259 0.971846
0.26 0.971846
0.261 0.971846
0.262 0.971846
0.263 0.971846
0.264 0.974974
0.265 0.976017
0.266 0.976017
0.267 0.976017
0.268 0.977059
0.269 0.978102
0.27 0.978102
0.271 0.978102
0.272 0.978102
0.273 0.978102
0.274 0.978102
0.275 0.978102
0.276 0.978102
0.277 0.978102
0.278 0.978102
0.279 0.979145
0.28 0.979145
0.281 0.979145
0.282 0.980188
0.283 0.980188
0.284 0.980188
0.285 0.98123
0.286 0.98123
0.287 0.98123
0.288 0.98123
0.289 0.982273
0.29 0.984359
0.291 0.984359
0.292 0.984359
0.293 0.984359
0.294 0.984359
0.295 0.985401
0.296 0.985401
0.297 0.985401
0.298 0.985401
0.299 0.985401
0.3 0.985401
0.301 0.985401
0.302 0.986444
0.303 0.986444
0.304 0.987487
0.305 0.987487
0.306 0.987487
0.307 0.987487
0.308 0.98853
0.309 0.989572
0.31 0.989572
0.311 0.989572
0.312 0.990615
0.313 0.990615
0.314 0.990615
0.315 0.990615
0.316 0.990615
0.317 0.991658
0.318 0.992701
0.319 0.992701
0.32 0.992701
0.321 0.992701
0.322 0.992701
0.323 0.992701
0.324 0.993743
0.325 0.993743
0.326 0.993743
0.327 0.993743
0.328 0.994786
0.329 0.994786
0.33 0.994786
0.331 0.994786
0.332 0.994786
0.333 0.994786
0.334 0.994786
0.335 0.994786
0.336 0.994786
0.337 0.994786
0.338 0.994786
0.339 0.994786
0.34 0.994786
0.341 0.994786
0.342 0.994786
0.343 0.994786
0.344 0.994786
0.345 0.994786
0.346 0.994786
0.347 0.994786
0.348 0.994786
0.349 0.994786
0.35 0.994786
0.351 0.995829
0.352 0.995829
0.353 0.995829
0.354 0.995829
0.355 0.995829
0.356 0.995829
0.357 0.995829
0.358 0.995829
0.359 0.995829
0.36 0.995829
0.361 0.995829
0.362 0.995829
0.363 0.996872
0.364 0.996872
0.365 0.996872
0.366 0.996872
0.367 0.996872
0.368 0.996872
0.369 0.996872
0.37 0.996872
0.371 0.996872
0.372 0.998957
0.373 0.998957
0.374 0.998957
0.375 0.998957
0.376 0.998957
0.377 0.998957
0.378 0.998957
0.379 0.998957
0.38 0.998957
0.381 0.998957
0.382 0.998957
0.383 0.998957
0.384 0.998957
0.385 0.998957
0.386 0.998957
0.387 0.998957
0.388 0.998957
0.389 0.998957
0.39 0.998957
0.391 0.998957
0.392 0.998957
0.393 1
0.394 1
0.395 1
0.396 1
0.397 1
0.398 1
0.399 1
0.4 1
