400
0 0
0.001 0.00197044
0.002 0.00689655
0.003 0.0137931
0.004 0.017734
0.005 0.0256158
0.006 0.0285714
0.007 0.0403941
0.008 0.0463054
0.009 0.0472906
0.01 0.0522167
0.011 0.0541872
0.012 0.0581281
0.013 0.0660099
0.014 0.070936
0.015 0.0778325
0.016 0.0866995
0.017 0.0916256
0.018 0.0975369
0.019 0.101478
0.02 0.107389
0.021 0.118227
0.022 0.127094
0.023 0.131034
0.024 0.136946
0.025 0.140887
0.026 0.148768
0.027 0.153695
0.028 0.162562
0.029 0.170443
0.03 0.175369
0.031 0.183251
0.032 0.190148
0.033 0.192118
0.034 0.19803
0.035 0.203941
0.036 0.207882
0.037 0.210837
0.038 0.217734
0.039 0.219704
0.04 0.227586
0.041 0.234483
0.042 0.238424
0.043 0.242365
0.044 0.251232
0.045 0.259113
0.046 0.263054
0.047 0.26798
0.048 0.273892
0.049 0.276847
0.05 0.285714
0.051 0.29064
0.052 0.295567
0.053 0.301478
0.054 0.306404
0.055 0.310345
0.056 0.316256
0.057 0.324138
0.058 0.328079
0.059 0.335961
0.06 0.338916
0.061 0.343842
0.062 0.346798
0.063 0.353695
0.064 0.357635
0.065 0.365517
0.066 0.370443
0.067 0.376355
0.068 0.384236
0.069 0.390148
0.07 0.394089
0.071 0.397044
0.072 0.405911
0.073 0.410837
0.074 0.416749
0.075 0.42069
0.076 0.432512
0.077 0.434483
0.078 0.444335
0.079 0.453202
0.08 0.459113
0.081 0.46798
0.082 0.474877
0.083 0.480788
0.084 0.484729
0.085 0.494581
0.086 0.497537
0.087 0.502463
0.088 0.505419
0.089 0.51133
0.09 0.516256
0.091 0.524138
0.092 0.531034
0.093 0.538916
0.094 0.542857
0.095 0.553695
0.096 0.558621
0.097 0.564532
0.098 0.568473
0.099 0.57734
0.1 0.582266
0.101 0.593103
0.102 0.597044
0.103 0.60197
0.104 0.607882
0.105 0.612808
0.106 0.617734
0.107 0.623645
0.108 0.627586
0.109 0.635468
0.11 0.641379
0.111 0.650246
0.112 0.656158
0.113 0.662069
0.114 0.66798
0.115 0.677833
0.116 0.682759
0.117 0.691626
0.118 0.696552
0.119 0.698522
0.12 0.703448
0.121 0.710345
0.122 0.7133
0.123 0.715271
0.124 0.723153
0.125 0.726108
0.126 0.730049
0.127 0.734975
0.128 0.740887
0.129 0.750739
0.13 0.75468
0.131 0.760591
0.132 0.763547
0.133 0.770443
0.134 0.774384
0.135 0.778325
0.136 0.781281
0.137 0.791133
0.138 0.793103
0.139 0.79803
0.14 0.800985
0.141 0.803941
0.142 0.806897
0.143 0.811823
0.144 0.814778
0.145 0.819704
0.146 0.821675
0.147 0.823645
0.148 0.827586
0.149 0.829557
0.15 0.831527
0.151 0.834483
0.152 0.837438
0.153 0.838424
0.154 0.841379
0.155 0.842365
0.156 0.844335
0.157 0.849261
0.158 0.850246
0.159 0.851232
0.16 0.856158
0.161 0.856158
0.162 0.856158
0.163 0.861084
0.164 0.862069
0.165 0.864039
0.166 0.865025
0.167 0.86601
0.168 0.866995
0.169 0.866995
0.17 0.868966
0.171 0.869951
0.172 0.872906
0.173 0.873892
0.174 0.875862
0.175 0.876847
0.176 0.879803
0.177 0.880788
0.178 0.882759
0.179 0.883744
0.18 0.884729
0.181 0.885714
0.182 0.885714
0.183 0.88867
0.184 0.889655
0.185 0.889655
0.186 0.893596
0.187 0.894581
0.188 0.895567
0.189 0.895567
0.19 0.896552
0.191 0.897537
0.192 0.899507
0.193 0.901478
0.194 0.903448
0.195 0.903448
0.196 0.903448
0.197 0.904434
0.198 0.905419
0.199 0.906404
0.2 0.906404
0.201 0.908374
0.202 0.908374
0.203 0.910345
0.204 0.913301
0.205 0.914286
0.206 0.915271
0.207 0.916256
0.208 0.917241
0.209 0.917241
0.21 0.917241
0.211 0.917241
0.212 0.917241
0.213 0.918227
0.214 0.919212
0.215 0.919212
0.216 0.921182
0.217 0.922167
0.218 0.923153
0.219 0.925123
0.22 0.926108
0.221 0.926108
0.222 0.927094
0.223 0.928079
0.224 0.929064
0.225 0.929064
0.226 0.929064
0.227 0.929064
0.228 0.930049
0.229 0.931034
0.23 0.93202
0.231 0.93202
0.232 0.93202
0.233 0.93202
0.234 0.933005
0.235 0.933005
0.236 0.934975
0.237 0.936946
0.238 0.936946
0.239 0.936946
0.24 0.937931
0.241 0.937931
0.242 0.940887
0.243 0.940887
0.244 0.941872
0.245 0.943842
0.246 0.943842
0.247 0.943842
0.248 0.943842
0.249 0.946798
0.25 0.947783
0.251 0.948768
0.252 0.948768
0.253 0.950739
0.254 0.951724
0.255 0.951724
0.256 0.951724
0.257 0.953695
0.258 0.953695
0.259 0.953695
0.26 0.953695
0.261 0.953695
0.262 0.953695
0.263 0.953695
0.264 0.953695
0.265 0.95468
0.266 0.955665
0.267 0.957635
0.268 0.958621
0.269 0.959606
0.27 0.959606
0.271 0.959606
0.272 0.960591
0.273 0.960591
0.274 0.961576
0.275 0.961576
0.276 0.961576
0.277 0.962562
0.278 0.962562
0.279 0.963547
0.28 0.963547
0.281 0.964532
0.282 0.964532
0.283 0.964532
0.284 0.964532
0.285 0.965517
0.286 0.966502
0.287 0.967488
0.288 0.969458
0.289 0.969458
0.29 0.970443
0.291 0.970443
0.292 0.971429
0.293 0.971429
0.294 0.971429
0.295 0.972414
0.296 0.972414
0.297 0.973399
0.298 0.974384
0.299 0.975369
0.3 0.976355
0.301 0.976355
0.302 0.97734
0.303 0.978325
0.304 0.978325
0.305 0.978325
0.306 0.978325
0.307 0.978325
0.308 0.978325
0.309 0.97931
0.31 0.97931
0.311 0.980296
0.312 0.980296
0.313 0.980296
0.314 0.980296
0.315 0.980296
0.316 0.982266
0.317 0.982266
0.318 0.982266
0.319 0.982266
0.32 0.982266
0.321 0.982266
0.322 0.982266
0.323 0.982266
0.324 0.983251
0.325 0.983251
0.326 0.983251
0.327 0.983251
0.328 0.983251
0.329 0.983251
0.33 0.983251
0.331 0.983251
0.332 0.984236
0.333 0.985222
0.334 0.986207
0.335 0.986207
0.336 0.986207
0.337 0.986207
0.338 0.987192
0.339 0.987192
0.34 0.987192
0.341 0.988177
0.342 0.988177
0.343 0.988177
0.344 0.989163
0.345 0.990148
0.346 0.990148
0.347 0.990148
0.348 0.991133
0.349 0.991133
0.35 0.991133
0.351 0.991133
0.352 0.991133
0.353 0.991133
0.354 0.991133
0.355 0.991133
0.356 0.991133
0.357 0.992118
0.358 0.992118
0.359 0.993103
0.36 0.993103
0.361 0.994089
0.362 0.994089
0.363 0.994089
0.364 0.994089
0.365 0.994089
0.366 0.994089
0.367 0.994089
0.368 0.994089
0.369 0.994089
0.37 0.994089
0.371 0.994089
0.372 0.994089
0.373 0.995074
0.374 0.995074
0.375 0.995074
0.376 0.995074
0.377 0.995074
0.378 0.995074
0.379 0.995074
0.38 0.995074
0.381 0.995074
0.382 0.995074
0.383 0.996059
0.384 0.996059
0.385 0.996059
0.386 0.997044
0.387 0.997044
0.388 0.999015
0.389 0.999015
0.39 0.999015
0.391 0.999015
0.392 0.999015
0.393 0.999015
0.394 0.999015
0.395 0.999015
0.396 0.999015
0.397 1
0.398 1
0.399 1
0.4 1
