400
0 0
0.001 0.00520833
0.002 0.0104167
0.003 0.0178571
0.004 0.0238095
0.005 0.03125
0.006 0.0409226
0.007 0.0431548
0.008 0.0513393
0.009 0.0565476
0.01 0.0647321
0.011 0.0669643
0.012 0.0721726
0.013 0.078869
0.014 0.0833333
0.015 0.0870536
0.016 0.09375
0.017 0.102679
0.018 0.108631
0.019 0.115327
0.02 0.122024
0.021 0.125
0.022 0.130208
0.023 0.133929
0.024 0.139137
0.025 0.145833
0.026 0.153274
0.027 0.159226
0.028 0.165923
0.029 0.171131
0.03 0.177827
0.031 0.18378
0.032 0.19122
0.033 0.195685
0.034 0.200893
0.035 0.210565
0.036 0.21503
0.037 0.22247
0.038 0.228423
0.039 0.235863
0.04 0.238839
0.041 0.247768
0.042 0.255952
0.043 0.261161
0.044 0.268601
0.045 0.273065
0.046 0.278274
0.047 0.284226
0.048 0.290179
0.049 0.296875
0.05 0.304315
0.051 0.311756
0.052 0.319196
0.053 0.327381
0.054 0.335565
0.055 0.342262
0.056 0.349702
0.057 0.357143
0.058 0.365327
0.059 0.37128
0.06 0.373512
0.061 0.383185
0.062 0.386905
0.063 0.392113
0.064 0.39881
0.065 0.403274
0.066 0.407738
0.067 0.411458
0.068 0.419643
0.069 0.426339
0.07 0.433036
0.071 0.435268
0.072 0.442708
0.073 0.444196
0.074 0.450149
0.075 0.456845
0.076 0.46503
0.077 0.474702
0.078 0.479911
0.079 0.483631
0.08 0.488839
0.081 0.494792
0.082 0.502976
0.083 0.505952
0.084 0.510417
0.085 0.519345
0.086 0.528274
0.087 0.532738
0.088 0.537946
0.089 0.543899
0.09 0.546875
0.091 0.554315
0.092 0.556548
0.093 0.566964
0.094 0.576637
0.095 0.580357
0.096 0.583333
0.097 0.594494
0.098 0.599702
0.099 0.604167
0.1 0.613839
0.101 0.619792
0.102 0.627976
0.103 0.636161
0.104 0.640625
0.105 0.648065
0.106 0.654762
0.107 0.662202
0.108 0.669643
0.109 0.674107
0.11 0.680804
0.111 0.689732
0.112 0.697917
0.113 0.701637
0.114 0.708333
0.115 0.71131
0.116 0.71875
0.117 0.723214
0.118 0.731399
0.119 0.738095
0.12 0.741071
0.121 0.74628
0.122 0.751488
0.123 0.755952
0.124 0.763393
0.125 0.770089
0.126 0.776786
0.127 0.78125
0.128 0.785714
0.129 0.793155
0.13 0.796131
0.131 0.802083
0.132 0.807292
0.133 0.810268
0.134 0.813988
0.135 0.816964
0.136 0.819196
0.137 0.822173
0.138 0.825149
0.139 0.831101
0.14 0.833333
0.141 0.834821
0.142 0.838542
0.143 0.840774
0.144 0.842262
0.145 0.844494
0.146 0.845238
0.147 0.845982
0.148 0.846726
0.149 0.848214
0.15 0.85119
0.151 0.852679
0.152 0.853423
0.153 0.857143
0.154 0.857143
0.155 0.859375
0.156 0.861607
0.157 0.861607
0.158 0.865327
0.159 0.866815
0.16 0.869792
0.161 0.870536
0.162 0.875744
0.163 0.879464
0.164 0.88244
0.165 0.88244
0.166 0.883185
0.167 0.884673
0.168 0.886161
0.169 0.886905
0.17 0.887649
0.171 0.888393
0.172 0.891369
0.173 0.893601
0.174 0.895089
0.175 0.896577
0.176 0.897321
0.177 0.899554
0.178 0.900298
0.179 0.901042
0.18 0.903274
0.181 0.904018
0.182 0.904018
0.183 0.904762
0.184 0.904762
0.185 0.90997
0.186 0.912946
0.187 0.915179
0.188 0.915923
0.189 0.917411
0.19 0.918899
0.191 0.920387
0.192 0.922619
0.193 0.925595
0.194 0.925595
0.195 0.925595
0.196 0.925595
0.197 0.927083
0.198 0.927083
0.199 0.927083
0.2 0.929315
0.201 0.93006
0.202 0.931548
0.203 0.931548
0.204 0.932292
0.205 0.934524
0.206 0.935268
0.207 0.935268
0.208 0.9375
0.209 0.938988
0.21 0.938988
0.211 0.938988
0.212 0.939732
0.213 0.941964
0.214 0.942708
0.215 0.943452
0.216 0.943452
0.217 0.944196
0.218 0.94494
0.219 0.945685
0.22 0.946429
0.221 0.947917
0.222 0.949405
0.223 0.950149
0.224 0.950149
0.225 0.950893
0.226 0.951637
0.227 0.952381
0.228 0.953125
0.229 0.953869
0.23 0.953869
0.231 0.955357
0.232 0.956845
0.233 0.957589
0.234 0.958333
0.235 0.958333
0.236 0.958333
0.237 0.959077
0.238 0.959077
0.239 0.959821
0.24 0.960566
0.241 0.963542
0.242 0.963542
0.243 0.966518
0.244 0.966518
0.245 0.967262
0.246 0.96875
0.247 0.970238
0.248 0.970982
0.249 0.97247
0.25 0.97247
0.251 0.974702
0.252 0.975446
0.253 0.976935
0.254 0.977679
0.255 0.979911
0.256 0.980655
0.257 0.980655
0.258 0.980655
0.259 0.981399
0.26 0.982143
0.261 0.982887
0.262 0.983631
0.263 0.983631
0.264 0.983631
0.265 0.985119
0.266 0.985119
0.267 0.985119
0.268 0.985119
0.269 0.985119
0.27 0.985119
0.271 0.985863
0.272 0.985863
0.273 0.985863
0.274 0.985863
0.275 0.986607
0.276 0.987351
0.277 0.988095
0.278 0.988095
0.279 0.989583
0.28 0.989583
0.281 0.991071
0.282 0.991816
0.283 0.991816
0.284 0.991816
0.285 0.991816
0.286 0.99256
0.287 0.99256
0.288 0.99256
0.289 0.99256
0.29 0.99256
0.291 0.99256
0.292 0.99256
0.293 0.99256
0.294 0.994048
0.295 0.994792
0.296 0.995536
0.297 0.995536
0.298 0.995536
0.299 0.995536
0.3 0.995536
0.301 0.995536
0.302 0.995536
0.303 0.995536
0.304 0.995536
0.305 0.995536
0.306 0.995536
0.307 0.995536
0.308 0.995536
0.309 0.99628
0.31 0.997024
0.311 0.997024
0.312 0.997024
0.313 0.997024
0.314 0.997024
0.315 0.997024
0.316 0.997024
0.317 0.997024
0.318 0.997024
0.319 0.997024
0.32 0.997024
0.321 0.997024
0.322 0.997024
0.323 0.997024
0.324 0.997024
0.325 0.997024
0.326 0.997024
0.327 0.997024
0.328 0.997024
0.329 0.997024
0.33 0.997024
0.331 0.997024
0.332 0.997024
0.333 0.997024
0.334 0.997024
0.335 0.997024
0.336 0.997024
0.337 0.997024
0.338 0.997024
0.339 0.997024
0.34 0.997024
0.341 0.997768
0.342 0.997768
0.343 0.997768
0.344 0.997768
0.345 0.997768
0.346 0.997768
0.347 0.997768
0.348 0.997768
0.349 0.997768
0.35 0.997768
0.351 0.997768
0.352 0.997768
0.353 0.997768
0.354 0.998512
0.355 0.998512
0.356 0.998512
0.357 0.998512
0.358 0.998512
0.359 0.998512
0.36 0.998512
0.361 0.999256
0.362 0.999256
0.363 0.999256
0.364 0.999256
0.365 0.999256
0.366 0.999256
0.367 0.999256
0.368 0.999256
0.369 0.999256
0.37 0.999256
0.371 0.999256
0.372 0.999256
0.373 1
0.374 1
0.375 1
0.376 1
0.377 1
0.378 1
0.379 1
0.38 1
0.381 1
0.382 1
0.383 1
0.384 1
0.385 1
0.386 1
0.387 1
0.388 1
0.389 1
0.39 1
0.391 1
0.392 1
0.393 1
0.394 1
0.395 1
0.396 1
0.397 1
0.398 1
0.399 1
0.4 1
