400
0 0
0.001 0.00387898
0.002 0.0124127
0.003 0.0193949
0.004 0.0248254
0.005 0.0310318
0.006 0.0356866
0.007 0.0434445
0.008 0.0527541
0.009 0.0589604
0.01 0.064391
0.011 0.0729247
0.012 0.0783553
0.013 0.0853375
0.014 0.0892164
0.015 0.0954228
0.016 0.104732
0.017 0.110163
0.018 0.116369
0.019 0.121024
0.02 0.134213
0.021 0.140419
0.022 0.146625
0.023 0.154383
0.024 0.159814
0.025 0.16602
0.026 0.171451
0.027 0.178433
0.028 0.184639
0.029 0.189294
0.03 0.197828
0.031 0.201707
0.032 0.208689
0.033 0.216447
0.034 0.221877
0.035 0.231963
0.036 0.236618
0.037 0.2436
0.038 0.252909
0.039 0.261443
0.04 0.269201
0.041 0.273856
0.042 0.279286
0.043 0.28782
0.044 0.296354
0.045 0.303336
0.046 0.308766
0.047 0.314973
0.048 0.319628
0.049 0.32661
0.05 0.332816
0.051 0.340574
0.052 0.34678
0.053 0.359193
0.054 0.364624
0.055 0.370054
0.056 0.377036
0.057 0.387898
0.058 0.39488
0.059 0.398759
0.06 0.40962
0.061 0.418154
0.062 0.421257
0.063 0.429015
0.064 0.443755
0.065 0.457719
0.066 0.464701
0.067 0.467804
0.068 0.475562
0.069 0.485648
0.07 0.490303
0.071 0.498061
0.072 0.505043
0.073 0.512025
0.074 0.51668
0.075 0.525989
0.076 0.532195
0.077 0.539178
0.078 0.545384
0.079 0.553142
0.08 0.558573
0.081 0.565555
0.082 0.567882
0.083 0.576416
0.084 0.584174
0.085 0.591932
0.086 0.600465
0.087 0.608999
0.088 0.618309
0.089 0.625291
0.09 0.630721
0.091 0.636928
0.092 0.641583
0.093 0.648565
0.094 0.65865
0.095 0.666408
0.096 0.671063
0.097 0.675718
0.098 0.680372
0.099 0.686579
0.1 0.689682
0.101 0.695112
0.102 0.704422
0.103 0.710628
0.104 0.715283
0.105 0.723041
0.106 0.72692
0.107 0.730799
0.108 0.73623
0.109 0.744763
0.11 0.750194
0.111 0.7564
0.112 0.759503
0.113 0.771916
0.114 0.778123
0.115 0.783553
0.116 0.787432
0.117 0.796742
0.118 0.802948
0.119 0.807603
0.12 0.813809
0.121 0.820791
0.122 0.825446
0.123 0.826998
0.124 0.830877
0.125 0.836307
0.126 0.83941
0.127 0.844841
0.128 0.847944
0.129 0.854151
0.13 0.858029
0.131 0.862684
0.132 0.865012
0.133 0.869666
0.134 0.871218
0.135 0.874321
0.136 0.875873
0.137 0.8782
0.138 0.882079
0.139 0.883631
0.14 0.884407
0.141 0.88751
0.142 0.889061
0.143 0.890613
0.144 0.891389
0.145 0.895268
0.146 0.896043
0.147 0.897595
0.148 0.899922
0.149 0.901474
0.15 0.90225
0.151 0.903801
0.152 0.903801
0.153 0.906129
0.154 0.90768
0.155 0.910008
0.156 0.913111
0.157 0.915438
0.158 0.919317
0.159 0.920093
0.16 0.920869
0.161 0.92242
0.162 0.923196
0.163 0.924748
0.164 0.926299
0.165 0.927075
0.166 0.927851
0.167 0.929403
0.168 0.930954
0.169 0.93173
0.17 0.934057
0.171 0.936385
0.172 0.936385
0.173 0.937161
0.174 0.937936
0.175 0.939488
0.176 0.941815
0.177 0.941815
0.178 0.944143
0.179 0.944919
0.18 0.94647
0.181 0.94647
0.182 0.948022
0.183 0.948798
0.184 0.948798
0.185 0.950349
0.186 0.950349
0.187 0.951901
0.188 0.951901
0.189 0.952676
0.19 0.955004
0.191 0.95578
0.192 0.957331
0.193 0.958883
0.194 0.959659
0.195 0.960434
0.196 0.961986
0.197 0.961986
0.198 0.963538
0.199 0.964313
0.2 0.965089
0.201 0.965865
0.202 0.967417
0.203 0.968192
0.204 0.969744
0.205 0.971296
0.206 0.972847
0.207 0.973623
0.208 0.974399
0.209 0.975175
0.21 0.977502
0.211 0.977502
0.212 0.977502
0.213 0.978278
0.214 0.979054
0.215 0.980605
0.216 0.982157
0.217 0.983708
0.218 0.983708
0.219 0.983708
0.22 0.984484
0.221 0.984484
0.222 0.98526
0.223 0.986036
0.224 0.986811
0.225 0.988363
0.226 0.988363
0.227 0.988363
0.228 0.989139
0.229 0.989139
0.23 0.99069
0.231 0.991466
0.232 0.991466
0.233 0.991466
0.234 0.992242
0.235 0.993018
0.236 0.993018
0.237 0.993018
0.238 0.993018
0.239 0.993018
0.24 0.993794
0.241 0.995345
0.242 0.995345
0.243 0.995345
0.244 0.995345
0.245 0.996121
0.246 0.996121
0.247 0.996121
0.248 0.996121
0.249 0.996121
0.25 0.996121
0.251 0.996121
0.252 0.996897
0.253 0.996897
0.254 0.996897
0.255 0.996897
0.256 0.996897
0.257 0.996897
0.258 0.996897
0.259 0.996897
0.26 0.996897
0.261 0.996897
0.262 0.996897
0.263 0.996897
0.264 0.996897
0.265 0.996897
0.266 0.997673
0.267 0.997673
0.268 0.997673
0.269 0.997673
0.27 0.997673
0.271 0.997673
0.272 0.997673
0.273 0.997673
0.274 0.997673
0.275 0.997673
0.276 0.997673
0.277 0.997673
0.278 0.997673
0.279 0.997673
0.28 0.997673
0.281 0.997673
0.282 0.997673
0.283 0.997673
0.284 0.997673
0.285 0.997673
0.286 0.997673
0.287 0.997673
0.288 0.997673
0.289 0.997673
0.29 0.997673
0.291 0.997673
0.292 0.997673
0.293 0.997673
0.294 0.997673
0.295 0.997673
0.296 0.997673
0.297 0.997673
0.298 0.997673
0.299 0.997673
0.3 0.997673
0.301 0.997673
0.302 0.997673
0.303 0.997673
0.304 0.997673
0.305 0.997673
0.306 0.997673
0.307 0.997673
0.308 0.997673
0.309 0.997673
0.31 0.997673
0.311 0.997673
0.312 0.997673
0.313 0.997673
0.314 0.997673
0.315 0.998448
0.316 0.998448
0.317 0.998448
0.318 0.998448
0.319 0.999224
0.32 0.999224
0.321 0.999224
0.322 0.999224
0.323 0.999224
0.324 0.999224
0.325 0.999224
0.326 1
0.327 1
0.328 1
0.329 1
0.33 1
0.331 1
0.332 1
0.333 1
0.334 1
0.335 1
0.336 1
0.337 1
0.338 1
0.339 1
0.34 1
0.341 1
0.342 1
0.343 1
0.344 1
0.345 1
0.346 1
0.347 1
0.348 1
0.349 1
0.35 1
0.351 1
0.352 1
0.353 1
0.354 1
0.355 1
0.356 1
0.357 1
0.358 1
0.359 1
0.36 1
0.361 1
0.362 1
0.363 1
0.364 1
0.365 1
0.366 1
0.367 1
0.368 1
0.369 1
0.37 1
0.371 1
0.372 1
0.373 1
0.374 1
0.375 1
0.376 1
0.377 1
0.378 1
0.379 1
0.38 1
0.381 1
0.382 1
0.383 1
0.384 1
0.385 1
0.386 1
0.387 1
0.388 1
0.389 1
0.39 1
0.391 1
0.392 1
0.393 1
0.394 1
0.395 1
0.396 1
0.397 1
0.398 1
0.399 1
0.4 1
