400
0 0
0.001 0.010906
0.002 0.0159396
0.003 0.022651
0.004 0.0285235
0.005 0.0369128
0.006 0.0419463
0.007 0.0478188
0.008 0.0587248
0.009 0.0721477
0.01 0.0780201
0.011 0.0822148
0.012 0.0880872
0.013 0.0956376
0.014 0.104027
0.015 0.114933
0.016 0.119128
0.017 0.124161
0.018 0.131711
0.019 0.138423
0.02 0.145973
0.021 0.155201
0.022 0.166107
0.023 0.17198
0.024 0.17953
0.025 0.184564
0.026 0.188758
0.027 0.193792
0.028 0.196309
0.029 0.198826
0.03 0.203859
0.031 0.213087
0.032 0.222315
0.033 0.227349
0.034 0.238255
0.035 0.245805
0.036 0.252517
0.037 0.263423
0.038 0.267617
0.039 0.278523
0.04 0.288591
0.041 0.295302
0.042 0.301174
0.043 0.30453
0.044 0.313758
0.045 0.323826
0.046 0.331376
0.047 0.334732
0.048 0.339765
0.049 0.347315
0.05 0.354027
0.051 0.35906
0.052 0.360738
0.053 0.375
0.054 0.378356
0.055 0.385906
0.056 0.394295
0.057 0.401846
0.058 0.408557
0.059 0.41443
0.06 0.422819
0.061 0.434564
0.062 0.444631
0.063 0.45302
0.064 0.455537
0.065 0.467282
0.066 0.475671
0.067 0.484899
0.068 0.490772
0.069 0.494128
0.07 0.501678
0.071 0.511745
0.072 0.521812
0.073 0.525168
0.074 0.535235
0.075 0.543624
0.076 0.556208
0.077 0.567114
0.078 0.572148
0.079 0.574664
0.08 0.580537
0.081 0.587248
0.082 0.590604
0.083 0.598993
0.084 0.605705
0.085 0.610738
0.086 0.615772
0.087 0.623322
0.088 0.630872
0.089 0.637584
0.09 0.646812
0.091 0.655201
0.092 0.667785
0.093 0.675336
0.094 0.682886
0.095 0.689597
0.096 0.694631
0.097 0.705537
0.098 0.71057
0.099 0.719799
0.1 0.72651
0.101 0.734899
0.102 0.739933
0.103 0.744966
0.104 0.749161
0.105 0.755034
0.106 0.760067
0.107 0.76594
0.108 0.772651
0.109 0.777685
0.11 0.78104
0.111 0.786913
0.112 0.790268
0.113 0.793624
0.114 0.799497
0.115 0.80453
0.116 0.806208
0.117 0.810403
0.118 0.819631
0.119 0.826342
0.12 0.829698
0.121 0.83557
0.122 0.842282
0.123 0.846477
0.124 0.85906
0.125 0.861577
0.126 0.869128
0.127 0.871644
0.128 0.876678
0.129 0.878356
0.13 0.88255
0.131 0.884228
0.132 0.887584
0.133 0.890101
0.134 0.891779
0.135 0.894295
0.136 0.89849
0.137 0.89849
0.138 0.902685
0.139 0.903523
0.14 0.904362
0.141 0.910235
0.142 0.913591
0.143 0.916107
0.144 0.917785
0.145 0.917785
0.146 0.920302
0.147 0.920302
0.148 0.921141
0.149 0.922819
0.15 0.926174
0.151 0.928691
0.152 0.930369
0.153 0.932047
0.154 0.932886
0.155 0.937081
0.156 0.937919
0.157 0.937919
0.158 0.937919
0.159 0.937919
0.16 0.937919
0.161 0.938758
0.162 0.941275
0.163 0.942953
0.164 0.942953
0.165 0.943792
0.166 0.944631
0.167 0.946309
0.168 0.947148
0.169 0.947987
0.17 0.950503
0.171 0.950503
0.172 0.952181
0.173 0.952181
0.174 0.95302
0.175 0.95302
0.176 0.954698
0.177 0.954698
0.178 0.956376
0.179 0.957215
0.18 0.958054
0.181 0.958893
0.182 0.958893
0.183 0.959732
0.184 0.959732
0.185 0.96057
0.186 0.961409
0.187 0.963926
0.188 0.963926
0.189 0.963926
0.19 0.963926
0.191 0.964765
0.192 0.965604
0.193 0.966443
0.194 0.966443
0.195 0.966443
0.196 0.96896
0.197 0.969799
0.198 0.969799
0.199 0.971477
0.2 0.971477
0.201 0.972315
0.202 0.973993
0.203 0.975671
0.204 0.97651
0.205 0.977349
0.206 0.978188
0.207 0.979027
0.208 0.979866
0.209 0.979866
0.21 0.980705
0.211 0.980705
0.212 0.981544
0.213 0.981544
0.214 0.982383
0.215 0.982383
0.216 0.983221
0.217 0.98406
0.218 0.984899
0.219 0.985738
0.22 0.985738
0.221 0.985738
0.222 0.986577
0.223 0.987416
0.224 0.989094
0.225 0.989094
0.226 0.989933
0.227 0.990772
0.228 0.990772
0.229 0.990772
0.23 0.991611
0.231 0.99245
0.232 0.99245
0.233 0.993289
0.234 0.994128
0.235 0.994966
0.236 0.994966
0.237 0.994966
0.238 0.995805
0.239 0.995805
0.24 0.995805
0.241 0.995805
0.242 0.996644
0.243 0.996644
0.244 0.996644
0.245 0.996644
0.246 0.996644
0.247 0.997483
0.248 0.997483
0.249 0.997483
0.25 0.997483
0.251 0.997483
0.252 0.997483
0.253 0.997483
0.254 0.998322
0.255 0.999161
0.256 0.999161
0.257 0.999161
0.258 0.999161
0.259 0.999161
0.26 0.999161
0.261 0.999161
0.262 0.999161
0.263 0.999161
0.264 0.999161
0.265 0.999161
0.266 0.999161
0.267 0.999161
0.268 0.999161
0.269 0.999161
0.27 0.999161
0.271 0.999161
0.272 0.999161
0.273 0.999161
0.274 0.999161
0.275 0.999161
0.276 0.999161
0.277 0.999161
0.278 0.999161
0.279 0.999161
0.28 0.999161
0.281 0.999161
0.282 0.999161
0.283 0.999161
0.284 0.999161
0.285 0.999161
0.286 0.999161
0.287 0.999161
0.288 0.999161
0.289 0.999161
0.29 0.999161
0.291 0.999161
0.292 0.999161
0.293 0.999161
0.294 0.999161
0.295 0.999161
0.296 0.999161
0.297 0.999161
0.298 0.999161
0.299 0.999161
0.3 0.999161
0.301 0.999161
0.302 0.999161
0.303 0.999161
0.304 0.999161
0.305 0.999161
0.306 0.999161
0.307 0.999161
0.308 0.999161
0.309 0.999161
0.31 0.999161
0.311 0.999161
0.312 0.999161
0.313 0.999161
0.314 0.999161
0.315 0.999161
0.316 0.999161
0.317 0.999161
0.318 0.999161
0.319 0.999161
0.32 0.999161
0.321 0.999161
0.322 0.999161
0.323 0.999161
0.324 0.999161
0.325 0.999161
0.326 0.999161
0.327 0.999161
0.328 0.999161
0.329 0.999161
0.33 0.999161
0.331 0.999161
0.332 0.999161
0.333 0.999161
0.334 0.999161
0.335 0.999161
0.336 0.999161
0.337 0.999161
0.338 0.999161
0.339 0.999161
0.34 0.999161
0.341 0.999161
0.342 0.999161
0.343 0.999161
0.344 0.999161
0.345 0.999161
0.346 0.999161
0.347 0.999161
0.348 0.999161
0.349 0.999161
0.35 0.999161
0.351 0.999161
0.352 0.999161
0.353 0.999161
0.354 0.999161
0.355 0.999161
0.356 0.999161
0.357 0.999161
0.358 0.999161
0.359 0.999161
0.36 0.999161
0.361 0.999161
0.362 0.999161
0.363 0.999161
0.364 0.999161
0.365 0.999161
0.366 0.999161
0.367 0.999161
0.368 0.999161
0.369 0.999161
0.37 0.999161
0.371 0.999161
0.372 0.999161
0.373 0.999161
0.374 0.999161
0.375 0.999161
0.376 0.999161
0.377 0.999161
0.378 0.999161
0.379 0.999161
0.38 0.999161
0.381 0.999161
0.382 0.999161
0.383 0.999161
0.384 0.999161
0.385 0.999161
0.386 0.999161
0.387 0.999161
0.388 0.999161
0.389 1
0.39 1
0.391 1
0.392 1
0.393 1
0.394 1
0.395 1
0.396 1
0.397 1
0.398 1
0.399 1
0.4 1
