400
0 0
0.001 0.00382409
0.002 0.00573614
0.003 0.0143403
0.004 0.0200765
0.005 0.0258126
0.006 0.0344168
0.007 0.041109
0.008 0.043021
0.009 0.0478011
0.01 0.0544933
0.011 0.0688337
0.012 0.0745698
0.013 0.0783939
0.014 0.085086
0.015 0.0908222
0.016 0.101338
0.017 0.110899
0.018 0.118547
0.019 0.127151
0.02 0.132887
0.021 0.137667
0.022 0.145315
0.023 0.152008
0.024 0.159656
0.025 0.171128
0.026 0.178776
0.027 0.1826
0.028 0.191205
0.029 0.196941
0.03 0.202677
0.031 0.209369
0.032 0.214149
0.033 0.217973
0.034 0.225621
0.035 0.23805
0.036 0.24283
0.037 0.248566
0.038 0.254302
0.039 0.258126
0.04 0.26673
0.041 0.270554
0.042 0.278203
0.043 0.290631
0.044 0.293499
0.045 0.303059
0.046 0.313576
0.047 0.315488
0.048 0.320268
0.049 0.327916
0.05 0.333652
0.051 0.34608
0.052 0.356597
0.053 0.361377
0.054 0.373805
0.055 0.377629
0.056 0.384321
0.057 0.391969
0.058 0.402486
0.059 0.409178
0.06 0.41587
0.061 0.418738
0.062 0.422562
0.063 0.437859
0.064 0.444551
0.065 0.454111
0.066 0.460803
0.067 0.470363
0.068 0.477055
0.069 0.482792
0.07 0.48566
0.071 0.49522
0.072 0.502868
0.073 0.508604
0.074 0.517208
0.075 0.524857
0.076 0.531549
0.077 0.536329
0.078 0.541109
0.079 0.547801
0.08 0.554493
0.081 0.560229
0.082 0.566922
0.083 0.578394
0.084 0.587954
0.085 0.59369
0.086 0.606119
0.087 0.615679
0.088 0.622371
0.089 0.631931
0.09 0.637667
0.091 0.646272
0.092 0.655832
0.093 0.660612
0.094 0.667304
0.095 0.675908
0.096 0.681644
0.097 0.695029
0.098 0.708413
0.099 0.717973
0.1 0.728489
0.101 0.73805
0.102 0.744742
0.103 0.75239
0.104 0.763862
0.105 0.772467
0.106 0.778203
0.107 0.782983
0.108 0.792543
0.109 0.797323
0.11 0.806883
0.111 0.815488
0.112 0.825048
0.113 0.832696
0.114 0.835564
0.115 0.843212
0.116 0.849904
0.117 0.853728
0.118 0.861377
0.119 0.869025
0.12 0.875717
0.121 0.877629
0.122 0.882409
0.123 0.884321
0.124 0.887189
0.125 0.889101
0.126 0.891969
0.127 0.894837
0.128 0.899618
0.129 0.903442
0.13 0.905354
0.131 0.908222
0.132 0.909178
0.133 0.91109
0.134 0.91587
0.135 0.918738
0.136 0.919694
0.137 0.919694
0.138 0.921606
0.139 0.923518
0.14 0.92543
0.141 0.927342
0.142 0.927342
0.143 0.927342
0.144 0.928298
0.145 0.93021
0.146 0.933078
0.147 0.933078
0.148 0.934034
0.149 0.93499
0.15 0.935946
0.151 0.935946
0.152 0.936902
0.153 0.937858
0.154 0.938815
0.155 0.939771
0.156 0.939771
0.157 0.940727
0.158 0.941683
0.159 0.942639
0.16 0.944551
0.161 0.944551
0.162 0.944551
0.163 0.945507
0.164 0.947419
0.165 0.948375
0.166 0.949331
0.167 0.950287
0.168 0.951243
0.169 0.952199
0.17 0.953155
0.171 0.955067
0.172 0.956023
0.173 0.956023
0.174 0.956979
0.175 0.956979
0.176 0.957935
0.177 0.957935
0.178 0.957935
0.179 0.958891
0.18 0.959847
0.181 0.961759
0.182 0.962715
0.183 0.963671
0.184 0.965583
0.185 0.965583
0.186 0.965583
0.187 0.965583
0.188 0.965583
0.189 0.966539
0.19 0.966539
0.191 0.966539
0.192 0.966539
0.193 0.966539
0.194 0.967495
0.195 0.969407
0.196 0.971319
0.197 0.971319
0.198 0.972275
0.199 0.975143
0.2 0.975143
0.201 0.976099
0.202 0.978011
0.203 0.978011
0.204 0.978011
0.205 0.979924
0.206 0.979924
0.207 0.98088
0.208 0.98088
0.209 0.984704
0.21 0.98566
0.211 0.986616
0.212 0.986616
0.213 0.986616
0.214 0.986616
0.215 0.987572
0.216 0.988528
0.217 0.989484
0.218 0.989484
0.219 0.989484
0.22 0.989484
0.221 0.99044
0.222 0.99044
0.223 0.991396
0.224 0.991396
0.225 0.992352
0.226 0.993308
0.227 0.994264
0.228 0.994264
0.229 0.99522
0.23 0.99522
0.231 0.99522
0.232 0.99522
0.233 0.99522
0.234 0.99522
0.235 0.99522
0.236 0.99522
0.237 0.99522
0.238 0.99522
0.239 0.99522
0.24 0.996176
0.241 0.997132
0.242 0.997132
0.243 0.998088
0.244 0.998088
0.245 0.998088
0.246 0.998088
0.247 0.998088
0.248 0.998088
0.249 0.998088
0.25 0.998088
0.251 0.998088
0.252 0.998088
0.253 0.998088
0.254 0.998088
0.255 0.998088
0.256 0.998088
0.257 0.998088
0.258 0.998088
0.259 0.998088
0.26 0.998088
0.261 0.998088
0.262 0.998088
0.263 0.998088
0.264 0.998088
0.265 0.998088
0.266 0.998088
0.267 0.998088
0.268 0.999044
0.269 0.999044
0.27 0.999044
0.271 0.999044
0.272 0.999044
0.273 0.999044
0.274 0.999044
0.275 0.999044
0.276 0.999044
0.277 0.999044
0.278 0.999044
0.279 0.999044
0.28 0.999044
0.281 1
0.282 1
0.283 1
0.284 1
0.285 1
0.286 1
0.287 1
0.288 1
0.289 1
0.29 1
0.291 1
0.292 1
0.293 1
0.294 1
0.295 1
0.296 1
0.297 1
0.298 1
0.299 1
0.3 1
0.301 1
0.302 1
0.303 1
0.304 1
0.305 1
0.306 1
0.307 1
0.308 1
0.309 1
0.31 1
0.311 1
0.312 1
0.313 1
0.314 1
0.315 1
0.316 1
0.317 1
0.318 1
0.319 1
0.32 1
0.321 1
0.322 1
0.323 1
0.324 1
0.325 1
0.326 1
0.327 1
0.328 1
0.329 1
0.33 1
0.331 1
0.332 1
0.333 1
0.334 1
0.335 1
0.336 1
0.337 1
0.338 1
0.339 1
0.34 1
0.341 1
0.342 1
0.343 1
0.344 1
0.345 1
0.346 1
0.347 1
0.348 1
0.349 1
0.35 1
0.351 1
0.352 1
0.353 1
0.354 1
0.355 1
0.356 1
0.357 1
0.358 1
0.359 1
0.36 1
0.361 1
0.362 1
0.363 1
0.364 1
0.365 1
0.366 1
0.367 1
0.368 1
0.369 1
0.37 1
0.371 1
0.372 1
0.373 1
0.374 1
0.375 1
0.376 1
0.377 1
0.378 1
0.379 1
0.38 1
0.381 1
0.382 1
0.383 1
0.384 1
0.385 1
0.386 1
0.387 1
0.388 1
0.389 1
0.39 1
0.391 1
0.392 1
0.393 1
0.394 1
0.395 1
0.396 1
0.397 1
0.398 1
0.399 1
0.4 1
