400
0 0
0.001 0.00724638
0.002 0.0126812
0.003 0.0181159
0.004 0.0253623
0.005 0.0326087
0.006 0.0425725
0.007 0.0507246
0.008 0.0552536
0.009 0.0606884
0.01 0.0625
0.011 0.067029
0.012 0.0724638
0.013 0.0788043
0.014 0.0860507
0.015 0.0942029
0.016 0.103261
0.017 0.108696
0.018 0.115036
0.019 0.120471
0.02 0.125
0.021 0.134964
0.022 0.140399
0.023 0.146739
0.024 0.156703
0.025 0.161232
0.026 0.166667
0.027 0.17663
0.028 0.182971
0.029 0.189312
0.03 0.195652
0.031 0.203804
0.032 0.211957
0.033 0.21558
0.034 0.217391
0.035 0.222826
0.036 0.230072
0.037 0.236413
0.038 0.243659
0.039 0.25
0.04 0.26087
0.041 0.269022
0.042 0.274457
0.043 0.281703
0.044 0.289855
0.045 0.30163
0.046 0.306159
0.047 0.314312
0.048 0.317935
0.049 0.320652
0.05 0.326087
0.051 0.333333
0.052 0.338768
0.053 0.342391
0.054 0.351449
0.055 0.355978
0.056 0.366848
0.057 0.375
0.058 0.379529
0.059 0.387681
0.06 0.397645
0.061 0.40308
0.062 0.410326
0.063 0.417572
0.064 0.42663
0.065 0.434783
0.066 0.444746
0.067 0.44837
0.068 0.455616
0.069 0.461051
0.07 0.466486
0.071 0.469203
0.072 0.478261
0.073 0.487319
0.074 0.497283
0.075 0.509964
0.076 0.51721
0.077 0.521739
0.078 0.532609
0.079 0.540761
0.08 0.55163
0.081 0.558877
0.082 0.568841
0.083 0.582428
0.084 0.586957
0.085 0.599638
0.086 0.606884
0.087 0.61413
0.088 0.623188
0.089 0.627717
0.09 0.63587
0.091 0.644022
0.092 0.651268
0.093 0.654891
0.094 0.663043
0.095 0.668478
0.096 0.678442
0.097 0.691123
0.098 0.696558
0.099 0.701993
0.1 0.711051
0.101 0.71558
0.102 0.723732
0.103 0.729167
0.104 0.737319
0.105 0.751812
0.106 0.761775
0.107 0.768116
0.108 0.777174
0.109 0.783514
0.11 0.786232
0.111 0.79529
0.112 0.80163
0.113 0.807065
0.114 0.817029
0.115 0.825181
0.116 0.831522
0.117 0.836957
0.118 0.837862
0.119 0.843297
0.12 0.84692
0.121 0.851449
0.122 0.853261
0.123 0.855978
0.124 0.85779
0.125 0.863225
0.126 0.869565
0.127 0.870471
0.128 0.877717
0.129 0.882246
0.13 0.882246
0.131 0.886775
0.132 0.888587
0.133 0.889493
0.134 0.894022
0.135 0.894022
0.136 0.895833
0.137 0.899457
0.138 0.900362
0.139 0.901268
0.14 0.902174
0.141 0.90308
0.142 0.905797
0.143 0.905797
0.144 0.908514
0.145 0.910326
0.146 0.913043
0.147 0.914855
0.148 0.914855
0.149 0.916667
0.15 0.917572
0.151 0.917572
0.152 0.919384
0.153 0.92029
0.154 0.921196
0.155 0.922101
0.156 0.923913
0.157 0.923913
0.158 0.925725
0.159 0.92663
0.16 0.928442
0.161 0.928442
0.162 0.929348
0.163 0.930254
0.164 0.931159
0.165 0.931159
0.166 0.932065
0.167 0.933877
0.168 0.935688
0.169 0.935688
0.17 0.938406
0.171 0.940217
0.172 0.941123
0.173 0.941123
0.174 0.942029
0.175 0.943841
0.176 0.945652
0.177 0.946558
0.178 0.94837
0.179 0.94837
0.18 0.94837
0.181 0.94837
0.182 0.94837
0.183 0.949275
0.184 0.951087
0.185 0.952899
0.186 0.95471
0.187 0.956522
0.188 0.957428
0.189 0.959239
0.19 0.960145
0.191 0.961957
0.192 0.963768
0.193 0.963768
0.194 0.96558
0.195 0.967391
0.196 0.969203
0.197 0.969203
0.198 0.969203
0.199 0.971014
0.2 0.97192
0.201 0.97192
0.202 0.97192
0.203 0.97192
0.204 0.97192
0.205 0.972826
0.206 0.975543
0.207 0.977355
0.208 0.979167
0.209 0.979167
0.21 0.979167
0.211 0.980072
0.212 0.981884
0.213 0.98279
0.214 0.98279
0.215 0.983696
0.216 0.984601
0.217 0.984601
0.218 0.987319
0.219 0.987319
0.22 0.987319
0.221 0.987319
0.222 0.98913
0.223 0.98913
0.224 0.990036
0.225 0.990036
0.226 0.990036
0.227 0.990036
0.228 0.990036
0.229 0.990036
0.23 0.990942
0.231 0.991848
0.232 0.991848
0.233 0.991848
0.234 0.991848
0.235 0.991848
0.236 0.991848
0.237 0.991848
0.238 0.991848
0.239 0.991848
0.24 0.991848
0.241 0.992754
0.242 0.992754
0.243 0.992754
0.244 0.992754
0.245 0.993659
0.246 0.995471
0.247 0.995471
0.248 0.995471
0.249 0.995471
0.25 0.996377
0.251 0.996377
0.252 0.996377
0.253 0.996377
0.254 0.996377
0.255 0.996377
0.256 0.997283
0.257 0.997283
0.258 0.997283
0.259 0.997283
0.26 0.997283
0.261 0.997283
0.262 0.997283
0.263 0.997283
0.264 0.997283
0.265 0.998188
0.266 0.998188
0.267 0.998188
0.268 0.998188
0.269 0.998188
0.27 0.998188
0.271 0.998188
0.272 0.998188
0.273 0.998188
0.274 0.998188
0.275 0.998188
0.276 0.998188
0.277 0.998188
0.278 0.998188
0.279 0.998188
0.28 0.998188
0.281 0.998188
0.282 0.998188
0.283 0.998188
0.284 0.998188
0.285 0.998188
0.286 0.998188
0.287 0.998188
0.288 0.998188
0.289 0.998188
0.29 0.998188
0.291 0.998188
0.292 0.998188
0.293 0.998188
0.294 0.998188
0.295 0.998188
0.296 0.998188
0.297 0.998188
0.298 0.998188
0.299 0.998188
0.3 0.998188
0.301 0.998188
0.302 0.998188
0.303 0.998188
0.304 0.998188
0.305 0.998188
0.306 0.998188
0.307 0.998188
0.308 0.998188
0.309 0.998188
0.31 0.998188
0.311 0.998188
0.312 0.998188
0.313 0.998188
0.314 0.998188
0.315 0.998188
0.316 0.998188
0.317 0.998188
0.318 0.998188
0.319 0.998188
0.32 0.998188
0.321 0.998188
0.322 0.998188
0.323 0.998188
0.324 0.998188
0.325 0.998188
0.326 0.998188
0.327 0.998188
0.328 0.998188
0.329 0.998188
0.33 0.998188
0.331 0.998188
0.332 0.998188
0.333 0.998188
0.334 0.998188
0.335 0.998188
0.336 0.998188
0.337 0.998188
0.338 0.998188
0.339 0.998188
0.34 0.998188
0.341 0.998188
0.342 0.998188
0.343 0.998188
0.344 0.999094
0.345 0.999094
0.346 0.999094
0.347 0.999094
0.348 0.999094
0.349 0.999094
0.35 0.999094
0.351 0.999094
0.352 0.999094
0.353 0.999094
0.354 0.999094
0.355 0.999094
0.356 0.999094
0.357 0.999094
0.358 0.999094
0.359 0.999094
0.36 0.999094
0.361 0.999094
0.362 0.999094
0.363 0.999094
0.364 0.999094
0.365 0.999094
0.366 0.999094
0.367 0.999094
0.368 0.999094
0.369 0.999094
0.37 0.999094
0.371 0.999094
0.372 0.999094
0.373 0.999094
0.374 0.999094
0.375 0.999094
0.376 0.999094
0.377 1
0.378 1
0.379 1
0.38 1
0.381 1
0.382 1
0.383 1
0.384 1
0.385 1
0.386 1
0.387 1
0.388 1
0.389 1
0.39 1
0.391 1
0.392 1
0.393 1
0.394 1
0.395 1
0.396 1
0.397 1
0.398 1
0.399 1
0.4 1
