400
0 0
0.001 0.00769231
0.002 0.0125
0.003 0.0163462
0.004 0.0211538
0.005 0.0278846
0.006 0.0365385
0.007 0.0480769
0.008 0.0557692
0.009 0.0634615
0.01 0.0701923
0.011 0.0798077
0.012 0.0884615
0.013 0.0980769
0.014 0.102885
0.015 0.107692
0.016 0.116346
0.017 0.121154
0.018 0.132692
0.019 0.142308
0.02 0.152885
0.021 0.163462
0.022 0.171154
0.023 0.179808
0.024 0.188462
0.025 0.195192
0.026 0.205769
0.027 0.2125
0.028 0.221154
0.029 0.227885
0.03 0.233654
0.031 0.2375
0.032 0.242308
0.033 0.248077
0.034 0.255769
0.035 0.260577
0.036 0.268269
0.037 0.275962
0.038 0.280769
0.039 0.291346
0.04 0.300962
0.041 0.307692
0.042 0.315385
0.043 0.317308
0.044 0.323077
0.045 0.329808
0.046 0.334615
0.047 0.346154
0.048 0.352885
0.049 0.3625
0.05 0.372115
0.051 0.381731
0.052 0.386538
0.053 0.392308
0.054 0.401923
0.055 0.411538
0.056 0.419231
0.057 0.423077
0.058 0.427885
0.059 0.438462
0.06 0.446154
0.061 0.457692
0.062 0.464423
0.063 0.469231
0.064 0.476923
0.065 0.483654
0.066 0.488462
0.067 0.490385
0.068 0.5
0.069 0.506731
0.07 0.511538
0.071 0.519231
0.072 0.525962
0.073 0.529808
0.074 0.5375
0.075 0.549038
0.076 0.553846
0.077 0.5625
0.078 0.574038
0.079 0.585577
0.08 0.593269
0.081 0.601923
0.082 0.609615
0.083 0.613462
0.084 0.626923
0.085 0.631731
0.086 0.639423
0.087 0.649038
0.088 0.653846
0.089 0.6625
0.09 0.672115
0.091 0.685577
0.092 0.689423
0.093 0.699038
0.094 0.702885
0.095 0.714423
0.096 0.719231
0.097 0.726923
0.098 0.734615
0.099 0.741346
0.1 0.752885
0.101 0.760577
0.102 0.767308
0.103 0.775962
0.104 0.782692
0.105 0.7875
0.106 0.798077
0.107 0.803846
0.108 0.811538
0.109 0.814423
0.11 0.818269
0.111 0.825
0.112 0.831731
0.113 0.834615
0.114 0.841346
0.115 0.847115
0.116 0.85
0.117 0.856731
0.118 0.859615
0.119 0.863462
0.12 0.871154
0.121 0.874038
0.122 0.877885
0.123 0.884615
0.124 0.889423
0.125 0.895192
0.126 0.899038
0.127 0.902885
0.128 0.907692
0.129 0.909615
0.13 0.915385
0.131 0.920192
0.132 0.922115
0.133 0.925
0.134 0.929808
0.135 0.930769
0.136 0.931731
0.137 0.932692
0.138 0.935577
0.139 0.938462
0.14 0.940385
0.141 0.940385
0.142 0.942308
0.143 0.943269
0.144 0.944231
0.145 0.947115
0.146 0.948077
0.147 0.948077
0.148 0.949038
0.149 0.950962
0.15 0.950962
0.151 0.951923
0.152 0.951923
0.153 0.952885
0.154 0.952885
0.155 0.953846
0.156 0.953846
0.157 0.955769
0.158 0.957692
0.159 0.957692
0.16 0.957692
0.161 0.957692
0.162 0.959615
0.163 0.960577
0.164 0.960577
0.165 0.960577
0.166 0.960577
0.167 0.960577
0.168 0.960577
0.169 0.960577
0.17 0.961538
0.171 0.964423
0.172 0.964423
0.173 0.964423
0.174 0.964423
0.175 0.965385
0.176 0.965385
0.177 0.965385
0.178 0.965385
0.179 0.965385
0.18 0.966346
0.181 0.966346
0.182 0.966346
0.183 0.966346
0.184 0.967308
0.185 0.967308
0.186 0.967308
0.187 0.967308
0.188 0.970192
0.189 0.971154
0.19 0.973077
0.191 0.973077
0.192 0.974038
0.193 0.975962
0.194 0.975962
0.195 0.975962
0.196 0.975962
0.197 0.975962
0.198 0.975962
0.199 0.976923
0.2 0.977885
0.201 0.978846
0.202 0.978846
0.203 0.978846
0.204 0.978846
0.205 0.980769
0.206 0.981731
0.207 0.981731
0.208 0.982692
0.209 0.982692
0.21 0.982692
0.211 0.984615
0.212 0.984615
0.213 0.984615
0.214 0.984615
0.215 0.984615
0.216 0.984615
0.217 0.985577
0.218 0.985577
0.219 0.985577
0.22 0.985577
0.221 0.985577
0.222 0.985577
0.223 0.985577
0.224 0.986538
0.225 0.986538
0.226 0.986538
0.227 0.986538
0.228 0.986538
0.229 0.986538
0.23 0.986538
0.231 0.986538
0.232 0.986538
0.233 0.9875
0.234 0.9875
0.235 0.9875
0.236 0.9875
0.237 0.9875
0.238 0.9875
0.239 0.988462
0.24 0.988462
0.241 0.988462
0.242 0.988462
0.243 0.989423
0.244 0.989423
0.245 0.989423
0.246 0.989423
0.247 0.989423
0.248 0.989423
0.249 0.989423
0.25 0.989423
0.251 0.989423
0.252 0.990385
0.253 0.990385
0.254 0.991346
0.255 0.991346
0.256 0.991346
0.257 0.992308
0.258 0.992308
0.259 0.992308
0.26 0.992308
0.261 0.995192
0.262 0.995192
0.263 0.995192
0.264 0.996154
0.265 0.996154
0.266 0.996154
0.267 0.996154
0.268 0.996154
0.269 0.996154
0.27 0.996154
0.271 0.996154
0.272 0.996154
0.273 0.996154
0.274 0.996154
0.275 0.996154
0.276 0.997115
0.277 0.997115
0.278 0.998077
0.279 0.998077
0.28 0.998077
0.281 0.998077
0.282 0.998077
0.283 0.999038
0.284 0.999038
0.285 0.999038
0.286 0.999038
0.287 0.999038
0.288 0.999038
0.289 0.999038
0.29 0.999038
0.291 0.999038
0.292 0.999038
0.293 0.999038
0.294 0.999038
0.295 0.999038
0.296 0.999038
0.297 0.999038
0.298 0.999038
0.299 0.999038
0.3 0.999038
0.301 1
0.302 1
0.303 1
0.304 1
0.305 1
0.306 1
0.307 1
0.308 1
0.309 1
0.31 1
0.311 1
0.312 1
0.313 1
0.314 1
0.315 1
0.316 1
0.317 1
0.318 1
0.319 1
0.32 1
0.321 1
0.322 1
0.323 1
0.324 1
0.325 1
0.326 1
0.327 1
0.328 1
0.329 1
0.33 1
0.331 1
0.332 1
0.333 1
0.334 1
0.335 1
0.336 1
0.337 1
0.338 1
0.339 1
0.34 1
0.341 1
0.342 1
0.343 1
0.344 1
0.345 1
0.346 1
0.347 1
0.348 1
0.349 1
0.35 1
0.351 1
0.352 1
0.353 1
0.354 1
0.355 1
0.356 1
0.357 1
0.358 1
0.359 1
0.36 1
0.361 1
0.362 1
0.363 1
0.364 1
0.365 1
0.366 1
0.367 1
0.368 1
0.369 1
0.37 1
0.371 1
0.372 1
0.373 1
0.374 1
0.375 1
0.376 1
0.377 1
0.378 1
0.379 1
0.38 1
0.381 1
0.382 1
0.383 1
0.384 1
0.385 1
0.386 1
0.387 1
0.388 1
0.389 1
0.39 1
0.391 1
0.392 1
0.393 1
0.394 1
0.395 1
0.396 1
0.397 1
0.398 1
0.399 1
0.4 1
