400
0 0
0.001 0.00505561
0.002 0.0111223
0.003 0.0192113
0.004 0.0252781
0.005 0.0313448
0.006 0.0353893
0.007 0.0424671
0.008 0.0505561
0.009 0.0556117
0.01 0.0647118
0.011 0.0778564
0.012 0.0819009
0.013 0.091001
0.014 0.101112
0.015 0.109201
0.016 0.114257
0.017 0.123357
0.018 0.127401
0.019 0.132457
0.02 0.13549
0.021 0.145602
0.022 0.150657
0.023 0.157735
0.024 0.164813
0.025 0.169869
0.026 0.182002
0.027 0.190091
0.028 0.196158
0.029 0.206269
0.03 0.213347
0.031 0.221436
0.032 0.23458
0.033 0.239636
0.034 0.244692
0.035 0.251769
0.036 0.261881
0.037 0.266936
0.038 0.275025
0.039 0.282103
0.04 0.293225
0.041 0.302326
0.042 0.312437
0.043 0.316481
0.044 0.325581
0.045 0.329626
0.046 0.33367
0.047 0.339737
0.048 0.347826
0.049 0.35996
0.05 0.375126
0.051 0.388271
0.052 0.392315
0.053 0.408493
0.054 0.415571
0.055 0.421638
0.056 0.427705
0.057 0.438827
0.058 0.44186
0.059 0.446916
0.06 0.453994
0.061 0.462083
0.062 0.472194
0.063 0.478261
0.064 0.483316
0.065 0.488372
0.066 0.49545
0.067 0.509606
0.068 0.520728
0.069 0.529828
0.07 0.538928
0.071 0.544995
0.072 0.556117
0.073 0.564206
0.074 0.568251
0.075 0.577351
0.076 0.591507
0.077 0.600607
0.078 0.608696
0.079 0.618807
0.08 0.625885
0.081 0.632963
0.082 0.64004
0.083 0.650152
0.084 0.659252
0.085 0.668352
0.086 0.674419
0.087 0.688574
0.088 0.695652
0.089 0.700708
0.09 0.710819
0.091 0.715875
0.092 0.723964
0.093 0.733064
0.094 0.742164
0.095 0.747219
0.096 0.753286
0.097 0.764409
0.098 0.772497
0.099 0.784631
0.1 0.791709
0.101 0.798787
0.102 0.804853
0.103 0.817998
0.104 0.82002
0.105 0.827098
0.106 0.841254
0.107 0.845298
0.108 0.849343
0.109 0.856421
0.11 0.858443
0.111 0.860465
0.112 0.865521
0.113 0.87361
0.114 0.879676
0.115 0.884732
0.116 0.885743
0.117 0.89181
0.118 0.897877
0.119 0.904955
0.12 0.911021
0.121 0.917088
0.122 0.91911
0.123 0.925177
0.124 0.927199
0.125 0.932255
0.126 0.934277
0.127 0.935288
0.128 0.940344
0.129 0.941355
0.13 0.944388
0.131 0.946411
0.132 0.949444
0.133 0.952477
0.134 0.953488
0.135 0.953488
0.136 0.956522
0.137 0.957533
0.138 0.959555
0.139 0.959555
0.14 0.960566
0.141 0.964611
0.142 0.967644
0.143 0.968655
0.144 0.968655
0.145 0.971689
0.146 0.971689
0.147 0.973711
0.148 0.973711
0.149 0.973711
0.15 0.973711
0.151 0.973711
0.152 0.974722
0.153 0.974722
0.154 0.974722
0.155 0.974722
0.156 0.974722
0.157 0.975733
0.158 0.975733
0.159 0.975733
0.16 0.976744
0.161 0.976744
0.162 0.976744
0.163 0.976744
0.164 0.976744
0.165 0.976744
0.166 0.977755
0.167 0.977755
0.168 0.977755
0.169 0.977755
0.17 0.978766
0.171 0.978766
0.172 0.978766
0.173 0.979778
0.174 0.979778
0.175 0.979778
0.176 0.980789
0.177 0.980789
0.178 0.982811
0.179 0.982811
0.18 0.985844
0.181 0.986855
0.182 0.986855
0.183 0.986855
0.184 0.987867
0.185 0.987867
0.186 0.987867
0.187 0.987867
0.188 0.987867
0.189 0.987867
0.19 0.987867
0.191 0.988878
0.192 0.988878
0.193 0.988878
0.194 0.988878
0.195 0.988878
0.196 0.988878
0.197 0.988878
0.198 0.988878
0.199 0.988878
0.2 0.988878
0.201 0.988878
0.202 0.988878
0.203 0.988878
0.204 0.989889
0.205 0.989889
0.206 0.989889
0.207 0.989889
0.208 0.989889
0.209 0.989889
0.21 0.991911
0.211 0.991911
0.212 0.991911
0.213 0.991911
0.214 0.991911
0.215 0.991911
0.216 0.991911
0.217 0.991911
0.218 0.991911
0.219 0.991911
0.22 0.991911
0.221 0.991911
0.222 0.991911
0.223 0.991911
0.224 0.992922
0.225 0.992922
0.226 0.993933
0.227 0.993933
0.228 0.993933
0.229 0.994944
0.23 0.994944
0.231 0.994944
0.232 0.995956
0.233 0.996967
0.234 0.996967
0.235 0.997978
0.236 0.997978
0.237 0.997978
0.238 0.997978
0.239 0.997978
0.24 0.997978
0.241 0.997978
0.242 0.997978
0.243 0.997978
0.244 0.997978
0.245 0.997978
0.246 0.997978
0.247 0.997978
0.248 0.997978
0.249 0.997978
0.25 0.997978
0.251 0.997978
0.252 0.998989
0.253 0.998989
0.254 0.998989
0.255 0.998989
0.256 0.998989
0.257 0.998989
0.258 0.998989
0.259 0.998989
0.26 0.998989
0.261 0.998989
0.262 0.998989
0.263 0.998989
0.264 1
0.265 1
0.266 1
0.267 1
0.268 1
0.269 1
0.27 1
0.271 1
0.272 1
0.273 1
0.274 1
0.275 1
0.276 1
0.277 1
0.278 1
0.279 1
0.28 1
0.281 1
0.282 1
0.283 1
0.284 1
0.285 1
0.286 1
0.287 1
0.288 1
0.289 1
0.29 1
0.291 1
0.292 1
0.293 1
0.294 1
0.295 1
0.296 1
0.297 1
0.298 1
0.299 1
0.3 1
0.301 1
0.302 1
0.303 1
0.304 1
0.305 1
0.306 1
0.307 1
0.308 1
0.309 1
0.31 1
0.311 1
0.312 1
0.313 1
0.314 1
0.315 1
0.316 1
0.317 1
0.318 1
0.319 1
0.32 1
0.321 1
0.322 1
0.323 1
0.324 1
0.325 1
0.326 1
0.327 1
0.328 1
0.329 1
0.33 1
0.331 1
0.332 1
0.333 1
0.334 1
0.335 1
0.336 1
0.337 1
0.338 1
0.339 1
0.34 1
0.341 1
0.342 1
0.343 1
0.344 1
0.345 1
0.346 1
0.347 1
0.348 1
0.349 1
0.35 1
0.351 1
0.352 1
0.353 1
0.354 1
0.355 1
0.356 1
0.357 1
0.358 1
0.359 1
0.36 1
0.361 1
0.362 1
0.363 1
0.364 1
0.365 1
0.366 1
0.367 1
0.368 1
0.369 1
0.37 1
0.371 1
0.372 1
0.373 1
0.374 1
0.375 1
0.376 1
0.377 1
0.378 1
0.379 1
0.38 1
0.381 1
0.382 1
0.383 1
0.384 1
0.385 1
0.386 1
0.387 1
0.388 1
0.389 1
0.39 1
0.391 1
0.392 1
0.393 1
0.394 1
0.395 1
0.396 1
0.397 1
0.398 1
0.399 1
0.4 1
