400
0 0
0.001 0.00566251
0.002 0.0101925
0.003 0.0226501
0.004 0.0294451
0.005 0.0339751
0.006 0.0430351
0.007 0.0498301
0.008 0.0577576
0.009 0.0634202
0.01 0.0713477
0.011 0.0747452
0.012 0.0826727
0.013 0.0894677
0.014 0.100793
0.015 0.106455
0.016 0.114383
0.017 0.11778
0.018 0.124575
0.019 0.134768
0.02 0.141563
0.021 0.147225
0.022 0.151755
0.023 0.160815
0.024 0.165345
0.025 0.173273
0.026 0.1812
0.027 0.187995
0.028 0.193658
0.029 0.201586
0.03 0.209513
0.031 0.214043
0.032 0.226501
0.033 0.234428
0.034 0.238958
0.035 0.244621
0.036 0.251416
0.037 0.267271
0.038 0.270668
0.039 0.278596
0.04 0.295583
0.041 0.303511
0.042 0.311438
0.043 0.317101
0.044 0.325028
0.045 0.334088
0.046 0.347678
0.047 0.351076
0.048 0.364666
0.049 0.372593
0.05 0.378256
0.051 0.387316
0.052 0.398641
0.053 0.407701
0.054 0.416761
0.055 0.419026
0.056 0.430351
0.057 0.439411
0.058 0.445074
0.059 0.451869
0.06 0.460929
0.061 0.475651
0.062 0.484711
0.063 0.491506
0.064 0.494904
0.065 0.501699
0.066 0.511891
0.067 0.518686
0.068 0.531144
0.069 0.541336
0.07 0.553794
0.071 0.556059
0.072 0.565119
0.073 0.567384
0.074 0.579841
0.075 0.591166
0.076 0.599094
0.077 0.605889
0.078 0.612684
0.079 0.616082
0.08 0.622877
0.081 0.633069
0.082 0.640997
0.083 0.650057
0.084 0.657984
0.085 0.668177
0.086 0.671574
0.087 0.677237
0.088 0.684032
0.089 0.688562
0.09 0.694224
0.091 0.701019
0.092 0.705549
0.093 0.714609
0.094 0.720272
0.095 0.728199
0.096 0.744054
0.097 0.747452
0.098 0.751982
0.099 0.759909
0.1 0.764439
0.101 0.776897
0.102 0.782559
0.103 0.785957
0.104 0.792752
0.105 0.804077
0.106 0.812005
0.107 0.816535
0.108 0.82786
0.109 0.834655
0.11 0.840317
0.111 0.848245
0.112 0.85957
0.113 0.867497
0.114 0.874292
0.115 0.879955
0.116 0.883352
0.117 0.883352
0.118 0.884485
0.119 0.890147
0.12 0.898075
0.121 0.906002
0.122 0.912797
0.123 0.917327
0.124 0.926387
0.125 0.928652
0.126 0.935447
0.127 0.938845
0.128 0.939977
0.129 0.94564
0.13 0.94564
0.131 0.946772
0.132 0.949037
0.133 0.949037
0.134 0.952435
0.135 0.952435
0.136 0.9547
0.137 0.9547
0.138 0.9547
0.139 0.955832
0.14 0.958097
0.141 0.958097
0.142 0.95923
0.143 0.95923
0.144 0.960362
0.145 0.960362
0.146 0.960362
0.147 0.961495
0.148 0.961495
0.149 0.961495
0.15 0.96376
0.151 0.96376
0.152 0.964892
0.153 0.964892
0.154 0.966025
0.155 0.966025
0.156 0.967157
0.157 0.967157
0.158 0.96829
0.159 0.96829
0.16 0.96829
0.161 0.969422
0.162 0.969422
0.163 0.969422
0.164 0.970555
0.165 0.971687
0.166 0.971687
0.167 0.97282
0.168 0.97282
0.169 0.975085
0.17 0.975085
0.171 0.975085
0.172 0.975085
0.173 0.975085
0.174 0.975085
0.175 0.975085
0.176 0.975085
0.177 0.975085
0.178 0.976217
0.179 0.976217
0.18 0.976217
0.181 0.97735
0.182 0.979615
0.183 0.979615
0.184 0.979615
0.185 0.979615
0.186 0.980747
0.187 0.980747
0.188 0.980747
0.189 0.980747
0.19 0.980747
0.191 0.98188
0.192 0.98188
0.193 0.98188
0.194 0.98188
0.195 0.98188
0.196 0.98188
0.197 0.98188
0.198 0.98188
0.199 0.98188
0.2 0.98188
0.201 0.983012
0.202 0.984145
0.203 0.984145
0.204 0.984145
0.205 0.984145
0.206 0.984145
0.207 0.984145
0.208 0.984145
0.209 0.984145
0.21 0.984145
0.211 0.984145
0.212 0.984145
0.213 0.984145
0.214 0.984145
0.215 0.985277
0.216 0.985277
0.217 0.98641
0.218 0.98641
0.219 0.98641
0.22 0.98641
0.221 0.98641
0.222 0.98641
0.223 0.98641
0.224 0.98641
0.225 0.98641
0.226 0.98641
0.227 0.98641
0.228 0.98641
0.229 0.98641
0.23 0.98641
0.231 0.987542
0.232 0.988675
0.233 0.989807
0.234 0.99094
0.235 0.99094
0.236 0.99094
0.237 0.99094
0.238 0.99094
0.239 0.99094
0.24 0.992072
0.241 0.992072
0.242 0.992072
0.243 0.992072
0.244 0.992072
0.245 0.992072
0.246 0.992072
0.247 0.993205
0.248 0.993205
0.249 0.993205
0.25 0.993205
0.251 0.994337
0.252 0.994337
0.253 0.99547
0.254 0.99547
0.255 0.99547
0.256 0.99547
0.257 0.99547
0.258 0.99547
0.259 0.996603
0.26 0.996603
0.261 0.996603
0.262 0.996603
0.263 0.997735
0.264 0.997735
0.265 0.997735
0.266 0.997735
0.267 0.997735
0.268 0.997735
0.269 0.997735
0.27 0.997735
0.271 0.997735
0.272 0.997735
0.273 0.997735
0.274 0.997735
0.275 0.997735
0.276 0.997735
0.277 0.997735
0.278 0.997735
0.279 0.997735
0.28 0.997735
0.281 0.997735
0.282 0.997735
0.283 0.997735
0.284 0.997735
0.285 0.997735
0.286 0.997735
0.287 0.997735
0.288 0.997735
0.289 0.997735
0.29 0.997735
0.291 0.997735
0.292 0.997735
0.293 0.997735
0.294 0.997735
0.295 0.997735
0.296 0.997735
0.297 0.997735
0.298 0.997735
0.299 0.997735
0.3 0.997735
0.301 0.997735
0.302 0.997735
0.303 0.997735
0.304 0.997735
0.305 0.997735
0.306 0.997735
0.307 0.997735
0.308 0.997735
0.309 0.997735
0.31 0.997735
0.311 0.997735
0.312 0.997735
0.313 0.997735
0.314 0.997735
0.315 0.998868
0.316 0.998868
0.317 0.998868
0.318 0.998868
0.319 0.998868
0.32 0.998868
0.321 0.998868
0.322 0.998868
0.323 0.998868
0.324 0.998868
0.325 0.998868
0.326 0.998868
0.327 0.998868
0.328 0.998868
0.329 0.998868
0.33 0.998868
0.331 0.998868
0.332 0.998868
0.333 0.998868
0.334 0.998868
0.335 0.998868
0.336 0.998868
0.337 0.998868
0.338 0.998868
0.339 0.998868
0.34 0.998868
0.341 0.998868
0.342 0.998868
0.343 0.998868
0.344 0.998868
0.345 0.998868
0.346 0.998868
0.347 0.998868
0.348 0.998868
0.349 0.998868
0.35 0.998868
0.351 0.998868
0.352 0.998868
0.353 0.998868
0.354 0.998868
0.355 1
0.356 1
0.357 1
0.358 1
0.359 1
0.36 1
0.361 1
0.362 1
0.363 1
0.364 1
0.365 1
0.366 1
0.367 1
0.368 1
0.369 1
0.37 1
0.371 1
0.372 1
0.373 1
0.374 1
0.375 1
0.376 1
0.377 1
0.378 1
0.379 1
0.38 1
0.381 1
0.382 1
0.383 1
0.384 1
0.385 1
0.386 1
0.387 1
0.388 1
0.389 1
0.39 1
0.391 1
0.392 1
0.393 1
0.394 1
0.395 1
0.396 1
0.397 1
0.398 1
0.399 1
0.4 1
