400
0 0
0.001 0.0063857
0.002 0.0153257
0.003 0.0255428
0.004 0.0357599
0.005 0.0395913
0.006 0.0434227
0.007 0.0498084
0.008 0.054917
0.009 0.0613027
0.01 0.0715198
0.011 0.0779055
0.012 0.083014
0.013 0.0842912
0.014 0.0868455
0.015 0.0957854
0.016 0.100894
0.017 0.10728
0.018 0.111111
0.019 0.120051
0.02 0.127714
0.021 0.139208
0.022 0.141762
0.023 0.146871
0.024 0.157088
0.025 0.168582
0.026 0.174968
0.027 0.183908
0.028 0.189017
0.029 0.195402
0.03 0.201788
0.031 0.210728
0.032 0.218391
0.033 0.224776
0.034 0.234994
0.035 0.240102
0.036 0.246488
0.037 0.252874
0.038 0.260536
0.039 0.268199
0.04 0.282248
0.041 0.286079
0.042 0.292465
0.043 0.297573
0.044 0.302682
0.045 0.311622
0.046 0.316731
0.047 0.320562
0.048 0.333333
0.049 0.34355
0.05 0.351213
0.051 0.356322
0.052 0.365262
0.053 0.37037
0.054 0.386973
0.055 0.389527
0.056 0.409962
0.057 0.416347
0.058 0.421456
0.059 0.43295
0.06 0.439336
0.061 0.444444
0.062 0.448276
0.063 0.455939
0.064 0.462324
0.065 0.476373
0.066 0.48659
0.067 0.498084
0.068 0.509579
0.069 0.519796
0.07 0.526181
0.071 0.536398
0.072 0.544061
0.073 0.54917
0.074 0.55811
0.075 0.565773
0.076 0.577267
0.077 0.583653
0.078 0.596424
0.079 0.601533
0.08 0.609195
0.081 0.614304
0.082 0.62069
0.083 0.628352
0.084 0.639847
0.085 0.650064
0.086 0.657727
0.087 0.664112
0.088 0.675607
0.089 0.685824
0.09 0.698595
0.091 0.712644
0.092 0.720307
0.093 0.729246
0.094 0.738186
0.095 0.752235
0.096 0.757344
0.097 0.763729
0.098 0.772669
0.099 0.784163
0.1 0.794381
0.101 0.798212
0.102 0.807152
0.103 0.813538
0.104 0.823755
0.105 0.827586
0.106 0.835249
0.107 0.844189
0.108 0.850575
0.109 0.853129
0.11 0.859515
0.111 0.867178
0.112 0.87484
0.113 0.879949
0.114 0.885057
0.115 0.891443
0.116 0.897829
0.117 0.900383
0.118 0.90166
0.119 0.909323
0.12 0.918263
0.121 0.925926
0.122 0.92848
0.123 0.933589
0.124 0.938697
0.125 0.943806
0.126 0.945083
0.127 0.947637
0.128 0.951469
0.129 0.952746
0.13 0.9553
0.131 0.956577
0.132 0.957854
0.133 0.960409
0.134 0.961686
0.135 0.962963
0.136 0.966794
0.137 0.969349
0.138 0.969349
0.139 0.971903
0.14 0.974457
0.141 0.975734
0.142 0.975734
0.143 0.975734
0.144 0.975734
0.145 0.977011
0.146 0.977011
0.147 0.977011
0.148 0.977011
0.149 0.978289
0.15 0.978289
0.151 0.978289
0.152 0.978289
0.153 0.978289
0.154 0.978289
0.155 0.978289
0.156 0.978289
0.157 0.978289
0.158 0.978289
0.159 0.978289
0.16 0.978289
0.161 0.978289
0.162 0.980843
0.163 0.98212
0.164 0.983397
0.165 0.983397
0.166 0.983397
0.167 0.983397
0.168 0.983397
0.169 0.983397
0.17 0.983397
0.171 0.985951
0.172 0.985951
0.173 0.985951
0.174 0.987229
0.175 0.987229
0.176 0.987229
0.177 0.987229
0.178 0.987229
0.179 0.987229
0.18 0.987229
0.181 0.987229
0.182 0.987229
0.183 0.987229
0.184 0.987229
0.185 0.987229
0.186 0.987229
0.187 0.987229
0.188 0.987229
0.189 0.987229
0.19 0.987229
0.191 0.987229
0.192 0.987229
0.193 0.987229
0.194 0.987229
0.195 0.987229
0.196 0.988506
0.197 0.989783
0.198 0.989783
0.199 0.989783
0.2 0.989783
0.201 0.989783
0.202 0.989783
0.203 0.989783
0.204 0.989783
0.205 0.989783
0.206 0.989783
0.207 0.989783
0.208 0.993614
0.209 0.993614
0.21 0.993614
0.211 0.993614
0.212 0.993614
0.213 0.993614
0.214 0.993614
0.215 0.993614
0.216 0.993614
0.217 0.993614
0.218 0.993614
0.219 0.993614
0.22 0.993614
0.221 0.993614
0.222 0.993614
0.223 0.993614
0.224 0.993614
0.225 0.994891
0.226 0.994891
0.227 0.994891
0.228 0.994891
0.229 0.994891
0.23 0.994891
0.231 0.994891
0.232 0.996169
0.233 0.997446
0.234 0.997446
0.235 0.997446
0.236 0.997446
0.237 0.997446
0.238 0.997446
0.239 0.997446
0.24 0.997446
0.241 0.997446
0.242 0.997446
0.243 0.997446
0.244 0.997446
0.245 0.997446
0.246 0.997446
0.247 0.997446
0.248 0.997446
0.249 0.997446
0.25 0.997446
0.251 0.997446
0.252 0.998723
0.253 0.998723
0.254 0.998723
0.255 0.998723
0.256 0.998723
0.257 0.998723
0.258 0.998723
0.259 0.998723
0.26 0.998723
0.261 0.998723
0.262 0.998723
0.263 0.998723
0.264 0.998723
0.265 0.998723
0.266 0.998723
0.267 0.998723
0.268 0.998723
0.269 0.998723
0.27 1
0.271 1
0.272 1
0.273 1
0.274 1
0.275 1
0.276 1
0.277 1
0.278 1
0.279 1
0.28 1
0.281 1
0.282 1
0.283 1
0.284 1
0.285 1
0.286 1
0.287 1
0.288 1
0.289 1
0.29 1
0.291 1
0.292 1
0.293 1
0.294 1
0.295 1
0.296 1
0.297 1
0.298 1
0.299 1
0.3 1
0.301 1
0.302 1
0.303 1
0.304 1
0.305 1
0.306 1
0.307 1
0.308 1
0.309 1
0.31 1
0.311 1
0.312 1
0.313 1
0.314 1
0.315 1
0.316 1
0.317 1
0.318 1
0.319 1
0.32 1
0.321 1
0.322 1
0.323 1
0.324 1
0.325 1
0.326 1
0.327 1
0.328 1
0.329 1
0.33 1
0.331 1
0.332 1
0.333 1
0.334 1
0.335 1
0.336 1
0.337 1
0.338 1
0.339 1
0.34 1
0.341 1
0.342 1
0.343 1
0.344 1
0.345 1
0.346 1
0.347 1
0.348 1
0.349 1
0.35 1
0.351 1
0.352 1
0.353 1
0.354 1
0.355 1
0.356 1
0.357 1
0.358 1
0.359 1
0.36 1
0.361 1
0.362 1
0.363 1
0.364 1
0.365 1
0.366 1
0.367 1
0.368 1
0.369 1
0.37 1
0.371 1
0.372 1
0.373 1
0.374 1
0.375 1
0.376 1
0.377 1
0.378 1
0.379 1
0.38 1
0.381 1
0.382 1
0.383 1
0.384 1
0.385 1
0.386 1
0.387 1
0.388 1
0.389 1
0.39 1
0.391 1
0.392 1
0.393 1
0.394 1
0.395 1
0.396 1
0.397 1
0.398 1
0.399 1
0.4 1
