400
0 0
0.001 0.00810373
0.002 0.012966
0.003 0.0210697
0.004 0.0291734
0.005 0.0405186
0.006 0.0470016
0.007 0.0567261
0.008 0.0632091
0.009 0.0713128
0.01 0.0794165
0.011 0.0858995
0.012 0.095624
0.013 0.110211
0.014 0.116694
0.015 0.126418
0.016 0.134522
0.017 0.147488
0.018 0.155592
0.019 0.166937
0.02 0.168558
0.021 0.175041
0.022 0.179903
0.023 0.184765
0.024 0.191248
0.025 0.204214
0.026 0.210697
0.027 0.218801
0.028 0.223663
0.029 0.226904
0.03 0.23825
0.031 0.254457
0.032 0.259319
0.033 0.272285
0.034 0.273906
0.035 0.277147
0.036 0.285251
0.037 0.293355
0.038 0.299838
0.039 0.319287
0.04 0.32577
0.041 0.330632
0.042 0.340357
0.043 0.345219
0.044 0.354943
0.045 0.358185
0.046 0.359806
0.047 0.367909
0.048 0.372771
0.049 0.379254
0.05 0.388979
0.051 0.403566
0.052 0.41329
0.053 0.426256
0.054 0.431118
0.055 0.435981
0.056 0.440843
0.057 0.448947
0.058 0.453809
0.059 0.461912
0.06 0.471637
0.061 0.476499
0.062 0.484603
0.063 0.495948
0.064 0.50081
0.065 0.507293
0.066 0.52188
0.067 0.531605
0.068 0.539708
0.069 0.54457
0.07 0.551053
0.071 0.554295
0.072 0.562399
0.073 0.567261
0.074 0.575365
0.075 0.576985
0.076 0.585089
0.077 0.589951
0.078 0.598055
0.079 0.606159
0.08 0.615883
0.081 0.627229
0.082 0.640194
0.083 0.646677
0.084 0.661264
0.085 0.666126
0.086 0.679092
0.087 0.690438
0.088 0.696921
0.089 0.701783
0.09 0.706645
0.091 0.711507
0.092 0.71637
0.093 0.726094
0.094 0.730956
0.095 0.740681
0.096 0.747164
0.097 0.750405
0.098 0.76013
0.099 0.769854
0.1 0.773096
0.101 0.786062
0.102 0.790924
0.103 0.799028
0.104 0.802269
0.105 0.810373
0.106 0.821718
0.107 0.824959
0.108 0.831442
0.109 0.841167
0.11 0.849271
0.111 0.854133
0.112 0.858995
0.113 0.867099
0.114 0.873582
0.115 0.878444
0.116 0.888169
0.117 0.897893
0.118 0.907618
0.119 0.907618
0.12 0.907618
0.121 0.915721
0.122 0.918963
0.123 0.920583
0.124 0.927066
0.125 0.930308
0.126 0.933549
0.127 0.933549
0.128 0.940032
0.129 0.944895
0.13 0.946515
0.131 0.957861
0.132 0.957861
0.133 0.964344
0.134 0.967585
0.135 0.969206
0.136 0.969206
0.137 0.970827
0.138 0.974068
0.139 0.97731
0.14 0.97731
0.141 0.97893
0.142 0.97893
0.143 0.980551
0.144 0.980551
0.145 0.980551
0.146 0.980551
0.147 0.980551
0.148 0.980551
0.149 0.980551
0.15 0.980551
0.151 0.980551
0.152 0.982172
0.153 0.983793
0.154 0.983793
0.155 0.983793
0.156 0.987034
0.157 0.987034
0.158 0.987034
0.159 0.987034
0.16 0.988655
0.161 0.988655
0.162 0.990276
0.163 0.990276
0.164 0.990276
0.165 0.990276
0.166 0.990276
0.167 0.990276
0.168 0.990276
0.169 0.990276
0.17 0.990276
0.171 0.990276
0.172 0.990276
0.173 0.990276
0.174 0.990276
0.175 0.990276
0.176 0.990276
0.177 0.990276
0.178 0.990276
0.179 0.990276
0.18 0.990276
0.181 0.990276
0.182 0.991896
0.183 0.991896
0.184 0.991896
0.185 0.991896
0.186 0.991896
0.187 0.991896
0.188 0.991896
0.189 0.991896
0.19 0.991896
0.191 0.991896
0.192 0.991896
0.193 0.993517
0.194 0.993517
0.195 0.993517
0.196 0.993517
0.197 0.995138
0.198 0.995138
0.199 0.995138
0.2 0.995138
0.201 0.995138
0.202 0.995138
0.203 0.995138
0.204 0.995138
0.205 0.995138
0.206 0.995138
0.207 0.995138
0.208 0.995138
0.209 0.995138
0.21 0.995138
0.211 0.995138
0.212 0.995138
0.213 0.995138
0.214 0.995138
0.215 0.995138
0.216 0.995138
0.217 0.995138
0.218 0.995138
0.219 0.995138
0.22 0.995138
0.221 0.995138
0.222 0.995138
0.223 0.996759
0.224 0.996759
0.225 0.996759
0.226 0.996759
0.227 0.998379
0.228 0.998379
0.229 0.998379
0.23 0.998379
0.231 0.998379
0.232 0.998379
0.233 0.998379
0.234 0.998379
0.235 0.998379
0.236 0.998379
0.237 0.998379
0.238 0.998379
0.239 0.998379
0.24 0.998379
0.241 0.998379
0.242 0.998379
0.243 0.998379
0.244 0.998379
0.245 0.998379
0.246 0.998379
0.247 0.998379
0.248 0.998379
0.249 0.998379
0.25 0.998379
0.251 0.998379
0.252 0.998379
0.253 0.998379
0.254 0.998379
0.255 0.998379
0.256 0.998379
0.257 0.998379
0.258 0.998379
0.259 0.998379
0.26 0.998379
0.261 0.998379
0.262 0.998379
0.263 0.998379
0.264 0.998379
0.265 0.998379
0.266 0.998379
0.267 0.998379
0.268 1
0.269 1
0.27 1
0.271 1
0.272 1
0.273 1
0.274 1
0.275 1
0.276 1
0.277 1
0.278 1
0.279 1
0.28 1
0.281 1
0.282 1
0.283 1
0.284 1
0.285 1
0.286 1
0.287 1
0.288 1
0.289 1
0.29 1
0.291 1
0.292 1
0.293 1
0.294 1
0.295 1
0.296 1
0.297 1
0.298 1
0.299 1
0.3 1
0.301 1
0.302 1
0.303 1
0.304 1
0.305 1
0.306 1
0.307 1
0.308 1
0.309 1
0.31 1
0.311 1
0.312 1
0.313 1
0.314 1
0.315 1
0.316 1
0.317 1
0.318 1
0.319 1
0.32 1
0.321 1
0.322 1
0.323 1
0.324 1
0.325 1
0.326 1
0.327 1
0.328 1
0.329 1
0.33 1
0.331 1
0.332 1
0.333 1
0.334 1
0.335 1
0.336 1
0.337 1
0.338 1
0.339 1
0.34 1
0.341 1
0.342 1
0.343 1
0.344 1
0.345 1
0.346 1
0.347 1
0.348 1
0.349 1
0.35 1
0.351 1
0.352 1
0.353 1
0.354 1
0.355 1
0.356 1
0.357 1
0.358 1
0.359 1
0.36 1
0.361 1
0.362 1
0.363 1
0.364 1
0.365 1
0.366 1
0.367 1
0.368 1
0.369 1
0.37 1
0.371 1
0.372 1
0.373 1
0.374 1
0.375 1
0.376 1
0.377 1
0.378 1
0.379 1
0.38 1
0.381 1
0.382 1
0.383 1
0.384 1
0.385 1
0.386 1
0.387 1
0.388 1
0.389 1
0.39 1
0.391 1
0.392 1
0.393 1
0.394 1
0.395 1
0.396 1
0.397 1
0.398 1
0.399 1
0.4 1
