400
0 0
0.001 0.0103093
0.002 0.0154639
0.003 0.0335052
0.004 0.0438144
0.005 0.0438144
0.006 0.0463918
0.007 0.0489691
0.008 0.0618557
0.009 0.064433
0.01 0.0670103
0.011 0.0721649
0.012 0.0773196
0.013 0.0876289
0.014 0.0927835
0.015 0.100515
0.016 0.10567
0.017 0.108247
0.018 0.110825
0.019 0.110825
0.02 0.121134
0.021 0.134021
0.022 0.141753
0.023 0.14433
0.024 0.149485
0.025 0.157216
0.026 0.170103
0.027 0.18299
0.028 0.193299
0.029 0.198454
0.03 0.203608
0.031 0.213918
0.032 0.213918
0.033 0.226804
0.034 0.237113
0.035 0.244845
0.036 0.255155
0.037 0.270619
0.038 0.278351
0.039 0.283505
0.04 0.286082
0.041 0.296392
0.042 0.298969
0.043 0.304124
0.044 0.311856
0.045 0.31701
0.046 0.332474
0.047 0.342783
0.048 0.35567
0.049 0.358247
0.05 0.360825
0.051 0.368557
0.052 0.386598
0.053 0.39433
0.054 0.407216
0.055 0.420103
0.056 0.43299
0.057 0.443299
0.058 0.445876
0.059 0.451031
0.06 0.46134
0.061 0.466495
0.062 0.471649
0.063 0.476804
0.064 0.484536
0.065 0.489691
0.066 0.497423
0.067 0.497423
0.068 0.505155
0.069 0.518041
0.07 0.530928
0.071 0.53866
0.072 0.556701
0.073 0.569588
0.074 0.582474
0.075 0.587629
0.076 0.595361
0.077 0.60567
0.078 0.618557
0.079 0.626289
0.08 0.639175
0.081 0.64433
0.082 0.652062
0.083 0.662371
0.084 0.67268
0.085 0.677835
0.086 0.693299
0.087 0.708763
0.088 0.719072
0.089 0.721649
0.09 0.724227
0.091 0.739691
0.092 0.747423
0.093 0.752577
0.094 0.757732
0.095 0.765464
0.096 0.773196
0.097 0.780928
0.098 0.783505
0.099 0.793814
0.1 0.798969
0.101 0.809278
0.102 0.819588
0.103 0.835052
0.104 0.840206
0.105 0.850515
0.106 0.853093
0.107 0.865979
0.108 0.876289
0.109 0.878866
0.11 0.878866
0.111 0.889175
0.112 0.896907
0.113 0.899485
0.114 0.907216
0.115 0.912371
0.116 0.914948
0.117 0.920103
0.118 0.927835
0.119 0.943299
0.12 0.945876
0.121 0.945876
0.122 0.951031
0.123 0.956186
0.124 0.956186
0.125 0.956186
0.126 0.956186
0.127 0.958763
0.128 0.96134
0.129 0.96134
0.13 0.96134
0.131 0.963918
0.132 0.966495
0.133 0.969072
0.134 0.971649
0.135 0.971649
0.136 0.971649
0.137 0.974227
0.138 0.974227
0.139 0.974227
0.14 0.974227
0.141 0.974227
0.142 0.974227
0.143 0.974227
0.144 0.974227
0.145 0.974227
0.146 0.974227
0.147 0.974227
0.148 0.974227
0.149 0.974227
0.15 0.974227
0.151 0.974227
0.152 0.976804
0.153 0.976804
0.154 0.979381
0.155 0.979381
0.156 0.979381
0.157 0.979381
0.158 0.979381
0.159 0.979381
0.16 0.979381
0.161 0.979381
0.162 0.979381
0.163 0.979381
0.164 0.979381
0.165 0.979381
0.166 0.979381
0.167 0.979381
0.168 0.979381
0.169 0.979381
0.17 0.979381
0.171 0.979381
0.172 0.979381
0.173 0.979381
0.174 0.979381
0.175 0.981959
0.176 0.984536
0.177 0.984536
0.178 0.984536
0.179 0.984536
0.18 0.987113
0.181 0.987113
0.182 0.987113
0.183 0.987113
0.184 0.987113
0.185 0.987113
0.186 0.987113
0.187 0.987113
0.188 0.987113
0.189 0.987113
0.19 0.987113
0.191 0.987113
0.192 0.989691
0.193 0.989691
0.194 0.992268
0.195 0.992268
0.196 0.992268
0.197 0.992268
0.198 0.992268
0.199 0.992268
0.2 0.994845
0.201 0.994845
0.202 0.994845
0.203 0.994845
0.204 0.994845
0.205 0.994845
0.206 0.994845
0.207 0.994845
0.208 0.994845
0.209 0.994845
0.21 0.994845
0.211 0.994845
0.212 0.994845
0.213 0.994845
0.214 0.994845
0.215 0.994845
0.216 0.994845
0.217 0.994845
0.218 0.994845
0.219 0.994845
0.22 0.994845
0.221 0.994845
0.222 0.994845
0.223 0.997423
0.224 0.997423
0.225 0.997423
0.226 0.997423
0.227 0.997423
0.228 0.997423
0.229 0.997423
0.23 0.997423
0.231 0.997423
0.232 0.997423
0.233 0.997423
0.234 0.997423
0.235 0.997423
0.236 0.997423
0.237 1
0.238 1
0.239 1
0.24 1
0.241 1
0.242 1
0.243 1
0.244 1
0.245 1
0.246 1
0.247 1
0.248 1
0.249 1
0.25 1
0.251 1
0.252 1
0.253 1
0.254 1
0.255 1
0.256 1
0.257 1
0.258 1
0.259 1
0.26 1
0.261 1
0.262 1
0.263 1
0.264 1
0.265 1
0.266 1
0.267 1
0.268 1
0.269 1
0.27 1
0.271 1
0.272 1
0.273 1
0.274 1
0.275 1
0.276 1
0.277 1
0.278 1
0.279 1
0.28 1
0.281 1
0.282 1
0.283 1
0.284 1
0.285 1
0.286 1
0.287 1
0.288 1
0.289 1
0.29 1
0.291 1
0.292 1
0.293 1
0.294 1
0.295 1
0.296 1
0.297 1
0.298 1
0.299 1
0.3 1
0.301 1
0.302 1
0.303 1
0.304 1
0.305 1
0.306 1
0.307 1
0.308 1
0.309 1
0.31 1
0.311 1
0.312 1
0.313 1
0.314 1
0.315 1
0.316 1
0.317 1
0.318 1
0.319 1
0.32 1
0.321 1
0.322 1
0.323 1
0.324 1
0.325 1
0.326 1
0.327 1
0.328 1
0.329 1
0.33 1
0.331 1
0.332 1
0.333 1
0.334 1
0.335 1
0.336 1
0.337 1
0.338 1
0.339 1
0.34 1
0.341 1
0.342 1
0.343 1
0.344 1
0.345 1
0.346 1
0.347 1
0.348 1
0.349 1
0.35 1
0.351 1
0.352 1
0.353 1
0.354 1
0.355 1
0.356 1
0.357 1
0.358 1
0.359 1
0.36 1
0.361 1
0.362 1
0.363 1
0.364 1
0.365 1
0.366 1
0.367 1
0.368 1
0.369 1
0.37 1
0.371 1
0.372 1
0.373 1
0.374 1
0.375 1
0.376 1
0.377 1
0.378 1
0.379 1
0.38 1
0.381 1
0.382 1
0.383 1
0.384 1
0.385 1
0.386 1
0.387 1
0.388 1
0.389 1
0.39 1
0.391 1
0.392 1
0.393 1
0.394 1
0.395 1
0.396 1
0.397 1
0.398 1
0.399 1
0.4 1
