400
0 0
0.001 0.0162037
0.002 0.025463
0.003 0.0300926
0.004 0.0324074
0.005 0.0416667
0.006 0.0532407
0.007 0.0555556
0.008 0.0601852
0.009 0.0625
0.01 0.0671296
0.011 0.0740741
0.012 0.0763889
0.013 0.0763889
0.014 0.087963
0.015 0.099537
0.016 0.113426
0.017 0.118056
0.018 0.122685
0.019 0.125
0.02 0.136574
0.021 0.145833
0.022 0.155093
0.023 0.168981
0.024 0.180556
0.025 0.185185
0.026 0.196759
0.027 0.203704
0.028 0.212963
0.029 0.217593
0.03 0.233796
0.031 0.240741
0.032 0.243056
0.033 0.25
0.034 0.256944
0.035 0.266204
0.036 0.275463
0.037 0.282407
0.038 0.289352
0.039 0.303241
0.04 0.30787
0.041 0.31713
0.042 0.328704
0.043 0.335648
0.044 0.351852
0.045 0.358796
0.046 0.365741
0.047 0.37963
0.048 0.384259
0.049 0.398148
0.05 0.400463
0.051 0.405093
0.052 0.418981
0.053 0.421296
0.054 0.425926
0.055 0.430556
0.056 0.439815
0.057 0.446759
0.058 0.456019
0.059 0.462963
0.06 0.472222
0.061 0.476852
0.062 0.493056
0.063 0.5
0.064 0.5
0.065 0.511574
0.066 0.516204
0.067 0.532407
0.068 0.543981
0.069 0.55787
0.07 0.564815
0.071 0.569444
0.072 0.583333
0.073 0.594907
0.074 0.606481
0.075 0.618056
0.076 0.627315
0.077 0.62963
0.078 0.643519
0.079 0.643519
0.08 0.652778
0.081 0.671296
0.082 0.673611
0.083 0.685185
0.084 0.69213
0.085 0.703704
0.086 0.724537
0.087 0.738426
0.088 0.74537
0.089 0.752315
0.09 0.766204
0.091 0.773148
0.092 0.782407
0.093 0.787037
0.094 0.791667
0.095 0.805556
0.096 0.8125
0.097 0.826389
0.098 0.833333
0.099 0.847222
0.1 0.854167
0.101 0.863426
0.102 0.87037
0.103 0.87037
0.104 0.877315
0.105 0.884259
0.106 0.886574
0.107 0.886574
0.108 0.895833
0.109 0.895833
0.11 0.898148
0.111 0.902778
0.112 0.909722
0.113 0.916667
0.114 0.918981
0.115 0.925926
0.116 0.930556
0.117 0.930556
0.118 0.93287
0.119 0.9375
0.12 0.939815
0.121 0.94213
0.122 0.946759
0.123 0.949074
0.124 0.956019
0.125 0.960648
0.126 0.965278
0.127 0.965278
0.128 0.965278
0.129 0.965278
0.13 0.967593
0.131 0.967593
0.132 0.969907
0.133 0.969907
0.134 0.969907
0.135 0.972222
0.136 0.972222
0.137 0.972222
0.138 0.972222
0.139 0.972222
0.14 0.972222
0.141 0.972222
0.142 0.972222
0.143 0.972222
0.144 0.972222
0.145 0.972222
0.146 0.972222
0.147 0.972222
0.148 0.972222
0.149 0.972222
0.15 0.972222
0.151 0.972222
0.152 0.972222
0.153 0.972222
0.154 0.972222
0.155 0.974537
0.156 0.974537
0.157 0.974537
0.158 0.974537
0.159 0.974537
0.16 0.974537
0.161 0.974537
0.162 0.974537
0.163 0.974537
0.164 0.974537
0.165 0.974537
0.166 0.974537
0.167 0.974537
0.168 0.974537
0.169 0.974537
0.17 0.974537
0.171 0.974537
0.172 0.974537
0.173 0.974537
0.174 0.974537
0.175 0.974537
0.176 0.974537
0.177 0.974537
0.178 0.974537
0.179 0.974537
0.18 0.974537
0.181 0.974537
0.182 0.974537
0.183 0.974537
0.184 0.974537
0.185 0.974537
0.186 0.974537
0.187 0.974537
0.188 0.974537
0.189 0.974537
0.19 0.974537
0.191 0.974537
0.192 0.974537
0.193 0.974537
0.194 0.974537
0.195 0.974537
0.196 0.974537
0.197 0.974537
0.198 0.974537
0.199 0.976852
0.2 0.979167
0.201 0.979167
0.202 0.979167
0.203 0.979167
0.204 0.981481
0.205 0.981481
0.206 0.981481
0.207 0.981481
0.208 0.981481
0.209 0.981481
0.21 0.981481
0.211 0.981481
0.212 0.981481
0.213 0.981481
0.214 0.981481
0.215 0.983796
0.216 0.986111
0.217 0.986111
0.218 0.986111
0.219 0.986111
0.22 0.986111
0.221 0.986111
0.222 0.986111
0.223 0.986111
0.224 0.986111
0.225 0.986111
0.226 0.986111
0.227 0.986111
0.228 0.986111
0.229 0.986111
0.23 0.988426
0.231 0.988426
0.232 0.988426
0.233 0.988426
0.234 0.988426
0.235 0.988426
0.236 0.988426
0.237 0.988426
0.238 0.988426
0.239 0.988426
0.24 0.990741
0.241 0.990741
0.242 0.990741
0.243 0.990741
0.244 0.990741
0.245 0.990741
0.246 0.990741
0.247 0.993056
0.248 0.99537
0.249 0.99537
0.25 0.99537
0.251 0.99537
0.252 0.99537
0.253 0.99537
0.254 0.99537
0.255 0.99537
0.256 0.99537
0.257 0.99537
0.258 0.99537
0.259 0.99537
0.26 0.99537
0.261 0.99537
0.262 0.99537
0.263 0.99537
0.264 0.99537
0.265 0.99537
0.266 0.99537
0.267 0.99537
0.268 0.997685
0.269 0.997685
0.27 0.997685
0.271 0.997685
0.272 0.997685
0.273 0.997685
0.274 0.997685
0.275 0.997685
0.276 0.997685
0.277 0.997685
0.278 0.997685
0.279 0.997685
0.28 0.997685
0.281 0.997685
0.282 0.997685
0.283 0.997685
0.284 0.997685
0.285 0.997685
0.286 0.997685
0.287 0.997685
0.288 0.997685
0.289 0.997685
0.29 1
0.291 1
0.292 1
0.293 1
0.294 1
0.295 1
0.296 1
0.297 1
0.298 1
0.299 1
0.3 1
0.301 1
0.302 1
0.303 1
0.304 1
0.305 1
0.306 1
0.307 1
0.308 1
0.309 1
0.31 1
0.311 1
0.312 1
0.313 1
0.314 1
0.315 1
0.316 1
0.317 1
0.318 1
0.319 1
0.32 1
0.321 1
0.322 1
0.323 1
0.324 1
0.325 1
0.326 1
0.327 1
0.328 1
0.329 1
0.33 1
0.331 1
0.332 1
0.333 1
0.334 1
0.335 1
0.336 1
0.337 1
0.338 1
0.339 1
0.34 1
0.341 1
0.342 1
0.343 1
0.344 1
0.345 1
0.346 1
0.347 1
0.348 1
0.349 1
0.35 1
0.351 1
0.352 1
0.353 1
0.354 1
0.355 1
0.356 1
0.357 1
0.358 1
0.359 1
0.36 1
0.361 1
0.362 1
0.363 1
0.364 1
0.365 1
0.366 1
0.367 1
0.368 1
0.369 1
0.37 1
0.371 1
0.372 1
0.373 1
0.374 1
0.375 1
0.376 1
0.377 1
0.378 1
0.379 1
0.38 1
0.381 1
0.382 1
0.383 1
0.384 1
0.385 1
0.386 1
0.387 1
0.388 1
0.389 1
0.39 1
0.391 1
0.392 1
0.393 1
0.394 1
0.395 1
0.396 1
0.397 1
0.398 1
0.399 1
0.4 1
