400
0 0
0.001 0.00791557
0.002 0.0184697
0.003 0.0316623
0.004 0.0343008
0.005 0.0422164
0.006 0.0474934
0.007 0.060686
0.008 0.0765172
0.009 0.0791557
0.01 0.0844327
0.011 0.0897098
0.012 0.100264
0.013 0.113456
0.014 0.116095
0.015 0.124011
0.016 0.126649
0.017 0.131926
0.018 0.137203
0.019 0.145119
0.02 0.153034
0.021 0.163588
0.022 0.171504
0.023 0.174142
0.024 0.17942
0.025 0.187335
0.026 0.192612
0.027 0.192612
0.028 0.203166
0.029 0.21372
0.03 0.218997
0.031 0.221636
0.032 0.23219
0.033 0.245383
0.034 0.25066
0.035 0.263852
0.036 0.271768
0.037 0.274406
0.038 0.287599
0.039 0.292876
0.04 0.298153
0.041 0.30343
0.042 0.313984
0.043 0.319261
0.044 0.324538
0.045 0.335092
0.046 0.343008
0.047 0.348285
0.048 0.358839
0.049 0.366755
0.05 0.377309
0.051 0.387863
0.052 0.398417
0.053 0.406332
0.054 0.419525
0.055 0.424802
0.056 0.432718
0.057 0.437995
0.058 0.443272
0.059 0.456464
0.06 0.456464
0.061 0.46438
0.062 0.469657
0.063 0.490765
0.064 0.506596
0.065 0.511873
0.066 0.525066
0.067 0.530343
0.068 0.538259
0.069 0.551451
0.07 0.551451
0.071 0.569921
0.072 0.577836
0.073 0.588391
0.074 0.596306
0.075 0.598945
0.076 0.609499
0.077 0.614776
0.078 0.627968
0.079 0.638522
0.08 0.646438
0.081 0.649077
0.082 0.656992
0.083 0.672823
0.084 0.683377
0.085 0.693931
0.086 0.707124
0.087 0.717678
0.088 0.733509
0.089 0.741425
0.09 0.754617
0.091 0.770449
0.092 0.778364
0.093 0.788918
0.094 0.802111
0.095 0.812665
0.096 0.82058
0.097 0.841689
0.098 0.852243
0.099 0.852243
0.1 0.85752
0.101 0.860158
0.102 0.870712
0.103 0.875989
0.104 0.878628
0.105 0.891821
0.106 0.894459
0.107 0.899736
0.108 0.905013
0.109 0.91029
0.11 0.920844
0.111 0.923483
0.112 0.926121
0.113 0.926121
0.114 0.934037
0.115 0.934037
0.116 0.941953
0.117 0.944591
0.118 0.944591
0.119 0.94723
0.12 0.949868
0.121 0.952507
0.122 0.952507
0.123 0.952507
0.124 0.952507
0.125 0.955145
0.126 0.957784
0.127 0.960422
0.128 0.960422
0.129 0.960422
0.13 0.960422
0.131 0.963061
0.132 0.963061
0.133 0.963061
0.134 0.963061
0.135 0.963061
0.136 0.963061
0.137 0.963061
0.138 0.963061
0.139 0.963061
0.14 0.968338
0.141 0.970976
0.142 0.970976
0.143 0.970976
0.144 0.970976
0.145 0.970976
0.146 0.970976
0.147 0.970976
0.148 0.970976
0.149 0.970976
0.15 0.970976
0.151 0.970976
0.152 0.970976
0.153 0.970976
0.154 0.970976
0.155 0.970976
0.156 0.970976
0.157 0.970976
0.158 0.970976
0.159 0.970976
0.16 0.970976
0.161 0.970976
0.162 0.970976
0.163 0.970976
0.164 0.970976
0.165 0.970976
0.166 0.973615
0.167 0.973615
0.168 0.973615
0.169 0.973615
0.17 0.973615
0.171 0.973615
0.172 0.973615
0.173 0.976253
0.174 0.976253
0.175 0.976253
0.176 0.976253
0.177 0.978892
0.178 0.978892
0.179 0.98153
0.18 0.98153
0.181 0.984169
0.182 0.984169
0.183 0.984169
0.184 0.984169
0.185 0.984169
0.186 0.984169
0.187 0.984169
0.188 0.984169
0.189 0.984169
0.19 0.984169
0.191 0.984169
0.192 0.984169
0.193 0.984169
0.194 0.984169
0.195 0.984169
0.196 0.984169
0.197 0.984169
0.198 0.984169
0.199 0.984169
0.2 0.984169
0.201 0.984169
0.202 0.984169
0.203 0.984169
0.204 0.984169
0.205 0.984169
0.206 0.984169
0.207 0.984169
0.208 0.984169
0.209 0.984169
0.21 0.984169
0.211 0.986807
0.212 0.986807
0.213 0.986807
0.214 0.986807
0.215 0.986807
0.216 0.986807
0.217 0.986807
0.218 0.986807
0.219 0.986807
0.22 0.986807
0.221 0.986807
0.222 0.989446
0.223 0.989446
0.224 0.989446
0.225 0.989446
0.226 0.989446
0.227 0.989446
0.228 0.989446
0.229 0.989446
0.23 0.989446
0.231 0.989446
0.232 0.989446
0.233 0.989446
0.234 0.989446
0.235 0.994723
0.236 0.994723
0.237 0.994723
0.238 0.994723
0.239 0.994723
0.24 0.994723
0.241 0.994723
0.242 0.994723
0.243 0.994723
0.244 0.994723
0.245 0.994723
0.246 0.994723
0.247 0.994723
0.248 0.994723
0.249 0.994723
0.25 0.994723
0.251 0.994723
0.252 0.994723
0.253 0.994723
0.254 0.994723
0.255 0.994723
0.256 0.994723
0.257 0.994723
0.258 0.994723
0.259 0.994723
0.26 0.994723
0.261 0.994723
0.262 0.994723
0.263 0.994723
0.264 0.994723
0.265 0.994723
0.266 0.994723
0.267 0.994723
0.268 0.997362
0.269 0.997362
0.27 0.997362
0.271 0.997362
0.272 0.997362
0.273 0.997362
0.274 0.997362
0.275 0.997362
0.276 0.997362
0.277 0.997362
0.278 0.997362
0.279 0.997362
0.28 0.997362
0.281 0.997362
0.282 0.997362
0.283 0.997362
0.284 0.997362
0.285 0.997362
0.286 0.997362
0.287 0.997362
0.288 0.997362
0.289 0.997362
0.29 0.997362
0.291 0.997362
0.292 0.997362
0.293 0.997362
0.294 0.997362
0.295 0.997362
0.296 0.997362
0.297 0.997362
0.298 0.997362
0.299 1
0.3 1
0.301 1
0.302 1
0.303 1
0.304 1
0.305 1
0.306 1
0.307 1
0.308 1
0.309 1
0.31 1
0.311 1
0.312 1
0.313 1
0.314 1
0.315 1
0.316 1
0.317 1
0.318 1
0.319 1
0.32 1
0.321 1
0.322 1
0.323 1
0.324 1
0.325 1
0.326 1
0.327 1
0.328 1
0.329 1
0.33 1
0.331 1
0.332 1
0.333 1
0.334 1
0.335 1
0.336 1
0.337 1
0.338 1
0.339 1
0.34 1
0.341 1
0.342 1
0.343 1
0.344 1
0.345 1
0.346 1
0.347 1
0.348 1
0.349 1
0.35 1
0.351 1
0.352 1
0.353 1
0.354 1
0.355 1
0.356 1
0.357 1
0.358 1
0.359 1
0.36 1
0.361 1
0.362 1
0.363 1
0.364 1
0.365 1
0.366 1
0.367 1
0.368 1
0.369 1
0.37 1
0.371 1
0.372 1
0.373 1
0.374 1
0.375 1
0.376 1
0.377 1
0.378 1
0.379 1
0.38 1
0.381 1
0.382 1
0.383 1
0.384 1
0.385 1
0.386 1
0.387 1
0.388 1
0.389 1
0.39 1
0.391 1
0.392 1
0.393 1
0.394 1
0.395 1
0.396 1
0.397 1
0.398 1
0.399 1
0.4 1
