400
0 0
0.001 0
0.002 0.005
0.003 0.01
0.004 0.015
0.005 0.025
0.006 0.025
0.007 0.025
0.008 0.035
0.009 0.055
0.01 0.06
0.011 0.075
0.012 0.085
0.013 0.1
0.014 0.105
0.015 0.105
0.016 0.11
0.017 0.12
0.018 0.12
0.019 0.13
0.02 0.15
0.021 0.15
0.022 0.155
0.023 0.17
0.024 0.17
0.025 0.18
0.026 0.2
0.027 0.2
0.028 0.205
0.029 0.205
0.03 0.21
0.031 0.22
0.032 0.225
0.033 0.235
0.034 0.24
0.035 0.24
0.036 0.26
0.037 0.265
0.038 0.275
0.039 0.285
0.04 0.3
0.041 0.315
0.042 0.32
0.043 0.325
0.044 0.34
0.045 0.355
0.046 0.36
0.047 0.365
0.048 0.375
0.049 0.38
0.05 0.385
0.051 0.39
0.052 0.42
0.053 0.425
0.054 0.435
0.055 0.445
0.056 0.45
0.057 0.455
0.058 0.465
0.059 0.475
0.06 0.485
0.061 0.495
0.062 0.5
0.063 0.505
0.064 0.515
0.065 0.515
0.066 0.525
0.067 0.53
0.068 0.545
0.069 0.55
0.07 0.555
0.071 0.56
0.072 0.56
0.073 0.565
0.074 0.57
0.075 0.59
0.076 0.6
0.077 0.61
0.078 0.625
0.079 0.635
0.08 0.645
0.081 0.645
0.082 0.645
0.083 0.665
0.084 0.675
0.085 0.695
0.086 0.7
0.087 0.71
0.088 0.71
0.089 0.715
0.09 0.72
0.091 0.725
0.092 0.735
0.093 0.735
0.094 0.735
0.095 0.74
0.096 0.76
0.097 0.765
0.098 0.78
0.099 0.785
0.1 0.795
0.101 0.805
0.102 0.83
0.103 0.83
0.104 0.84
0.105 0.85
0.106 0.85
0.107 0.855
0.108 0.865
0.109 0.865
0.11 0.875
0.111 0.88
0.112 0.88
0.113 0.885
0.114 0.885
0.115 0.895
0.116 0.895
0.117 0.895
0.118 0.9
0.119 0.9
0.12 0.91
0.121 0.91
0.122 0.91
0.123 0.925
0.124 0.93
0.125 0.935
0.126 0.935
0.127 0.94
0.128 0.94
0.129 0.95
0.13 0.95
0.131 0.95
0.132 0.95
0.133 0.955
0.134 0.955
0.135 0.96
0.136 0.96
0.137 0.96
0.138 0.965
0.139 0.965
0.14 0.965
0.141 0.965
0.142 0.965
0.143 0.965
0.144 0.965
0.145 0.965
0.146 0.965
0.147 0.965
0.148 0.965
0.149 0.965
0.15 0.965
0.151 0.97
0.152 0.97
0.153 0.97
0.154 0.97
0.155 0.97
0.156 0.97
0.157 0.97
0.158 0.97
0.159 0.97
0.16 0.975
0.161 0.98
0.162 0.98
0.163 0.98
0.164 0.98
0.165 0.98
0.166 0.985
0.167 0.985
0.168 0.985
0.169 0.985
0.17 0.985
0.171 0.985
0.172 0.985
0.173 0.985
0.174 0.985
0.175 0.99
0.176 0.99
0.177 0.99
0.178 0.99
0.179 0.99
0.18 0.99
0.181 0.99
0.182 0.99
0.183 0.99
0.184 0.99
0.185 0.99
0.186 0.99
0.187 0.99
0.188 0.99
0.189 0.99
0.19 0.99
0.191 0.99
0.192 0.99
0.193 0.99
0.194 0.99
0.195 0.99
0.196 0.99
0.197 0.99
0.198 0.99
0.199 0.99
0.2 0.99
0.201 0.99
0.202 0.99
0.203 0.99
0.204 0.99
0.205 0.99
0.206 0.995
0.207 0.995
0.208 0.995
0.209 0.995
0.21 0.995
0.211 0.995
0.212 0.995
0.213 0.995
0.214 0.995
0.215 0.995
0.216 0.995
0.217 0.995
0.218 0.995
0.219 0.995
0.22 0.995
0.221 0.995
0.222 0.995
0.223 0.995
0.224 0.995
0.225 0.995
0.226 0.995
0.227 0.995
0.228 0.995
0.229 0.995
0.23 0.995
0.231 0.995
0.232 0.995
0.233 0.995
0.234 0.995
0.235 0.995
0.236 0.995
0.237 0.995
0.238 0.995
0.239 0.995
0.24 0.995
0.241 0.995
0.242 0.995
0.243 0.995
0.244 0.995
0.245 0.995
0.246 0.995
0.247 0.995
0.248 0.995
0.249 0.995
0.25 0.995
0.251 0.995
0.252 0.995
0.253 0.995
0.254 0.995
0.255 0.995
0.256 0.995
0.257 0.995
0.258 0.995
0.259 0.995
0.26 0.995
0.261 0.995
0.262 0.995
0.263 0.995
0.264 0.995
0.265 0.995
0.266 0.995
0.267 1
0.268 1
0.269 1
0.27 1
0.271 1
0.272 1
0.273 1
0.274 1
0.275 1
0.276 1
0.277 1
0.278 1
0.279 1
0.28 1
0.281 1
0.282 1
0.283 1
0.284 1
0.285 1
0.286 1
0.287 1
0.288 1
0.289 1
0.29 1
0.291 1
0.292 1
0.293 1
0.294 1
0.295 1
0.296 1
0.297 1
0.298 1
0.299 1
0.3 1
0.301 1
0.302 1
0.303 1
0.304 1
0.305 1
0.306 1
0.307 1
0.308 1
0.309 1
0.31 1
0.311 1
0.312 1
0.313 1
0.314 1
0.315 1
0.316 1
0.317 1
0.318 1
0.319 1
0.32 1
0.321 1
0.322 1
0.323 1
0.324 1
0.325 1
0.326 1
0.327 1
0.328 1
0.329 1
0.33 1
0.331 1
0.332 1
0.333 1
0.334 1
0.335 1
0.336 1
0.337 1
0.338 1
0.339 1
0.34 1
0.341 1
0.342 1
0.343 1
0.344 1
0.345 1
0.346 1
0.347 1
0.348 1
0.349 1
0.35 1
0.351 1
0.352 1
0.353 1
0.354 1
0.355 1
0.356 1
0.357 1
0.358 1
0.359 1
0.36 1
0.361 1
0.362 1
0.363 1
0.364 1
0.365 1
0.366 1
0.367 1
0.368 1
0.369 1
0.37 1
0.371 1
0.372 1
0.373 1
0.374 1
0.375 1
0.376 1
0.377 1
0.378 1
0.379 1
0.38 1
0.381 1
0.382 1
0.383 1
0.384 1
0.385 1
0.386 1
0.387 1
0.388 1
0.389 1
0.39 1
0.391 1
0.392 1
0.393 1
0.394 1
0.395 1
0.396 1
0.397 1
0.398 1
0.399 1
0.4 1
