1500
0.3 0.00146077
0.5 0.00284328
0.7 0.00429101
0.9 0.00614305
1.1 0.00769512
1.3 0.00935152
1.5 0.010734
1.7 0.0120644
1.9 0.0135643
2.1 0.0150511
2.3 0.0169423
2.5 0.0185465
2.7 0.0201116
2.9 0.0215202
3.1 0.0230984
3.3 0.0247418
3.5 0.0261504
3.7 0.0277807
3.9 0.0295153
4.1 0.0308066
4.3 0.032476
4.5 0.0339237
4.7 0.0351628
4.9 0.0366627
5.1 0.0383843
5.3 0.0397929
5.5 0.0414232
5.7 0.0430666
5.9 0.0446186
6.1 0.0461707
6.3 0.0479706
6.5 0.049627
6.7 0.0513225
6.9 0.0530702
7.1 0.0546223
7.3 0.0559787
7.5 0.0576351
7.7 0.0593176
7.9 0.0609218
8.1 0.0626043
8.3 0.0642999
8.5 0.0662041
8.7 0.0679127
8.9 0.0696865
9.1 0.071382
9.3 0.0730645
9.5 0.0747861
9.7 0.0766512
9.9 0.0783467
10.1 0.0798857
10.3 0.0817117
10.5 0.0832246
10.7 0.084855
10.9 0.0864983
11.1 0.0880765
11.3 0.0897851
11.5 0.0915328
11.7 0.0933326
11.9 0.0950412
12.1 0.0968411
12.3 0.0986801
12.5 0.100115
12.7 0.101902
12.9 0.103728
13.1 0.105397
13.3 0.106884
13.5 0.108788
13.7 0.110653
13.9 0.112544
14.1 0.114396
14.3 0.116066
14.5 0.118231
14.7 0.120109
14.9 0.121713
15.1 0.123487
15.3 0.125013
15.5 0.126682
15.7 0.128469
15.9 0.130243
16.1 0.132069
16.3 0.133895
16.5 0.135917
16.7 0.137586
16.9 0.13919
17.1 0.140677
17.3 0.142764
17.5 0.144577
17.7 0.146442
17.9 0.148229
18.1 0.149937
18.3 0.152142
18.5 0.153915
18.7 0.155689
18.9 0.157293
19.1 0.15908
19.3 0.160971
19.5 0.162941
19.7 0.164532
19.9 0.166123
20.1 0.167832
20.3 0.169384
20.5 0.171262
20.7 0.173075
20.9 0.175266
21.1 0.176975
21.3 0.178866
21.5 0.180953
21.7 0.182713
21.9 0.184331
22.1 0.186052
22.3 0.187865
22.5 0.1896
22.7 0.191204
22.9 0.192991
23.1 0.195013
23.3 0.196747
23.5 0.198417
23.7 0.199982
23.9 0.201873
24.1 0.203647
24.3 0.205773
24.5 0.207755
24.7 0.209503
24.9 0.211185
25.1 0.212829
25.3 0.214616
25.5 0.216585
25.7 0.218267
25.9 0.220002
26.1 0.221998
26.3 0.223758
26.5 0.225936
26.7 0.22741
26.9 0.229288
27.1 0.231349
27.3 0.233149
27.5 0.235158
27.7 0.237049
27.9 0.239005
28.1 0.240753
28.3 0.242501
28.5 0.2443
28.7 0.246165
28.9 0.247665
29.1 0.249491
29.3 0.251291
29.5 0.253208
29.7 0.255061
29.9 0.256691
30.1 0.258034
30.3 0.259965
30.5 0.261673
30.7 0.263877
30.9 0.266003
31.1 0.267777
31.3 0.269603
31.5 0.271598
31.7 0.273464
31.9 0.275485
32.1 0.277389
32.3 0.279528
32.5 0.281667
32.7 0.283246
32.9 0.285176
33.1 0.286963
33.3 0.28901
33.5 0.291058
33.7 0.29321
33.9 0.295362
34.1 0.29741
34.3 0.299079
34.5 0.301009
34.7 0.303044
34.9 0.304792
35.1 0.306487
35.3 0.308222
35.5 0.310126
35.7 0.311861
35.9 0.313439
36.1 0.315095
36.3 0.317091
36.5 0.319086
36.7 0.320808
36.9 0.322465
37.1 0.324564
37.3 0.32609
37.5 0.328047
37.7 0.329703
37.9 0.331725
38.1 0.333394
38.3 0.335311
38.5 0.336955
38.7 0.338742
38.9 0.340737
39.1 0.342263
39.3 0.343737
39.5 0.345628
39.7 0.347324
39.9 0.349176
40.1 0.35078
40.3 0.352541
40.5 0.354301
40.7 0.356023
40.9 0.357745
41.1 0.359466
41.3 0.361371
41.5 0.363014
41.7 0.365062
41.9 0.366992
42.1 0.368961
42.3 0.370879
42.5 0.372535
42.7 0.3741
42.9 0.375796
43.1 0.377413
43.3 0.379134
43.5 0.381169
43.7 0.383191
43.9 0.385095
44.1 0.386882
44.3 0.388864
44.5 0.39129
44.7 0.392894
44.9 0.394616
45.1 0.396285
45.3 0.398098
45.5 0.399703
45.7 0.401542
45.9 0.40342
46.1 0.405559
46.3 0.407489
46.5 0.409406
46.7 0.410984
46.9 0.413202
47.1 0.414806
47.3 0.416645
47.5 0.418327
47.7 0.420206
47.9 0.421966
48.1 0.423688
48.3 0.425396
48.5 0.427053
48.7 0.429074
48.9 0.430692
49.1 0.4327
49.3 0.434474
49.5 0.4363
49.7 0.438035
49.9 0.439639
50.1 0.441726
50.3 0.443682
50.5 0.445469
50.7 0.447256
50.9 0.449369
51.1 0.451064
51.3 0.453099
51.5 0.454638
51.7 0.456242
51.9 0.458081
52.1 0.460142
52.3 0.462164
52.5 0.463963
52.7 0.465633
52.9 0.467211
53.1 0.469311
53.3 0.471137
53.5 0.473054
53.7 0.475167
53.9 0.477019
54.1 0.478754
54.3 0.480554
54.5 0.482288
54.7 0.484297
54.9 0.486175
55.1 0.487792
55.3 0.489383
55.5 0.491183
55.7 0.492774
55.9 0.494353
56.1 0.495983
56.3 0.497952
56.5 0.499726
56.7 0.501448
56.9 0.502882
57.1 0.504774
57.3 0.5063
57.5 0.507995
57.7 0.509899
57.9 0.511621
58.1 0.513629
58.3 0.515821
58.5 0.517412
58.7 0.519277
58.9 0.521155
59.1 0.523059
59.3 0.52499
59.5 0.526594
59.7 0.528342
59.9 0.529854
60.1 0.531811
60.3 0.533728
60.5 0.535684
60.7 0.53751
60.9 0.539167
61.1 0.541058
61.3 0.542832
61.5 0.544919
61.7 0.546679
61.9 0.548414
62.1 0.550305
62.3 0.551988
62.5 0.553748
62.7 0.5556
62.9 0.557205
63.1 0.558835
63.3 0.560583
63.5 0.562487
63.7 0.564143
63.9 0.565708
64.1 0.567352
64.3 0.5691
64.5 0.571056
64.7 0.57296
64.9 0.574525
65.1 0.576247
65.3 0.578282
65.5 0.580329
65.7 0.582416
65.9 0.584477
66.1 0.586251
66.3 0.588181
66.5 0.589955
66.7 0.59195
66.9 0.59358
67.1 0.595341
67.3 0.596985
67.5 0.598967
67.7 0.600949
67.9 0.602658
68.1 0.604367
68.3 0.605867
68.5 0.607875
68.7 0.609779
68.9 0.611384
69.1 0.613314
69.3 0.614931
69.5 0.616731
69.7 0.618727
69.9 0.620396
70.1 0.622287
70.3 0.624048
70.5 0.625991
70.7 0.627895
70.9 0.62963
71.1 0.631365
71.3 0.633217
71.5 0.635108
71.7 0.636869
71.9 0.638564
72.1 0.640442
72.3 0.642281
72.5 0.64399
72.7 0.645777
72.9 0.647655
73.1 0.649272
73.3 0.650929
73.5 0.652533
73.7 0.654333
73.9 0.65582
74.1 0.657267
74.3 0.658976
74.5 0.660854
74.7 0.662693
74.9 0.66461
75.1 0.66658
75.3 0.668432
75.5 0.67001
75.7 0.671471
75.9 0.673218
76.1 0.675018
76.3 0.67674
76.5 0.678461
76.7 0.680405
76.9 0.682296
77.1 0.684213
77.3 0.686157
77.5 0.688126
77.7 0.689717
77.9 0.691556
78.1 0.693187
78.3 0.694647
78.5 0.696225
78.7 0.697947
78.9 0.699656
79.1 0.701443
79.3 0.703164
79.5 0.705029
79.7 0.70696
79.9 0.708629
80.1 0.71052
80.3 0.712424
80.5 0.713963
80.7 0.715502
80.9 0.716924
81.1 0.71828
81.3 0.720133
81.5 0.721919
81.7 0.723602
81.9 0.725363
82.1 0.727228
82.3 0.728819
82.5 0.73054
82.7 0.732458
82.9 0.734297
83.1 0.735718
83.3 0.737505
83.5 0.739175
83.7 0.741118
83.9 0.742696
84.1 0.744274
84.3 0.745813
84.5 0.74747
84.7 0.748983
84.9 0.750704
85.1 0.752374
85.3 0.754187
85.5 0.75596
85.7 0.757526
85.9 0.758973
86.1 0.760512
86.3 0.762286
86.5 0.763943
86.7 0.765664
86.9 0.767294
87.1 0.768833
87.3 0.770177
87.5 0.771755
87.7 0.773007
87.9 0.77465
88.1 0.776333
88.3 0.778068
88.5 0.779828
88.7 0.781524
88.9 0.783441
89.1 0.784928
89.3 0.786467
89.5 0.787954
89.7 0.789454
89.9 0.791006
90.1 0.792675
90.3 0.794319
90.5 0.795662
90.7 0.797175
90.9 0.798597
91.1 0.800123
91.3 0.801675
91.5 0.803109
91.7 0.804583
91.9 0.806031
92.1 0.8077
92.3 0.809435
92.5 0.810922
92.7 0.812278
92.9 0.813648
93.1 0.814965
93.3 0.816478
93.5 0.817795
93.7 0.819204
93.9 0.820704
94.1 0.82206
94.3 0.823443
94.5 0.824864
94.7 0.826338
94.9 0.827551
95.1 0.828868
95.3 0.830212
95.5 0.831829
95.7 0.833538
95.9 0.834777
96.1 0.836211
96.3 0.837477
96.5 0.839107
96.7 0.840633
96.9 0.841924
97.1 0.843085
97.3 0.844428
97.5 0.845811
97.7 0.847167
97.9 0.848237
98.1 0.849567
98.3 0.850923
98.5 0.852371
98.7 0.853858
98.9 0.855084
99.1 0.856349
99.3 0.857419
99.5 0.858853
99.7 0.860327
99.9 0.861553
100.1 0.862805
100.3 0.86394
100.5 0.865153
100.7 0.866483
100.9 0.867592
101.1 0.869131
101.3 0.870552
101.5 0.871635
101.7 0.872691
101.9 0.8738
102.1 0.875039
102.3 0.876448
102.5 0.877517
102.7 0.878652
102.9 0.879787
103.1 0.880882
103.3 0.8819
103.5 0.883021
103.7 0.884338
103.9 0.885564
104.1 0.886451
104.3 0.887573
104.5 0.888564
104.7 0.889556
104.9 0.890612
105.1 0.891577
105.3 0.892712
105.5 0.893677
105.7 0.894694
105.9 0.895907
106.1 0.896964
106.3 0.897811
106.5 0.898777
106.7 0.899742
106.9 0.900537
107.1 0.901372
107.3 0.902402
107.5 0.903302
107.7 0.904307
107.9 0.905207
108.1 0.906015
108.3 0.906993
108.5 0.907841
108.7 0.90865
108.9 0.909771
109.1 0.910671
109.3 0.911545
109.5 0.912432
109.7 0.91328
109.9 0.914023
110.1 0.914819
110.3 0.915654
110.5 0.916449
110.7 0.917284
110.9 0.918027
111.1 0.918771
111.3 0.919423
111.5 0.920023
111.7 0.920636
111.9 0.921445
112.1 0.922227
112.3 0.922918
112.5 0.923597
112.7 0.924275
112.9 0.924914
113.1 0.925566
113.3 0.926192
113.5 0.926975
113.7 0.927783
113.9 0.928435
114.1 0.92914
114.3 0.929883
114.5 0.9306
114.7 0.931331
114.9 0.932074
115.1 0.932674
115.3 0.933326
115.5 0.933913
115.7 0.934631
115.9 0.935361
116.1 0.935857
116.3 0.93647
116.5 0.937057
116.7 0.937657
116.9 0.938243
117.1 0.938961
117.3 0.939456
117.5 0.939965
117.7 0.940591
117.9 0.941204
118.1 0.94183
118.3 0.942313
118.5 0.94273
118.7 0.943239
118.9 0.943617
119.1 0.944073
119.3 0.944595
119.5 0.944934
119.7 0.94556
119.9 0.946147
120.1 0.946656
120.3 0.947099
120.5 0.947569
120.7 0.948104
120.9 0.948638
121.1 0.949043
121.3 0.949734
121.5 0.95023
121.7 0.950725
121.9 0.951038
122.1 0.951573
122.3 0.952016
122.5 0.952499
122.7 0.952851
122.9 0.953255
123.1 0.953634
123.3 0.954038
123.5 0.954403
123.7 0.954807
123.9 0.955238
124.1 0.955694
124.3 0.956112
124.5 0.956477
124.7 0.956816
124.9 0.95722
125.1 0.957586
125.3 0.957938
125.5 0.958342
125.7 0.958694
125.9 0.959112
126.1 0.959555
126.3 0.960051
126.5 0.960429
126.7 0.960964
126.9 0.961329
127.1 0.96172
127.3 0.962046
127.5 0.962372
127.7 0.962672
127.9 0.963129
128.1 0.963337
128.3 0.963703
128.5 0.964146
128.7 0.964485
128.9 0.96472
129.1 0.964994
129.3 0.96532
129.5 0.965607
129.7 0.965907
129.9 0.966233
130.1 0.966546
130.3 0.966898
130.5 0.967198
130.7 0.967485
130.9 0.967667
131.1 0.967967
131.3 0.968307
131.5 0.968659
131.7 0.968959
131.9 0.969154
132.1 0.969428
132.3 0.969676
132.5 0.969846
132.7 0.969989
132.9 0.970328
133.1 0.970524
133.3 0.970667
133.5 0.970863
133.7 0.971163
133.9 0.971411
134.1 0.971619
134.3 0.971776
134.5 0.971985
134.7 0.972389
134.9 0.972637
135.1 0.972924
135.3 0.973132
135.5 0.973341
135.7 0.973641
135.9 0.974019
136.1 0.974267
136.3 0.974528
136.5 0.974841
136.7 0.975037
136.9 0.975323
137.1 0.975532
137.3 0.975728
137.5 0.975897
137.7 0.976054
137.9 0.976263
138.1 0.976641
138.3 0.976758
138.5 0.97698
138.7 0.977123
138.9 0.977345
139.1 0.977671
139.3 0.977802
139.5 0.977984
139.7 0.978258
139.9 0.978454
140.1 0.978545
140.3 0.97878
140.5 0.978949
140.7 0.979132
140.9 0.979249
141.1 0.979484
141.3 0.97968
141.5 0.979849
141.7 0.980032
141.9 0.980136
142.1 0.980345
142.3 0.980475
142.5 0.980736
142.7 0.980906
142.9 0.981206
143.1 0.981401
143.3 0.981597
143.5 0.981753
143.7 0.981975
143.9 0.982158
144.1 0.982327
144.3 0.982458
144.5 0.982627
144.7 0.982771
144.9 0.982953
145.1 0.983084
145.3 0.98324
145.5 0.983501
145.7 0.983592
145.9 0.983775
146.1 0.983997
146.3 0.984088
146.5 0.984297
146.7 0.984388
146.9 0.984532
147.1 0.984688
147.3 0.984831
147.5 0.984949
147.7 0.985079
147.9 0.985223
148.1 0.985379
148.3 0.985536
148.5 0.985601
148.7 0.985692
148.9 0.985823
149.1 0.985901
149.3 0.986071
149.5 0.986136
149.7 0.986253
149.9 0.986371
150.1 0.986514
150.3 0.986579
150.5 0.98667
150.7 0.986879
150.9 0.98701
151.1 0.987114
151.3 0.98731
151.5 0.98744
151.7 0.987583
151.9 0.987727
152.1 0.987831
152.3 0.987923
152.5 0.988027
152.7 0.988131
152.9 0.98821
153.1 0.988353
153.3 0.988418
153.5 0.988496
153.7 0.988614
153.9 0.988666
154.1 0.988823
154.3 0.988966
154.5 0.98907
154.7 0.989188
154.9 0.989279
155.1 0.98937
155.3 0.989462
155.5 0.98954
155.7 0.989618
155.9 0.989735
156.1 0.989853
156.3 0.990022
156.5 0.990166
156.7 0.990244
156.9 0.990348
157.1 0.990414
157.3 0.99057
157.5 0.990714
157.7 0.990831
157.9 0.990935
158.1 0.99104
158.3 0.991105
158.5 0.991196
158.7 0.991248
158.9 0.991261
159.1 0.991288
159.3 0.991327
159.5 0.991405
159.7 0.991509
159.9 0.991601
160.1 0.991614
160.3 0.991666
160.5 0.991705
160.7 0.991783
160.9 0.991822
161.1 0.992005
161.3 0.992057
161.5 0.992083
161.7 0.992174
161.9 0.992227
162.1 0.992279
162.3 0.992383
162.5 0.992501
162.7 0.992579
162.9 0.992657
163.1 0.992709
163.3 0.992774
163.5 0.992801
163.7 0.992853
163.9 0.992905
164.1 0.993009
164.3 0.993048
164.5 0.99314
164.7 0.993231
164.9 0.99327
165.1 0.993387
165.3 0.99344
165.5 0.993505
165.7 0.993596
165.9 0.9937
166.1 0.993727
166.3 0.993779
166.5 0.993831
166.7 0.993883
166.9 0.993961
167.1 0.994013
167.3 0.994053
167.5 0.994118
167.7 0.994157
167.9 0.994235
168.1 0.994248
168.3 0.994287
168.5 0.994326
168.7 0.994405
168.9 0.994444
169.1 0.994444
169.3 0.994457
169.5 0.994509
169.7 0.994535
169.9 0.994587
170.1 0.994626
170.3 0.994692
170.5 0.994692
170.7 0.994783
170.9 0.994835
171.1 0.994861
171.3 0.994887
171.5 0.994926
171.7 0.994979
171.9 0.994992
172.1 0.99507
172.3 0.995096
172.5 0.995135
172.7 0.995187
172.9 0.995226
173.1 0.995266
173.3 0.995344
173.5 0.995396
173.7 0.995422
173.9 0.995461
174.1 0.9955
174.3 0.995552
174.5 0.995566
174.7 0.995605
174.9 0.995657
175.1 0.995709
175.3 0.995735
175.5 0.995774
175.7 0.995787
175.9 0.995787
176.1 0.995826
176.3 0.995905
176.5 0.995918
176.7 0.995944
176.9 0.995957
177.1 0.995957
177.3 0.995996
177.5 0.995996
177.7 0.996035
177.9 0.996048
178.1 0.9961
178.3 0.996113
178.5 0.996152
178.7 0.996179
178.9 0.996218
179.1 0.996231
179.3 0.996296
179.5 0.996322
179.7 0.996335
179.9 0.996361
180.1 0.996361
180.3 0.9964
180.5 0.996413
180.7 0.996505
180.9 0.996531
181.1 0.996544
181.3 0.996557
181.5 0.996596
181.7 0.996609
181.9 0.996622
182.1 0.996622
182.3 0.996635
182.5 0.996661
182.7 0.996726
182.9 0.996726
183.1 0.996739
183.3 0.996765
183.5 0.996778
183.7 0.996805
183.9 0.996818
184.1 0.996831
184.3 0.99687
184.5 0.996883
184.7 0.996922
184.9 0.996922
185.1 0.996948
185.3 0.996974
185.5 0.997
185.7 0.997013
185.9 0.997013
186.1 0.997026
186.3 0.997026
186.5 0.997026
186.7 0.997065
186.9 0.997065
187.1 0.997092
187.3 0.997092
187.5 0.997118
187.7 0.997118
187.9 0.997144
188.1 0.997157
188.3 0.997157
188.5 0.997183
188.7 0.997222
188.9 0.997274
189.1 0.997274
189.3 0.997274
189.5 0.997274
189.7 0.997274
189.9 0.997287
190.1 0.997287
190.3 0.997313
190.5 0.997326
190.7 0.997352
190.9 0.997365
191.1 0.997365
191.3 0.997378
191.5 0.997378
191.7 0.997378
191.9 0.997378
192.1 0.997378
192.3 0.997378
192.5 0.997405
192.7 0.997418
192.9 0.997418
193.1 0.997418
193.3 0.997431
193.5 0.997431
193.7 0.997431
193.9 0.997431
194.1 0.997444
194.3 0.997444
194.5 0.997444
194.7 0.997457
194.9 0.997457
195.1 0.997457
195.3 0.997457
195.5 0.997457
195.7 0.997457
195.9 0.997457
196.1 0.997457
196.3 0.99747
196.5 0.99747
196.7 0.99747
196.9 0.997483
197.1 0.997483
197.3 0.997483
197.5 0.997483
197.7 0.997483
197.9 0.997483
198.1 0.997483
198.3 0.997483
198.5 0.997483
198.7 0.997496
198.9 0.997496
199.1 0.997496
199.3 0.997496
199.5 0.997509
199.7 0.997509
199.9 0.997522
200.1 0.997522
200.3 0.997522
200.5 0.997548
200.7 0.997548
200.9 0.997548
201.1 0.997548
201.3 0.997548
201.5 0.997548
201.7 0.997548
201.9 0.997548
202.1 0.997561
202.3 0.997587
202.5 0.9976
202.7 0.9976
202.9 0.9976
203.1 0.9976
203.3 0.9976
203.5 0.9976
203.7 0.997613
203.9 0.997613
204.1 0.997626
204.3 0.997626
204.5 0.997626
204.7 0.997626
204.9 0.997639
205.1 0.997639
205.3 0.997639
205.5 0.997639
205.7 0.997639
205.9 0.997639
206.1 0.997639
206.3 0.997639
206.5 0.997639
206.7 0.997639
206.9 0.997639
207.1 0.997639
207.3 0.997639
207.5 0.997639
207.7 0.997639
207.9 0.997639
208.1 0.997639
208.3 0.997639
208.5 0.997639
208.7 0.997639
208.9 0.997639
209.1 0.997639
209.3 0.997652
209.5 0.997652
209.7 0.997652
209.9 0.997665
210.1 0.997665
210.3 0.997665
210.5 0.997665
210.7 0.997665
210.9 0.997678
211.1 0.997678
211.3 0.997678
211.5 0.997678
211.7 0.997678
211.9 0.997678
212.1 0.997678
212.3 0.997678
212.5 0.997705
212.7 0.997705
212.9 0.997705
213.1 0.997705
213.3 0.997705
213.5 0.997705
213.7 0.997705
213.9 0.997705
214.1 0.997705
214.3 0.997705
214.5 0.997705
214.7 0.997705
214.9 0.997705
215.1 0.997705
215.3 0.997705
215.5 0.997705
215.7 0.997705
215.9 0.997705
216.1 0.997705
216.3 0.997705
216.5 0.997705
216.7 0.997705
216.9 0.997705
217.1 0.997705
217.3 0.997705
217.5 0.997705
217.7 0.997705
217.9 0.997705
218.1 0.997705
218.3 0.997705
218.5 0.997705
218.7 0.997705
218.9 0.997705
219.1 0.997705
219.3 0.997718
219.5 0.997718
219.7 0.997718
219.9 0.997718
220.1 0.997718
220.3 0.997718
220.5 0.997718
220.7 0.997718
220.9 0.997718
221.1 0.997718
221.3 0.997718
221.5 0.997718
221.7 0.997718
221.9 0.997718
222.1 0.997718
222.3 0.997718
222.5 0.997718
222.7 0.997718
222.9 0.997718
223.1 0.997718
223.3 0.997718
223.5 0.997718
223.7 0.997718
223.9 0.997718
224.1 0.997718
224.3 0.997718
224.5 0.997718
224.7 0.997718
224.9 0.997718
225.1 0.997718
225.3 0.997718
225.5 0.997718
225.7 0.997718
225.9 0.997718
226.1 0.997718
226.3 0.997718
226.5 0.997718
226.7 0.997718
226.9 0.997718
227.1 0.997718
227.3 0.997718
227.5 0.997718
227.7 0.997718
227.9 0.997718
228.1 0.997718
228.3 0.997718
228.5 0.997718
228.7 0.997718
228.9 0.997718
229.1 0.997718
229.3 0.997718
229.5 0.997718
229.7 0.997718
229.9 0.997718
230.1 0.997718
230.3 0.997718
230.5 0.997718
230.7 0.997718
230.9 0.997718
231.1 0.997718
231.3 0.997718
231.5 0.997718
231.7 0.997718
231.9 0.997718
232.1 0.997718
232.3 0.997718
232.5 0.997718
232.7 0.997718
232.9 0.997718
233.1 0.997718
233.3 0.997718
233.5 0.997718
233.7 0.997718
233.9 0.997718
234.1 0.997718
234.3 0.997718
234.5 0.997718
234.7 0.997718
234.9 0.997718
235.1 0.997718
235.3 0.997718
235.5 0.997718
235.7 0.997718
235.9 0.997718
236.1 0.997718
236.3 0.997718
236.5 0.997718
236.7 0.997718
236.9 0.997718
237.1 0.997718
237.3 0.997718
237.5 0.997718
237.7 0.997718
237.9 0.997718
238.1 0.997718
238.3 0.997718
238.5 0.997718
238.7 0.997718
238.9 0.997718
239.1 0.997718
239.3 0.997718
239.5 0.997718
239.7 0.997718
239.9 0.997718
240.1 0.997718
240.3 0.997718
240.5 0.997718
240.7 0.997718
240.9 0.997718
241.1 0.997718
241.3 0.997718
241.5 0.997718
241.7 0.997718
241.9 0.997718
242.1 0.997718
242.3 0.997718
242.5 0.997718
242.7 0.997718
242.9 0.997718
243.1 0.997718
243.3 0.997718
243.5 0.997718
243.7 0.997718
243.9 0.997718
244.1 0.997718
244.3 0.997718
244.5 0.997718
244.7 0.997718
244.9 0.997718
245.1 0.997718
245.3 0.997718
245.5 0.997718
245.7 0.997718
245.9 0.997718
246.1 0.997718
246.3 0.997718
246.5 0.997718
246.7 0.997718
246.9 0.997718
247.1 0.997718
247.3 0.997718
247.5 0.997718
247.7 0.997718
247.9 0.997718
248.1 0.997718
248.3 0.997718
248.5 0.997718
248.7 0.997718
248.9 0.997718
249.1 0.997718
249.3 0.997718
249.5 0.997718
249.7 0.997718
249.9 0.997718
250.1 0.997718
250.3 0.997718
250.5 0.997718
250.7 0.997718
250.9 0.997718
251.1 0.997718
251.3 0.997718
251.5 0.997718
251.7 0.997718
251.9 0.997718
252.1 0.997718
252.3 0.997718
252.5 0.997718
252.7 0.997718
252.9 0.997718
253.1 0.997718
253.3 0.997718
253.5 0.997718
253.7 0.997718
253.9 0.997718
254.1 0.997718
254.3 0.997718
254.5 0.997718
254.7 0.997718
254.9 0.997718
255.1 0.997718
255.3 0.997718
255.5 0.997718
255.7 0.997718
255.9 0.997718
256.1 0.997718
256.3 0.997718
256.5 0.997718
256.7 0.997718
256.9 0.997718
257.1 0.997718
257.3 0.997718
257.5 0.997718
257.7 0.997718
257.9 0.997718
258.1 0.997718
258.3 0.997718
258.5 0.997718
258.7 0.997718
258.9 0.997718
259.1 0.997718
259.3 0.997718
259.5 0.997718
259.7 0.997718
259.9 0.997718
260.1 0.997718
260.3 0.997718
260.5 0.997718
260.7 0.997718
260.9 0.997718
261.1 0.997718
261.3 0.997718
261.5 0.997718
261.7 0.997718
261.9 0.997718
262.1 0.997718
262.3 0.997718
262.5 0.997718
262.7 0.997718
262.9 0.997718
263.1 0.997718
263.3 0.997718
263.5 0.997718
263.7 0.997718
263.9 0.997718
264.1 0.997718
264.3 0.997718
264.5 0.997718
264.7 0.997718
264.9 0.997718
265.1 0.997718
265.3 0.997718
265.5 0.997718
265.7 0.997718
265.9 0.997718
266.1 0.997718
266.3 0.997718
266.5 0.997718
266.7 0.997718
266.9 0.997718
267.1 0.997718
267.3 0.997718
267.5 0.997718
267.7 0.997718
267.9 0.997718
268.1 0.997718
268.3 0.997718
268.5 0.997718
268.7 0.997718
268.9 0.997718
269.1 0.997718
269.3 0.997718
269.5 0.997718
269.7 0.997718
269.9 0.997718
270.1 0.997718
270.3 0.997718
270.5 0.997718
270.7 0.997718
270.9 0.997718
271.1 0.997718
271.3 0.997718
271.5 0.997718
271.7 0.997718
271.9 0.997718
272.1 0.997718
272.3 0.997718
272.5 0.997718
272.7 0.997718
272.9 0.997718
273.1 0.997718
273.3 0.997718
273.5 0.997718
273.7 0.997718
273.9 0.997718
274.1 0.997718
274.3 0.997718
274.5 0.997718
274.7 0.997718
274.9 0.997718
275.1 0.997718
275.3 0.997718
275.5 0.997718
275.7 0.997718
275.9 0.997718
276.1 0.997718
276.3 0.997718
276.5 0.997718
276.7 0.997718
276.9 0.997718
277.1 0.997718
277.3 0.997718
277.5 0.997718
277.7 0.997718
277.9 0.997718
278.1 0.997718
278.3 0.997718
278.5 0.997718
278.7 0.997718
278.9 0.997718
279.1 0.997718
279.3 0.997718
279.5 0.997718
279.7 0.997718
279.9 0.997718
280.1 0.997718
280.3 0.997718
280.5 0.997718
280.7 0.997718
280.9 0.997718
281.1 0.997718
281.3 0.997718
281.5 0.997718
281.7 0.997718
281.9 0.997718
282.1 0.997718
282.3 0.997718
282.5 0.997718
282.7 0.997718
282.9 0.997718
283.1 0.997718
283.3 0.997718
283.5 0.997718
283.7 0.997718
283.9 0.997718
284.1 0.997718
284.3 0.997718
284.5 0.997718
284.7 0.997718
284.9 0.997718
285.1 0.997718
285.3 0.997718
285.5 0.997718
285.7 0.997718
285.9 0.997718
286.1 0.997718
286.3 0.997718
286.5 0.997718
286.7 0.997718
286.9 0.997718
287.1 0.997718
287.3 0.997718
287.5 0.997718
287.7 0.997718
287.9 0.997718
288.1 0.997718
288.3 0.997718
288.5 0.997718
288.7 0.997718
288.9 0.997718
289.1 0.997718
289.3 0.997718
289.5 0.997718
289.7 0.997718
289.9 0.997718
290.1 0.997718
290.3 0.997718
290.5 0.997718
290.7 0.997718
290.9 0.997718
291.1 0.997718
291.3 0.997718
291.5 0.997718
291.7 0.997718
291.9 0.997718
292.1 0.997718
292.3 0.997718
292.5 0.997718
292.7 0.997718
292.9 0.997718
293.1 0.997718
293.3 0.997718
293.5 0.997718
293.7 0.997718
293.9 0.997718
294.1 0.997718
294.3 0.997718
294.5 0.997718
294.7 0.997718
294.9 0.997718
295.1 0.997718
295.3 0.997718
295.5 0.997718
295.7 0.997718
295.9 0.997718
296.1 0.997718
296.3 0.997718
296.5 0.997718
296.7 0.997718
296.9 0.997718
297.1 0.997718
297.3 0.997718
297.5 0.997718
297.7 0.997718
297.9 0.997718
298.1 0.997718
298.3 0.997718
298.5 0.997718
298.7 0.997718
298.9 0.997718
299.1 0.997718
299.3 0.997718
299.5 0.997718
299.7 0.997718
299.9 0.997718
300.1 0.997718
