800
-39.9 0
-39.7 0
-39.5 1.72198e-07
-39.3 1.72198e-07
-39.1 1.72198e-07
-38.9 1.72198e-07
-38.7 3.44396e-07
-38.5 3.44396e-07
-38.3 3.44396e-07
-38.1 3.44396e-07
-37.9 5.16593e-07
-37.7 5.16593e-07
-37.5 5.16593e-07
-37.3 5.16593e-07
-37.1 5.16593e-07
-36.9 6.88791e-07
-36.7 6.88791e-07
-36.5 6.88791e-07
-36.3 6.88791e-07
-36.1 6.88791e-07
-35.9 6.88791e-07
-35.7 6.88791e-07
-35.5 6.88791e-07
-35.3 6.88791e-07
-35.1 6.88791e-07
-34.9 6.88791e-07
-34.7 6.88791e-07
-34.5 6.88791e-07
-34.3 6.88791e-07
-34.1 6.88791e-07
-33.9 6.88791e-07
-33.7 6.88791e-07
-33.5 6.88791e-07
-33.3 6.88791e-07
-33.1 6.88791e-07
-32.9 6.88791e-07
-32.7 6.88791e-07
-32.5 1.03319e-06
-32.3 1.03319e-06
-32.1 1.03319e-06
-31.9 1.03319e-06
-31.7 1.03319e-06
-31.5 1.20538e-06
-31.3 1.20538e-06
-31.1 1.20538e-06
-30.9 1.20538e-06
-30.7 1.37758e-06
-30.5 1.37758e-06
-30.3 1.37758e-06
-30.1 1.37758e-06
-29.9 1.37758e-06
-29.7 1.37758e-06
-29.5 1.37758e-06
-29.3 1.37758e-06
-29.1 1.37758e-06
-28.9 1.37758e-06
-28.7 1.37758e-06
-28.5 1.54978e-06
-28.3 1.54978e-06
-28.1 1.54978e-06
-27.9 1.54978e-06
-27.7 1.54978e-06
-27.5 1.54978e-06
-27.3 1.54978e-06
-27.1 1.54978e-06
-26.9 1.54978e-06
-26.7 1.72198e-06
-26.5 1.72198e-06
-26.3 1.72198e-06
-26.1 1.89418e-06
-25.9 1.89418e-06
-25.7 2.06637e-06
-25.5 2.06637e-06
-25.3 2.06637e-06
-25.1 2.06637e-06
-24.9 2.06637e-06
-24.7 2.06637e-06
-24.5 2.23857e-06
-24.3 2.23857e-06
-24.1 2.23857e-06
-23.9 2.23857e-06
-23.7 2.41077e-06
-23.5 2.41077e-06
-23.3 3.09956e-06
-23.1 3.78835e-06
-22.9 4.64934e-06
-22.7 5.51033e-06
-22.5 7.7489e-06
-22.3 9.64308e-06
-22.1 1.15373e-05
-21.9 1.36036e-05
-21.7 1.9114e-05
-21.5 2.51409e-05
-21.3 3.2201e-05
-21.1 4.51158e-05
-20.9 5.95805e-05
-20.7 8.67877e-05
-20.5 0.000130354
-20.3 0.000182702
-20.1 0.000267595
-19.9 0.000375391
-19.7 0.000536913
-19.5 0.000768347
-19.3 0.00106918
-19.1 0.0014735
-18.9 0.00200283
-18.7 0.00267044
-18.5 0.00354211
-18.3 0.00458098
-18.1 0.00588934
-17.9 0.00744239
-17.7 0.00932451
-17.5 0.0114987
-17.3 0.0140486
-17.1 0.0169093
-16.9 0.0201112
-16.7 0.0236819
-16.5 0.0276066
-16.3 0.0318845
-16.1 0.0364612
-15.9 0.0413101
-15.7 0.0463904
-15.5 0.0516747
-15.3 0.0571244
-15.1 0.0626888
-14.9 0.0683128
-14.7 0.0740141
-14.5 0.0797589
-14.3 0.0854487
-14.1 0.0910699
-13.9 0.096654
-13.7 0.10218
-13.5 0.107604
-13.3 0.112968
-13.1 0.118159
-12.9 0.123206
-12.7 0.128075
-12.5 0.132793
-12.3 0.137382
-12.1 0.141839
-11.9 0.14617
-11.7 0.150423
-11.5 0.154537
-11.3 0.158528
-11.1 0.162412
-10.9 0.166229
-10.7 0.169923
-10.5 0.17356
-10.3 0.177093
-10.1 0.180566
-9.9 0.183974
-9.7 0.18737
-9.5 0.190666
-9.3 0.19394
-9.1 0.197147
-8.9 0.200336
-8.7 0.203528
-8.5 0.206651
-8.3 0.209745
-8.1 0.212832
-7.9 0.215903
-7.7 0.218954
-7.5 0.22196
-7.3 0.224898
-7.1 0.227862
-6.9 0.230822
-6.7 0.233723
-6.5 0.236653
-6.3 0.239542
-6.1 0.242399
-5.9 0.24528
-5.7 0.248171
-5.5 0.251015
-5.3 0.253874
-5.1 0.256704
-4.9 0.259535
-4.7 0.262338
-4.5 0.265109
-4.3 0.267895
-4.1 0.270652
-3.9 0.273385
-3.7 0.27619
-3.5 0.278961
-3.3 0.281676
-3.1 0.28445
-2.9 0.287212
-2.7 0.289905
-2.5 0.292653
-2.3 0.295356
-2.1 0.29807
-1.9 0.300784
-1.7 0.3035
-1.5 0.306247
-1.3 0.308944
-1.1 0.311669
-0.9 0.314369
-0.7 0.317088
-0.5 0.319764
-0.3 0.322543
-0.1 0.325226
0.1 0.327949
0.3 0.330635
0.5 0.333343
0.7 0.336034
0.9 0.338768
1.1 0.341516
1.3 0.344212
1.5 0.346913
1.7 0.349605
1.9 0.352313
2.1 0.355055
2.3 0.357763
2.5 0.360479
2.7 0.363198
2.9 0.365893
3.1 0.368579
3.3 0.371284
3.5 0.373941
3.7 0.376603
3.9 0.37927
4.1 0.381934
4.3 0.384606
4.5 0.387235
4.7 0.389881
4.9 0.39253
5.1 0.395179
5.3 0.397828
5.5 0.400431
5.7 0.40309
5.9 0.40568
6.1 0.408297
6.3 0.410913
6.5 0.413466
6.7 0.416068
6.9 0.418623
7.1 0.421201
7.3 0.423792
7.5 0.426405
7.7 0.429008
7.9 0.431535
8.1 0.43411
8.3 0.43668
8.5 0.439229
8.7 0.441812
8.9 0.444398
9.1 0.446958
9.3 0.449564
9.5 0.452127
9.7 0.454685
9.9 0.457269
10.1 0.459878
10.3 0.462492
10.5 0.465109
10.7 0.467688
10.9 0.470296
11.1 0.472913
11.3 0.475582
11.5 0.478189
11.7 0.480783
11.9 0.48338
12.1 0.485973
12.3 0.488613
12.5 0.491233
12.7 0.493847
12.9 0.496448
13.1 0.499064
13.3 0.501686
13.5 0.504348
13.7 0.506954
13.9 0.509619
14.1 0.512252
14.3 0.514855
14.5 0.517501
14.7 0.520082
14.9 0.522683
15.1 0.525269
15.3 0.527832
15.5 0.530413
15.7 0.532999
15.9 0.535536
16.1 0.538071
16.3 0.540588
16.5 0.543135
16.7 0.545677
16.9 0.548124
17.1 0.550606
17.3 0.553105
17.5 0.55558
17.7 0.558116
17.9 0.560585
18.1 0.56304
18.3 0.565532
18.5 0.567987
18.7 0.570453
18.9 0.572912
19.1 0.575356
19.3 0.577788
19.5 0.580256
19.7 0.582671
19.9 0.585051
20.1 0.587474
20.3 0.589889
20.5 0.592267
20.7 0.594687
20.9 0.597071
21.1 0.599516
21.3 0.601905
21.5 0.604363
21.7 0.606788
21.9 0.609198
22.1 0.611642
22.3 0.614107
22.5 0.616575
22.7 0.619028
22.9 0.621476
23.1 0.623934
23.3 0.626392
23.5 0.628884
23.7 0.631372
23.9 0.633863
24.1 0.636357
24.3 0.638841
24.5 0.641285
24.7 0.643801
24.9 0.646321
25.1 0.648848
25.3 0.651352
25.5 0.653897
25.7 0.656372
25.9 0.658896
26.1 0.661407
26.3 0.663929
26.5 0.666448
26.7 0.668939
26.9 0.671427
27.1 0.673919
27.3 0.676387
27.5 0.678819
27.7 0.681254
27.9 0.68371
28.1 0.686133
28.3 0.688527
28.5 0.690882
28.7 0.693238
28.9 0.695607
29.1 0.697957
29.3 0.700339
29.5 0.702687
29.7 0.705036
29.9 0.70734
30.1 0.709641
30.3 0.711932
30.5 0.71424
30.7 0.716496
30.9 0.718811
31.1 0.721088
31.3 0.723367
31.5 0.725644
31.7 0.727908
31.9 0.730152
32.1 0.732413
32.3 0.734672
32.5 0.736955
32.7 0.739265
32.9 0.741529
33.1 0.743785
33.3 0.746093
33.5 0.748382
33.7 0.750665
33.9 0.75296
34.1 0.755223
34.3 0.757478
34.5 0.759739
34.7 0.762003
34.9 0.764257
35.1 0.766551
35.3 0.768855
35.5 0.771126
35.7 0.773435
35.9 0.775738
36.1 0.778002
36.3 0.780259
36.5 0.782536
36.7 0.784792
36.9 0.787062
37.1 0.789329
37.3 0.79158
37.5 0.793851
37.7 0.796114
37.9 0.798395
38.1 0.800639
38.3 0.80294
38.5 0.805177
38.7 0.807381
38.9 0.809617
39.1 0.811829
39.3 0.814035
39.5 0.816241
39.7 0.818445
39.9 0.820613
40.1 0.822786
40.3 0.82496
40.5 0.827155
40.7 0.829302
40.9 0.831451
41.1 0.833572
41.3 0.835714
41.5 0.837836
41.7 0.839972
41.9 0.842055
42.1 0.844168
42.3 0.846231
42.5 0.84828
42.7 0.850319
42.9 0.85237
43.1 0.854348
43.3 0.856379
43.5 0.858363
43.7 0.860363
43.9 0.862316
44.1 0.864284
44.3 0.866236
44.5 0.86814
44.7 0.870025
44.9 0.871924
45.1 0.873799
45.3 0.875649
45.5 0.877488
45.7 0.879319
45.9 0.881114
46.1 0.88294
46.3 0.88471
46.5 0.88646
46.7 0.888207
46.9 0.889913
47.1 0.891592
47.3 0.893238
47.5 0.894872
47.7 0.896512
47.9 0.8981
48.1 0.899672
48.3 0.901258
48.5 0.90282
48.7 0.904353
48.9 0.905857
49.1 0.90736
49.3 0.908848
49.5 0.910327
49.7 0.911745
49.9 0.91313
50.1 0.914518
50.3 0.915893
50.5 0.917274
50.7 0.918647
50.9 0.919976
51.1 0.921279
51.3 0.922608
51.5 0.923926
51.7 0.925177
51.9 0.926441
52.1 0.927699
52.3 0.928943
52.5 0.930196
52.7 0.931421
52.9 0.932635
53.1 0.933833
53.3 0.935028
53.5 0.936199
53.7 0.937335
53.9 0.938468
54.1 0.939594
54.3 0.940694
54.5 0.941801
54.7 0.942874
54.9 0.943904
55.1 0.944934
55.3 0.945969
55.5 0.946965
55.7 0.947931
55.9 0.948887
56.1 0.949837
56.3 0.950774
56.5 0.951675
56.7 0.952581
56.9 0.953465
57.1 0.954313
57.3 0.955124
57.5 0.955916
57.7 0.956701
57.9 0.957468
58.1 0.958215
58.3 0.958944
58.5 0.959662
58.7 0.960364
58.9 0.961043
59.1 0.961706
59.3 0.962331
59.5 0.962942
59.7 0.963537
59.9 0.964146
60.1 0.964736
60.3 0.96531
60.5 0.965872
60.7 0.966412
60.9 0.966941
61.1 0.967443
61.3 0.967956
61.5 0.96843
61.7 0.968926
61.9 0.969405
62.1 0.969865
62.3 0.970324
62.5 0.970783
62.7 0.971226
62.9 0.971668
63.1 0.972086
63.3 0.972499
63.5 0.972923
63.7 0.973339
63.9 0.973754
64.1 0.974162
64.3 0.974552
64.5 0.974938
64.7 0.975333
64.9 0.975735
65.1 0.976123
65.3 0.976508
65.5 0.976881
65.7 0.977256
65.9 0.977626
66.1 0.977995
66.3 0.97836
66.5 0.978719
66.7 0.979071
66.9 0.979431
67.1 0.979796
67.3 0.980157
67.5 0.980511
67.7 0.980873
67.9 0.98122
68.1 0.981563
68.3 0.981905
68.5 0.982244
68.7 0.982589
68.9 0.982933
69.1 0.983259
69.3 0.983575
69.5 0.983886
69.7 0.984203
69.9 0.984521
70.1 0.98483
70.3 0.98513
70.5 0.98542
70.7 0.985711
70.9 0.985989
71.1 0.986268
71.3 0.986533
71.5 0.986788
71.7 0.987045
71.9 0.987287
72.1 0.987517
72.3 0.987753
72.5 0.987988
72.7 0.9882
72.9 0.988407
73.1 0.988612
73.3 0.98881
73.5 0.989004
73.7 0.989183
73.9 0.989365
74.1 0.989537
74.3 0.989709
74.5 0.989876
74.7 0.990034
74.9 0.990189
75.1 0.990334
75.3 0.990488
75.5 0.990627
75.7 0.990768
75.9 0.990907
76.1 0.991052
76.3 0.99119
76.5 0.991324
76.7 0.991453
76.9 0.991583
77.1 0.991722
77.3 0.991856
77.5 0.991979
77.7 0.992106
77.9 0.992231
78.1 0.992356
78.3 0.992492
78.5 0.992621
78.7 0.992757
78.9 0.992892
79.1 0.993031
79.3 0.993178
79.5 0.99331
79.7 0.993446
79.9 0.993584
80.1 0.993724
80.3 0.99386
80.5 0.993998
80.7 0.994131
80.9 0.994272
81.1 0.994408
81.3 0.994543
81.5 0.99468
81.7 0.994816
81.9 0.994957
82.1 0.995097
82.3 0.99523
82.5 0.995359
82.7 0.99548
82.9 0.995607
83.1 0.995722
83.3 0.995834
83.5 0.995953
83.7 0.996064
83.9 0.996165
84.1 0.996267
84.3 0.996367
84.5 0.99646
84.7 0.996544
84.9 0.99663
85.1 0.996714
85.3 0.996793
85.5 0.996861
85.7 0.996928
85.9 0.996989
86.1 0.997045
86.3 0.997096
86.5 0.997149
86.7 0.9972
86.9 0.997246
87.1 0.997287
87.3 0.997323
87.5 0.997361
87.7 0.99739
87.9 0.997418
88.1 0.997444
88.3 0.997465
88.5 0.997488
88.7 0.997511
88.9 0.997535
89.1 0.997559
89.3 0.997581
89.5 0.9976
89.7 0.997627
89.9 0.997648
90.1 0.997673
90.3 0.997695
90.5 0.99772
90.7 0.997743
90.9 0.997768
91.1 0.997796
91.3 0.997824
91.5 0.997857
91.7 0.99789
91.9 0.997925
92.1 0.997963
92.3 0.998004
92.5 0.998042
92.7 0.998088
92.9 0.998132
93.1 0.998181
93.3 0.998232
93.5 0.998287
93.7 0.998341
93.9 0.998396
94.1 0.998459
94.3 0.998516
94.5 0.998575
94.7 0.99864
94.9 0.998699
95.1 0.998766
95.3 0.998833
95.5 0.998898
95.7 0.998965
95.9 0.999029
96.1 0.999094
96.3 0.99916
96.5 0.999219
96.7 0.999276
96.9 0.999335
97.1 0.999387
97.3 0.999439
97.5 0.999486
97.7 0.999533
97.9 0.999577
98.1 0.999613
98.3 0.999646
98.5 0.999681
98.7 0.999711
98.9 0.999733
99.1 0.999754
99.3 0.999773
99.5 0.999791
99.7 0.999807
99.9 0.999818
100.1 0.999827
100.3 0.999838
100.5 0.999846
100.7 0.999854
100.9 0.999861
101.1 0.999865
101.3 0.999869
101.5 0.999873
101.7 0.999876
101.9 0.99988
102.1 0.999885
102.3 0.999889
102.5 0.999891
102.7 0.999893
102.9 0.999896
103.1 0.999897
103.3 0.999899
103.5 0.999901
103.7 0.999903
103.9 0.999904
104.1 0.999906
104.3 0.999908
104.5 0.99991
104.7 0.999912
104.9 0.999915
105.1 0.999918
105.3 0.999921
105.5 0.999926
105.7 0.999928
105.9 0.999931
106.1 0.999936
106.3 0.999942
106.5 0.999946
106.7 0.999951
106.9 0.999956
107.1 0.99996
107.3 0.999965
107.5 0.999969
107.7 0.999974
107.9 0.999976
108.1 0.999982
108.3 0.999984
108.5 0.999986
108.7 0.999987
108.9 0.999989
109.1 0.999991
109.3 0.999992
109.5 0.999992
109.7 0.999992
109.9 0.999993
110.1 0.999994
110.3 0.999994
110.5 0.999995
110.7 0.999995
110.9 0.999995
111.1 0.999995
111.3 0.999996
111.5 0.999996
111.7 0.999996
111.9 0.999996
112.1 0.999996
112.3 0.999996
112.5 0.999996
112.7 0.999996
112.9 0.999997
113.1 0.999997
113.3 0.999997
113.5 0.999997
113.7 0.999997
113.9 0.999997
114.1 0.999997
114.3 0.999997
114.5 0.999997
114.7 0.999997
114.9 0.999997
115.1 0.999997
115.3 0.999997
115.5 0.999997
115.7 0.999997
115.9 0.999997
116.1 0.999997
116.3 0.999998
116.5 0.999998
116.7 0.999998
116.9 0.999998
117.1 0.999998
117.3 0.999998
117.5 0.999998
117.7 0.999998
117.9 0.999998
118.1 0.999999
118.3 0.999999
118.5 0.999999
118.7 0.999999
118.9 0.999999
119.1 1
119.3 1
119.5 1
119.7 1
119.9 1
