-29.9 0
-29.7 0
-29.5 0
-29.3 0
-29.1 0
-28.9 0
-28.7 0
-28.5 0
-28.3 0
-28.1 0
-27.9 0
-27.7 0
-27.5 0
-27.3 0
-27.1 0
-26.9 0
-26.7 0
-26.5 0
-26.3 0
-26.1 0
-25.9 0
-25.7 0
-25.5 0
-25.3 0
-25.1 0
-24.9 0
-24.7 0
-24.5 0
-24.3 0
-24.1 0
-23.9 0
-23.7 0
-23.5 0
-23.3 0
-23.1 0
-22.9 0
-22.7 0
-22.5 0
-22.3 0
-22.1 0
-21.9 0
-21.7 2
-21.5 0
-21.3 0
-21.1 2
-20.9 0
-20.7 3
-20.5 0
-20.3 3
-20.1 5
-19.9 3
-19.7 4
-19.5 4
-19.3 9
-19.1 5
-18.9 8
-18.7 8
-18.5 14
-18.3 14
-18.1 20
-17.9 12
-17.7 30
-17.5 20
-17.3 24
-17.1 35
-16.9 31
-16.7 42
-16.5 60
-16.3 72
-16.1 60
-15.9 65
-15.7 95
-15.5 87
-15.3 97
-15.1 106
-14.9 134
-14.7 128
-14.5 145
-14.3 166
-14.1 186
-13.9 185
-13.7 204
-13.5 212
-13.3 226
-13.1 228
-12.9 221
-12.7 246
-12.5 246
-12.3 236
-12.1 280
-11.9 251
-11.7 267
-11.5 282
-11.3 298
-11.1 253
-10.9 256
-10.7 276
-10.5 230
-10.3 260
-10.1 286
-9.9 223
-9.7 230
-9.5 227
-9.3 255
-9.1 240
-8.9 250
-8.7 235
-8.5 241
-8.3 207
-8.1 210
-7.9 215
-7.7 197
-7.5 213
-7.3 196
-7.1 185
-6.9 204
-6.7 186
-6.5 191
-6.3 181
-6.1 173
-5.9 185
-5.7 188
-5.5 182
-5.3 180
-5.1 169
-4.9 201
-4.7 164
-4.5 156
-4.3 166
-4.1 160
-3.9 126
-3.7 159
-3.5 160
-3.3 145
-3.1 156
-2.9 163
-2.7 147
-2.5 155
-2.3 158
-2.1 134
-1.9 148
-1.7 143
-1.5 127
-1.3 141
-1.1 138
-0.9 132
-0.7 139
-0.5 130
-0.3 156
-0.1 123
0.1 136
0.3 138
0.5 144
0.7 143
0.9 131
1.1 142
1.3 119
1.5 139
1.7 131
1.9 124
2.1 159
2.3 127
2.5 155
2.7 144
2.9 123
3.1 139
3.3 122
3.5 146
3.7 134
3.9 123
4.1 131
4.3 117
4.5 139
4.7 127
4.9 114
5.1 119
5.3 139
5.5 122
5.7 144
5.9 115
6.1 138
6.3 141
6.5 146
6.7 140
6.9 138
7.1 119
7.3 126
7.5 115
7.7 127
7.9 150
8.1 122
8.3 136
8.5 144
8.7 147
8.9 119
9.1 121
9.3 160
9.5 122
9.7 124
9.9 122
10.1 134
10.3 129
10.5 127
10.7 120
10.9 119
11.1 126
11.3 118
11.5 147
11.7 133
11.9 122
12.1 120
12.3 124
12.5 128
12.7 136
12.9 117
13.1 139
13.3 142
13.5 117
13.7 136
13.9 123
14.1 124
14.3 135
14.5 146
14.7 133
14.9 128
15.1 116
15.3 123
15.5 145
15.7 128
15.9 116
16.1 125
16.3 127
16.5 138
16.7 130
16.9 120
17.1 121
17.3 120
17.5 125
17.7 135
17.9 126
18.1 130
18.3 107
18.5 108
18.7 118
18.9 96
19.1 118
19.3 109
19.5 128
19.7 140
19.9 117
20.1 114
20.3 130
20.5 152
20.7 135
20.9 122
21.1 123
21.3 116
21.5 104
21.7 112
21.9 141
22.1 119
22.3 146
22.5 124
22.7 140
22.9 118
23.1 123
23.3 141
23.5 117
23.7 118
23.9 132
24.1 121
24.3 109
24.5 124
24.7 113
24.9 120
25.1 144
25.3 113
25.5 114
25.7 140
25.9 127
26.1 147
26.3 129
26.5 132
26.7 122
26.9 111
27.1 125
27.3 126
27.5 123
27.7 121
27.9 117
28.1 130
28.3 125
28.5 119
28.7 121
28.9 110
29.1 112
29.3 132
29.5 118
29.7 122
29.9 110
30.1 127
30.3 106
30.5 106
30.7 132
30.9 117
31.1 116
31.3 101
31.5 113
31.7 108
31.9 118
32.1 119
32.3 124
32.5 108
32.7 126
32.9 108
33.1 130
33.3 127
33.5 120
33.7 103
33.9 113
34.1 139
34.3 122
34.5 115
34.7 116
34.9 124
35.1 131
35.3 120
35.5 112
35.7 115
35.9 126
36.1 111
36.3 106
36.5 101
36.7 118
36.9 117
37.1 113
37.3 118
37.5 119
37.7 109
37.9 120
38.1 114
38.3 113
38.5 106
38.7 121
38.9 112
39.1 107
39.3 90
39.5 121
39.7 104
39.9 105
40.1 114
40.3 100
40.5 91
40.7 92
40.9 100
41.1 100
41.3 86
41.5 94
41.7 109
41.9 104
42.1 90
42.3 95
42.5 90
42.7 98
42.9 80
43.1 95
43.3 83
43.5 90
43.7 91
43.9 111
44.1 76
44.3 95
44.5 88
44.7 92
44.9 94
45.1 86
45.3 78
45.5 81
45.7 106
45.9 107
46.1 84
46.3 80
46.5 80
46.7 86
46.9 90
47.1 86
47.3 84
47.5 78
47.7 79
47.9 88
48.1 76
48.3 95
48.5 83
48.7 78
48.9 80
49.1 86
49.3 75
49.5 71
49.7 80
49.9 69
50.1 72
50.3 69
50.5 60
50.7 84
50.9 76
51.1 63
51.3 68
51.5 68
51.7 73
51.9 61
52.1 72
52.3 59
52.5 64
52.7 65
52.9 71
53.1 56
53.3 48
53.5 44
53.7 58
53.9 40
54.1 54
54.3 48
54.5 48
54.7 37
54.9 34
55.1 40
55.3 39
55.5 54
55.7 46
55.9 31
56.1 40
56.3 40
56.5 36
56.7 41
56.9 29
57.1 39
57.3 41
57.5 30
57.7 43
57.9 34
58.1 46
58.3 40
58.5 29
58.7 26
58.9 33
59.1 30
59.3 38
59.5 36
59.7 40
59.9 31
60.1 34
60.3 30
60.5 30
60.7 36
60.9 33
61.1 31
61.3 31
61.5 40
61.7 28
61.9 31
62.1 31
62.3 31
62.5 25
62.7 25
62.9 20
63.1 30
63.3 25
63.5 26
63.7 32
63.9 22
64.1 18
64.3 26
64.5 21
64.7 12
64.9 14
65.1 17
65.3 21
65.5 17
65.7 22
65.9 18
66.1 14
66.3 16
66.5 17
66.7 17
66.9 15
67.1 13
67.3 14
67.5 14
67.7 8
67.9 23
68.1 20
68.3 19
68.5 15
68.7 15
68.9 20
69.1 18
69.3 12
69.5 18
69.7 16
69.9 19
70.1 12
70.3 14
70.5 19
70.7 15
70.9 16
71.1 11
71.3 18
71.5 12
71.7 8
71.9 10
72.1 6
72.3 14
72.5 11
72.7 9
72.9 16
73.1 11
73.3 15
73.5 9
73.7 17
73.9 9
74.1 12
74.3 11
74.5 16
74.7 12
74.9 11
75.1 7
75.3 6
75.5 16
75.7 14
75.9 6
76.1 8
76.3 8
76.5 4
76.7 12
76.9 10
77.1 9
77.3 9
77.5 12
77.7 11
77.9 8
78.1 9
78.3 3
78.5 9
78.7 12
78.9 2
79.1 4
79.3 8
79.5 10
79.7 4
79.9 3
80.1 5
80.3 5
80.5 2
80.7 8
80.9 5
81.1 5
81.3 7
81.5 3
81.7 3
81.9 3
82.1 8
82.3 6
82.5 8
82.7 4
82.9 4
83.1 5
83.3 5
83.5 3
83.7 14
83.9 1
84.1 5
84.3 6
84.5 5
84.7 2
84.9 3
85.1 7
85.3 4
85.5 3
85.7 6
85.9 2
86.1 6
86.3 3
86.5 9
86.7 5
86.9 3
87.1 9
87.3 7
87.5 2
87.7 3
87.9 1
88.1 3
88.3 2
88.5 4
88.7 3
88.9 4
89.1 4
89.3 1
89.5 3
89.7 3
89.9 2
90.1 3
90.3 1
90.5 2
90.7 1
90.9 2
91.1 3
91.3 2
91.5 1
91.7 4
91.9 3
92.1 1
92.3 0
92.5 2
92.7 0
92.9 3
93.1 1
93.3 0
93.5 2
93.7 0
93.9 3
94.1 1
94.3 4
94.5 0
94.7 1
94.9 0
95.1 1
95.3 1
95.5 0
95.7 0
95.9 0
96.1 0
96.3 0
96.5 3
96.7 1
96.9 2
97.1 1
97.3 1
97.5 0
97.7 0
97.9 0
98.1 1
98.3 1
98.5 0
98.7 0
98.9 1
99.1 2
99.3 0
99.5 0
99.7 0
99.9 0
