615
-23.3 1.47013e-05
-23.1 1.47013e-05
-22.9 1.47013e-05
-22.7 4.4104e-05
-22.5 0.000147013
-22.3 0.000279326
-22.1 0.000646859
-21.9 0.0011173
-21.7 0.00154364
-21.5 0.00204349
-21.3 0.00305788
-21.1 0.00463092
-20.9 0.00636568
-20.7 0.00883551
-20.5 0.0118346
-20.3 0.0152453
-20.1 0.0195969
-19.9 0.0246247
-19.7 0.0301966
-19.5 0.0362829
-19.3 0.0421046
-19.1 0.0481616
-18.9 0.0544244
-18.7 0.060496
-18.5 0.0663325
-18.3 0.0715514
-18.1 0.0771232
-17.9 0.0823863
-17.7 0.0869584
-17.5 0.0914423
-17.3 0.0956763
-17.1 0.100351
-16.9 0.104629
-16.7 0.108334
-16.5 0.111921
-16.3 0.115567
-16.1 0.119316
-15.9 0.122859
-15.7 0.126152
-15.5 0.129063
-15.3 0.132062
-15.1 0.135385
-14.9 0.138707
-14.7 0.141971
-14.5 0.144896
-14.3 0.14791
-14.1 0.15088
-13.9 0.154202
-13.7 0.15726
-13.5 0.16045
-13.3 0.163567
-13.1 0.166213
-12.9 0.169271
-12.7 0.172359
-12.5 0.17524
-12.3 0.178136
-12.1 0.180974
-11.9 0.183796
-11.7 0.186766
-11.5 0.189824
-11.3 0.192499
-11.1 0.195102
-10.9 0.197733
-10.7 0.200247
-10.5 0.202702
-10.3 0.205584
-10.1 0.208406
-9.9 0.211052
-9.7 0.21414
-9.5 0.21661
-9.3 0.219476
-9.1 0.222225
-8.9 0.225136
-8.7 0.227694
-8.5 0.230591
-8.3 0.233575
-8.1 0.235927
-7.9 0.238926
-7.7 0.241528
-7.5 0.24466
-7.3 0.247394
-7.1 0.249996
-6.9 0.252716
-6.7 0.255495
-6.5 0.257935
-6.3 0.260875
-6.1 0.263477
-5.9 0.266094
-5.7 0.268652
-5.5 0.271343
-5.3 0.273665
-5.1 0.276297
-4.9 0.279105
-4.7 0.281766
-4.5 0.2845
-4.3 0.286926
-4.1 0.289499
-3.9 0.292219
-3.7 0.294806
-3.5 0.297467
-3.3 0.300143
-3.1 0.302906
-2.9 0.305744
-2.7 0.308419
-2.5 0.311301
-2.3 0.313609
-2.1 0.316241
-1.9 0.319063
-1.7 0.321871
-1.5 0.324606
-1.3 0.327237
-1.1 0.329898
-0.900001 0.332265
-0.700001 0.334705
-0.500001 0.337411
-0.300001 0.339763
-0.100001 0.342482
0.0999993 0.344996
0.299999 0.347672
0.499999 0.35023
0.699999 0.35295
0.899999 0.355655
1.1 0.357948
1.3 0.360653
1.5 0.363344
1.7 0.365755
1.9 0.368401
2.1 0.370797
2.3 0.373091
2.5 0.375781
2.7 0.378368
2.9 0.380897
3.1 0.383293
3.3 0.385719
3.5 0.388042
3.7 0.39085
3.9 0.393614
4.1 0.396054
4.3 0.398892
4.5 0.401464
4.7 0.403714
4.9 0.406095
5.1 0.409021
5.3 0.411755
5.5 0.414431
5.7 0.417224
5.9 0.419738
6.1 0.422458
6.3 0.424854
6.5 0.427706
6.7 0.430161
6.9 0.432763
7.1 0.435704
7.3 0.437982
7.5 0.440364
7.7 0.442863
7.9 0.445921
8.1 0.448391
8.3 0.451125
8.5 0.453581
8.7 0.456624
8.9 0.45949
9.1 0.462387
9.3 0.465018
9.5 0.467694
9.7 0.470149
9.9 0.472707
10.1 0.475206
10.3 0.477441
10.5 0.480322
10.7 0.482968
10.9 0.485747
11.1 0.488511
11.3 0.490966
11.5 0.493642
11.7 0.496273
11.9 0.498875
12.1 0.501404
12.3 0.50355
12.5 0.506226
12.7 0.508608
12.9 0.511151
13.1 0.513738
13.3 0.516326
13.5 0.518663
13.7 0.52106
13.9 0.523662
14.1 0.526293
14.3 0.528807
14.5 0.531468
14.7 0.534188
14.9 0.536717
15.1 0.539231
15.3 0.541686
15.5 0.543788
15.7 0.546464
15.9 0.549183
16.1 0.551565
16.3 0.554241
16.5 0.556622
16.7 0.559195
16.9 0.56215
17.1 0.564193
17.3 0.566796
17.5 0.569207
17.7 0.571529
17.9 0.574146
18.1 0.576792
18.3 0.57913
18.5 0.581673
18.7 0.583952
18.9 0.586407
19.1 0.589083
19.3 0.591758
19.5 0.594272
19.7 0.596669
19.9 0.599241
20.1 0.601741
20.3 0.604769
20.5 0.607151
20.7 0.609547
20.9 0.611649
21.1 0.613855
21.3 0.616589
21.5 0.618544
21.7 0.621117
21.9 0.623675
22.1 0.62638
22.3 0.628923
22.5 0.631393
22.7 0.63376
22.9 0.636259
23.1 0.6387
23.3 0.640905
23.5 0.643404
23.7 0.645801
23.9 0.64805
24.1 0.650623
24.3 0.652975
24.5 0.655371
24.7 0.657885
24.9 0.660149
25.1 0.66256
25.3 0.665001
25.5 0.667514
25.7 0.669911
25.9 0.672292
26.1 0.674542
26.3 0.677026
26.5 0.679364
26.7 0.681642
26.9 0.683921
27.1 0.686303
27.3 0.688581
27.5 0.690978
27.7 0.693227
27.9 0.695653
28.1 0.698152
28.3 0.700445
28.5 0.702974
28.7 0.705165
28.9 0.707502
29.1 0.709575
29.3 0.711751
29.5 0.714059
29.7 0.71647
29.9 0.718513
30.1 0.720895
30.3 0.723041
30.5 0.72535
30.7 0.727658
30.9 0.729863
31.1 0.732142
31.3 0.7347
31.5 0.737081
31.7 0.739551
31.9 0.741874
32.1 0.744197
32.3 0.746152
32.5 0.748504
32.7 0.750871
32.9 0.752959
33.1 0.755193
33.3 0.757413
33.5 0.759604
33.7 0.762
33.9 0.764293
34.1 0.766572
34.3 0.769013
34.5 0.771041
34.7 0.773349
34.9 0.775613
35.1 0.777686
35.3 0.779833
35.5 0.78245
35.7 0.78514
35.9 0.787374
36.1 0.78983
36.3 0.792197
36.5 0.794549
36.7 0.796857
36.9 0.798621
37.1 0.800826
37.3 0.803134
37.5 0.80531
37.7 0.80731
37.9 0.80975
38.1 0.811823
38.3 0.813881
38.5 0.816086
38.7 0.818071
38.9 0.819967
39.1 0.821849
39.3 0.823746
39.5 0.825863
39.7 0.82795
39.9 0.830273
40.1 0.832346
40.3 0.834492
40.5 0.836653
40.7 0.838932
40.9 0.840755
41.1 0.842975
41.3 0.845018
41.5 0.84715
41.7 0.849341
41.9 0.851443
42.1 0.853237
42.3 0.854971
42.5 0.856956
42.7 0.859132
42.9 0.860911
43.1 0.862954
43.3 0.864733
43.5 0.866527
43.7 0.868482
43.9 0.870334
44.1 0.872201
44.3 0.87423
44.5 0.876347
44.7 0.878258
44.9 0.880037
45.1 0.882154
45.3 0.883918
45.5 0.885668
45.7 0.887535
45.9 0.889593
46.1 0.891445
46.3 0.893592
46.5 0.895047
46.7 0.896855
46.9 0.898899
47.1 0.900692
47.3 0.902221
47.5 0.903971
47.7 0.905735
47.9 0.907646
48.1 0.909234
48.3 0.910895
48.5 0.912395
48.7 0.913924
48.9 0.915467
49.1 0.917158
49.3 0.918834
49.5 0.92048
49.7 0.922083
49.9 0.923421
50.1 0.92467
50.3 0.926214
50.5 0.927655
50.7 0.928919
50.9 0.930374
51.1 0.931874
51.3 0.933359
51.5 0.934653
51.7 0.935873
51.9 0.937005
52.1 0.938181
52.3 0.939342
52.5 0.940313
52.7 0.941253
52.9 0.942474
53.1 0.943326
53.3 0.944238
53.5 0.944929
53.7 0.945693
53.9 0.946708
54.1 0.947546
54.3 0.948486
54.5 0.949192
54.7 0.949824
54.9 0.950559
55.1 0.951265
55.3 0.952177
55.5 0.953117
55.7 0.953882
55.9 0.954705
56.1 0.955528
56.3 0.956102
56.5 0.956587
56.7 0.957322
56.9 0.958101
57.1 0.958733
57.3 0.959513
57.5 0.960321
57.7 0.961041
57.9 0.961615
58.1 0.962482
58.3 0.963158
58.5 0.963908
58.7 0.964658
58.9 0.965569
59.1 0.966231
59.3 0.966819
59.5 0.96751
59.7 0.968039
59.9 0.968848
60.1 0.969245
60.3 0.969921
60.5 0.97045
60.7 0.971171
60.9 0.971715
61.1 0.972229
61.3 0.972714
61.5 0.973391
61.7 0.97414
61.9 0.974581
62.1 0.975008
62.3 0.975478
62.5 0.975875
62.7 0.976346
62.9 0.976801
63.1 0.977272
63.3 0.977786
63.5 0.978198
63.7 0.978698
63.9 0.978962
64.1 0.979286
64.3 0.979653
64.5 0.980006
64.7 0.980403
64.9 0.980682
65.1 0.980932
65.3 0.981153
65.5 0.981447
65.7 0.981623
65.9 0.981903
66.1 0.982211
66.3 0.982388
66.5 0.982682
66.7 0.98302
66.9 0.98324
67.1 0.983461
67.3 0.983696
67.5 0.983843
67.7 0.983976
67.9 0.984211
68.1 0.98449
68.3 0.984681
68.5 0.984872
68.7 0.98524
68.9 0.985475
69.1 0.98574
69.3 0.985901
69.5 0.986019
69.7 0.986254
69.9 0.986636
70.1 0.986783
70.3 0.986945
70.5 0.987195
70.7 0.98743
70.9 0.987768
71.1 0.988018
71.3 0.988195
71.5 0.988415
71.7 0.988724
71.9 0.98893
72.1 0.98915
72.3 0.989459
72.5 0.989606
72.7 0.989841
72.9 0.990091
73.1 0.990238
73.3 0.990415
73.5 0.990723
73.7 0.99087
73.9 0.991062
74.1 0.991385
74.3 0.991532
74.5 0.991664
74.7 0.991826
74.9 0.992032
75.1 0.992208
75.3 0.992385
75.5 0.992605
75.7 0.992723
75.9 0.99284
76.1 0.992958
76.3 0.993134
76.5 0.993311
76.7 0.993502
76.9 0.993678
77.1 0.993825
77.3 0.994002
77.5 0.994119
77.7 0.994252
77.9 0.994443
78.1 0.99459
78.3 0.994737
78.5 0.994899
78.7 0.995046
78.9 0.99509
79.1 0.995251
79.3 0.995369
79.5 0.995443
79.7 0.995545
79.9 0.995619
80.1 0.995678
80.3 0.995737
80.5 0.995884
80.7 0.995972
80.9 0.996031
81.1 0.996134
81.3 0.996236
81.5 0.996325
81.7 0.996398
81.9 0.996398
82.1 0.996442
82.3 0.996442
82.5 0.996516
82.7 0.996589
82.9 0.996619
83.1 0.996736
83.3 0.99678
83.5 0.996913
83.7 0.996972
83.9 0.99703
84.1 0.997133
84.3 0.997221
84.5 0.997266
84.7 0.997324
84.9 0.997354
85.1 0.997398
85.3 0.997471
85.5 0.99753
85.7 0.99756
85.9 0.997604
86.1 0.997677
86.3 0.997751
86.5 0.997795
86.7 0.997854
86.9 0.997927
87.1 0.998001
87.3 0.998089
87.5 0.998177
87.7 0.998324
87.9 0.998427
88.1 0.9985
88.3 0.998559
88.5 0.998603
88.7 0.998662
88.9 0.99878
89.1 0.998868
89.3 0.998912
89.5 0.998956
89.7 0.999044
89.9 0.999089
90.1 0.999118
90.3 0.999206
90.5 0.99925
90.7 0.999309
90.9 0.999309
91.1 0.999368
91.3 0.999383
91.5 0.999471
91.7 0.9995
91.9 0.999574
92.1 0.999632
92.3 0.999662
92.5 0.999691
92.7 0.999691
92.9 0.999735
93.1 0.999794
93.3 0.999794
93.5 0.999809
93.7 0.999824
93.9 0.999838
94.1 0.999838
94.3 0.999838
94.5 0.999838
94.7 0.999853
94.9 0.999868
95.1 0.999868
95.3 0.999868
95.5 0.999868
95.7 0.999868
95.9 0.999868
96.1 0.999868
96.3 0.999912
96.5 0.999941
96.7 0.999941
96.9 0.999941
97.1 0.999956
97.3 0.999956
97.5 0.999956
97.7 0.999956
97.9 0.999971
98.1 0.999971
98.3 0.999971
98.5 0.999971
98.7 0.999985
98.9 0.999985
99.1 0.999985
99.3 0.999985
99.5 1
