1453
-1098.5 4.81556e-05
-1098.3 4.81556e-05
-1098.1 4.81556e-05
-1097.9 4.81556e-05
-1097.7 4.81556e-05
-1097.5 4.81556e-05
-1097.3 4.81556e-05
-1097.1 4.81556e-05
-1096.9 4.81556e-05
-1096.7 4.81556e-05
-1096.5 4.81556e-05
-1096.3 4.81556e-05
-1096.1 4.81556e-05
-1095.9 4.81556e-05
-1095.7 4.81556e-05
-1095.5 4.81556e-05
-1095.3 4.81556e-05
-1095.1 4.81556e-05
-1094.9 4.81556e-05
-1094.7 4.81556e-05
-1094.5 4.81556e-05
-1094.3 4.81556e-05
-1094.1 4.81556e-05
-1093.9 4.81556e-05
-1093.7 4.81556e-05
-1093.5 4.81556e-05
-1093.3 4.81556e-05
-1093.1 4.81556e-05
-1092.9 4.81556e-05
-1092.7 4.81556e-05
-1092.5 4.81556e-05
-1092.3 4.81556e-05
-1092.1 4.81556e-05
-1091.9 4.81556e-05
-1091.7 4.81556e-05
-1091.5 4.81556e-05
-1091.3 4.81556e-05
-1091.1 4.81556e-05
-1090.9 4.81556e-05
-1090.7 4.81556e-05
-1090.5 4.81556e-05
-1090.3 4.81556e-05
-1090.1 4.81556e-05
-1089.9 4.81556e-05
-1089.7 4.81556e-05
-1089.5 4.81556e-05
-1089.3 4.81556e-05
-1089.1 4.81556e-05
-1088.9 4.81556e-05
-1088.7 4.81556e-05
-1088.5 4.81556e-05
-1088.3 4.81556e-05
-1088.1 4.81556e-05
-1087.9 4.81556e-05
-1087.7 4.81556e-05
-1087.5 4.81556e-05
-1087.3 4.81556e-05
-1087.1 4.81556e-05
-1086.9 4.81556e-05
-1086.7 4.81556e-05
-1086.5 4.81556e-05
-1086.3 4.81556e-05
-1086.1 4.81556e-05
-1085.9 4.81556e-05
-1085.7 4.81556e-05
-1085.5 4.81556e-05
-1085.3 4.81556e-05
-1085.1 4.81556e-05
-1084.9 4.81556e-05
-1084.7 4.81556e-05
-1084.5 4.81556e-05
-1084.3 4.81556e-05
-1084.1 4.81556e-05
-1083.9 4.81556e-05
-1083.7 4.81556e-05
-1083.5 4.81556e-05
-1083.3 4.81556e-05
-1083.1 4.81556e-05
-1082.9 4.81556e-05
-1082.7 4.81556e-05
-1082.5 4.81556e-05
-1082.3 4.81556e-05
-1082.1 4.81556e-05
-1081.9 4.81556e-05
-1081.7 4.81556e-05
-1081.5 4.81556e-05
-1081.3 4.81556e-05
-1081.1 4.81556e-05
-1080.9 4.81556e-05
-1080.7 4.81556e-05
-1080.5 4.81556e-05
-1080.3 4.81556e-05
-1080.1 4.81556e-05
-1079.9 4.81556e-05
-1079.7 4.81556e-05
-1079.5 4.81556e-05
-1079.3 4.81556e-05
-1079.1 4.81556e-05
-1078.9 4.81556e-05
-1078.7 4.81556e-05
-1078.5 4.81556e-05
-1078.3 4.81556e-05
-1078.1 4.81556e-05
-1077.9 4.81556e-05
-1077.7 4.81556e-05
-1077.5 4.81556e-05
-1077.3 4.81556e-05
-1077.1 4.81556e-05
-1076.9 4.81556e-05
-1076.7 4.81556e-05
-1076.5 4.81556e-05
-1076.3 4.81556e-05
-1076.1 4.81556e-05
-1075.9 4.81556e-05
-1075.7 4.81556e-05
-1075.5 4.81556e-05
-1075.3 4.81556e-05
-1075.1 4.81556e-05
-1074.9 4.81556e-05
-1074.7 4.81556e-05
-1074.5 4.81556e-05
-1074.3 4.81556e-05
-1074.1 4.81556e-05
-1073.9 4.81556e-05
-1073.7 4.81556e-05
-1073.5 4.81556e-05
-1073.3 4.81556e-05
-1073.1 4.81556e-05
-1072.9 4.81556e-05
-1072.7 4.81556e-05
-1072.5 4.81556e-05
-1072.3 4.81556e-05
-1072.1 4.81556e-05
-1071.9 4.81556e-05
-1071.7 4.81556e-05
-1071.5 4.81556e-05
-1071.3 4.81556e-05
-1071.1 4.81556e-05
-1070.9 4.81556e-05
-1070.7 4.81556e-05
-1070.5 4.81556e-05
-1070.3 4.81556e-05
-1070.1 4.81556e-05
-1069.9 4.81556e-05
-1069.7 4.81556e-05
-1069.5 4.81556e-05
-1069.3 4.81556e-05
-1069.1 4.81556e-05
-1068.9 4.81556e-05
-1068.7 4.81556e-05
-1068.5 4.81556e-05
-1068.3 4.81556e-05
-1068.1 4.81556e-05
-1067.9 4.81556e-05
-1067.7 4.81556e-05
-1067.5 4.81556e-05
-1067.3 4.81556e-05
-1067.1 4.81556e-05
-1066.9 4.81556e-05
-1066.7 4.81556e-05
-1066.5 4.81556e-05
-1066.3 4.81556e-05
-1066.1 4.81556e-05
-1065.9 4.81556e-05
-1065.7 4.81556e-05
-1065.5 4.81556e-05
-1065.3 4.81556e-05
-1065.1 4.81556e-05
-1064.9 4.81556e-05
-1064.7 4.81556e-05
-1064.5 4.81556e-05
-1064.3 4.81556e-05
-1064.1 4.81556e-05
-1063.9 4.81556e-05
-1063.7 4.81556e-05
-1063.5 4.81556e-05
-1063.3 4.81556e-05
-1063.1 4.81556e-05
-1062.9 4.81556e-05
-1062.7 4.81556e-05
-1062.5 4.81556e-05
-1062.3 4.81556e-05
-1062.1 4.81556e-05
-1061.9 4.81556e-05
-1061.7 4.81556e-05
-1061.5 9.63113e-05
-1061.3 9.63113e-05
-1061.1 9.63113e-05
-1060.9 9.63113e-05
-1060.7 9.63113e-05
-1060.5 9.63113e-05
-1060.3 9.63113e-05
-1060.1 9.63113e-05
-1059.9 9.63113e-05
-1059.7 9.63113e-05
-1059.5 9.63113e-05
-1059.3 9.63113e-05
-1059.1 9.63113e-05
-1058.9 9.63113e-05
-1058.7 9.63113e-05
-1058.5 9.63113e-05
-1058.3 9.63113e-05
-1058.1 9.63113e-05
-1057.9 9.63113e-05
-1057.7 9.63113e-05
-1057.5 9.63113e-05
-1057.3 9.63113e-05
-1057.1 9.63113e-05
-1056.9 9.63113e-05
-1056.7 9.63113e-05
-1056.5 9.63113e-05
-1056.3 9.63113e-05
-1056.1 9.63113e-05
-1055.9 9.63113e-05
-1055.7 9.63113e-05
-1055.5 9.63113e-05
-1055.3 9.63113e-05
-1055.1 9.63113e-05
-1054.9 9.63113e-05
-1054.7 9.63113e-05
-1054.5 9.63113e-05
-1054.3 9.63113e-05
-1054.1 9.63113e-05
-1053.9 9.63113e-05
-1053.7 9.63113e-05
-1053.5 9.63113e-05
-1053.3 9.63113e-05
-1053.1 9.63113e-05
-1052.9 9.63113e-05
-1052.7 9.63113e-05
-1052.5 9.63113e-05
-1052.3 9.63113e-05
-1052.1 9.63113e-05
-1051.9 9.63113e-05
-1051.7 9.63113e-05
-1051.5 9.63113e-05
-1051.3 0.000144467
-1051.1 0.000144467
-1050.9 0.000144467
-1050.7 0.000144467
-1050.5 0.000144467
-1050.3 0.000144467
-1050.1 0.000144467
-1049.9 0.000144467
-1049.7 0.000144467
-1049.5 0.000144467
-1049.3 0.000144467
-1049.1 0.000144467
-1048.9 0.000144467
-1048.7 0.000144467
-1048.5 0.000144467
-1048.3 0.000144467
-1048.1 0.000144467
-1047.9 0.000144467
-1047.7 0.000144467
-1047.5 0.000192623
-1047.3 0.000192623
-1047.1 0.000192623
-1046.9 0.000192623
-1046.7 0.000192623
-1046.5 0.000192623
-1046.3 0.000192623
-1046.1 0.000192623
-1045.9 0.000192623
-1045.7 0.000192623
-1045.5 0.000192623
-1045.3 0.000192623
-1045.1 0.000192623
-1044.9 0.000192623
-1044.7 0.000192623
-1044.5 0.000192623
-1044.3 0.000192623
-1044.1 0.000192623
-1043.9 0.000192623
-1043.7 0.000192623
-1043.5 0.000192623
-1043.3 0.000192623
-1043.1 0.000192623
-1042.9 0.000192623
-1042.7 0.000192623
-1042.5 0.000192623
-1042.3 0.000192623
-1042.1 0.000192623
-1041.9 0.000192623
-1041.7 0.000192623
-1041.5 0.000192623
-1041.3 0.000192623
-1041.1 0.000192623
-1040.9 0.000192623
-1040.7 0.000192623
-1040.5 0.000192623
-1040.3 0.000192623
-1040.1 0.000192623
-1039.9 0.000192623
-1039.7 0.000192623
-1039.5 0.000192623
-1039.3 0.000192623
-1039.1 0.000192623
-1038.9 0.000192623
-1038.7 0.000192623
-1038.5 0.000192623
-1038.3 0.000192623
-1038.1 0.000192623
-1037.9 0.000192623
-1037.7 0.000192623
-1037.5 0.000192623
-1037.3 0.000192623
-1037.1 0.000192623
-1036.9 0.000192623
-1036.7 0.000192623
-1036.5 0.000192623
-1036.3 0.000192623
-1036.1 0.000192623
-1035.9 0.000192623
-1035.7 0.000192623
-1035.5 0.000192623
-1035.3 0.000192623
-1035.1 0.000192623
-1034.9 0.000192623
-1034.7 0.000192623
-1034.5 0.000192623
-1034.3 0.000192623
-1034.1 0.000192623
-1033.9 0.000192623
-1033.7 0.000192623
-1033.5 0.000192623
-1033.3 0.000192623
-1033.1 0.000192623
-1032.9 0.000192623
-1032.7 0.000192623
-1032.5 0.000192623
-1032.3 0.000192623
-1032.1 0.000192623
-1031.9 0.000192623
-1031.7 0.000192623
-1031.5 0.000192623
-1031.3 0.000192623
-1031.1 0.000192623
-1030.9 0.000192623
-1030.7 0.000192623
-1030.5 0.000192623
-1030.3 0.000192623
-1030.1 0.000192623
-1029.9 0.000192623
-1029.7 0.000192623
-1029.5 0.000192623
-1029.3 0.000192623
-1029.1 0.000192623
-1028.9 0.000192623
-1028.7 0.000192623
-1028.5 0.000192623
-1028.3 0.000192623
-1028.1 0.000192623
-1027.9 0.000192623
-1027.7 0.000192623
-1027.5 0.000192623
-1027.3 0.000192623
-1027.1 0.000192623
-1026.9 0.000192623
-1026.7 0.000192623
-1026.5 0.000192623
-1026.3 0.000192623
-1026.1 0.000192623
-1025.9 0.000192623
-1025.7 0.000192623
-1025.5 0.000192623
-1025.3 0.000192623
-1025.1 0.000192623
-1024.9 0.000192623
-1024.7 0.000192623
-1024.5 0.000192623
-1024.3 0.000192623
-1024.1 0.000192623
-1023.9 0.000192623
-1023.7 0.000192623
-1023.5 0.000192623
-1023.3 0.000192623
-1023.1 0.000192623
-1022.9 0.000192623
-1022.7 0.000192623
-1022.5 0.000192623
-1022.3 0.000192623
-1022.1 0.000192623
-1021.9 0.000192623
-1021.7 0.000192623
-1021.5 0.000192623
-1021.3 0.000192623
-1021.1 0.000192623
-1020.9 0.000192623
-1020.7 0.000192623
-1020.5 0.000192623
-1020.3 0.000192623
-1020.1 0.000192623
-1019.9 0.000192623
-1019.7 0.000192623
-1019.5 0.000192623
-1019.3 0.000192623
-1019.1 0.000192623
-1018.9 0.000192623
-1018.7 0.000192623
-1018.5 0.000192623
-1018.3 0.000192623
-1018.1 0.000192623
-1017.9 0.000192623
-1017.7 0.000192623
-1017.5 0.000192623
-1017.3 0.000192623
-1017.1 0.000192623
-1016.9 0.000192623
-1016.7 0.000192623
-1016.5 0.000192623
-1016.3 0.000192623
-1016.1 0.000192623
-1015.9 0.000192623
-1015.7 0.000192623
-1015.5 0.000192623
-1015.3 0.000192623
-1015.1 0.000192623
-1014.9 0.000192623
-1014.7 0.000192623
-1014.5 0.000240778
-1014.3 0.000240778
-1014.1 0.000240778
-1013.9 0.000240778
-1013.7 0.000240778
-1013.5 0.000240778
-1013.3 0.000240778
-1013.1 0.000240778
-1012.9 0.000240778
-1012.7 0.000240778
-1012.5 0.000240778
-1012.3 0.000240778
-1012.1 0.000240778
-1011.9 0.000240778
-1011.7 0.000240778
-1011.5 0.000240778
-1011.3 0.000240778
-1011.1 0.000240778
-1010.9 0.000240778
-1010.7 0.000240778
-1010.5 0.000240778
-1010.3 0.000240778
-1010.1 0.000240778
-1009.9 0.000240778
-1009.7 0.000240778
-1009.5 0.000240778
-1009.3 0.000240778
-1009.1 0.000240778
-1008.9 0.000240778
-1008.7 0.000240778
-1008.5 0.000240778
-1008.3 0.000240778
-1008.1 0.000240778
-1007.9 0.000240778
-1007.7 0.000240778
-1007.5 0.000240778
-1007.3 0.000240778
-1007.1 0.000240778
-1006.9 0.000240778
-1006.7 0.000240778
-1006.5 0.000240778
-1006.3 0.000240778
-1006.1 0.000240778
-1005.9 0.000240778
-1005.7 0.000240778
-1005.5 0.000240778
-1005.3 0.000240778
-1005.1 0.000240778
-1004.9 0.000240778
-1004.7 0.000240778
-1004.5 0.000288934
-1004.3 0.000288934
-1004.1 0.000288934
-1003.9 0.000288934
-1003.7 0.000288934
-1003.5 0.000337089
-1003.3 0.000337089
-1003.1 0.000337089
-1002.9 0.000529712
-1002.7 0.000626023
-1002.5 0.00077049
-1002.3 0.000914957
-1002.1 0.000963113
-1001.9 0.00110758
-1001.7 0.00115574
-1001.5 0.00144467
-1001.3 0.0017336
-1001.1 0.00211885
-1000.9 0.00240778
-1000.7 0.00269672
-1000.5 0.00293749
-1000.3 0.00322643
-1000.1 0.00356352
-999.9 0.00404507
-999.7 0.00452663
-999.5 0.00515265
-999.3 0.00568237
-999.1 0.00626023
-998.9 0.00674179
-998.7 0.00751228
-998.5 0.00852355
-998.3 0.00924588
-998.1 0.00982375
-997.9 0.0107869
-997.7 0.0118944
-997.5 0.0129057
-997.3 0.0138207
-997.1 0.0148319
-996.9 0.016084
-996.7 0.0169026
-996.5 0.0181065
-996.3 0.0193104
-996.1 0.0205143
-995.9 0.0220071
-995.7 0.0232592
-995.5 0.024752
-995.3 0.0263411
-995.1 0.028171
-994.9 0.029712
-994.7 0.0314938
-994.5 0.0328903
-994.3 0.0342868
-994.1 0.0361649
-993.9 0.038043
-993.7 0.0401618
-993.5 0.0422325
-993.3 0.0443032
-993.1 0.0457479
-992.9 0.0478185
-992.7 0.050756
-992.5 0.0530675
-992.3 0.0552345
-992.1 0.0575941
-991.9 0.0595685
-991.7 0.06188
-991.5 0.0644804
-991.3 0.0666474
-991.1 0.0691033
-990.9 0.0715593
-990.7 0.0737263
-990.5 0.0763748
-990.3 0.0788308
-990.1 0.0815275
-989.9 0.0838871
-989.7 0.0862467
-989.5 0.0882693
-989.3 0.0912549
-989.1 0.0936627
-988.9 0.0961668
-988.7 0.0990561
-988.5 0.101897
-988.3 0.104064
-988.1 0.106472
-987.9 0.109121
-987.7 0.111336
-987.5 0.114418
-987.3 0.116488
-987.1 0.118752
-986.9 0.121449
-986.7 0.12429
-986.5 0.127131
-986.3 0.129635
-986.1 0.132669
-985.9 0.135173
-985.7 0.137388
-985.5 0.139651
-985.3 0.142204
-985.1 0.144948
-984.9 0.147404
-984.7 0.149957
-984.5 0.152942
-984.3 0.155591
-984.1 0.157902
-983.9 0.160166
-983.7 0.162525
-983.5 0.164933
-983.3 0.167871
-983.1 0.170567
-982.9 0.173505
-982.7 0.176876
-982.5 0.178898
-982.3 0.181643
-982.1 0.184003
-981.9 0.186603
-981.7 0.189155
-981.5 0.191563
-981.3 0.194019
-981.1 0.196668
-980.9 0.199461
-980.7 0.202206
-980.5 0.204806
-980.3 0.207262
-980.1 0.210151
-979.9 0.212607
-979.7 0.21487
-979.5 0.217567
-979.3 0.220216
-979.1 0.222672
-978.9 0.225465
-978.7 0.22768
-978.5 0.230521
-978.3 0.233507
-978.1 0.236107
-977.9 0.238804
-977.7 0.241404
-977.5 0.244486
-977.3 0.247087
-977.1 0.249157
-976.9 0.25171
-976.7 0.254069
-976.5 0.256718
-976.3 0.25874
-976.1 0.261004
-975.9 0.263074
-975.7 0.265819
-975.5 0.268034
-975.3 0.270298
-975.1 0.272513
-974.9 0.275113
-974.7 0.277569
-974.5 0.279736
-974.3 0.281759
-974.1 0.284407
-973.9 0.286911
-973.7 0.289271
-973.5 0.292594
-973.3 0.29529
-973.1 0.297843
-972.9 0.30025
-972.7 0.302706
-972.5 0.305114
-972.3 0.307185
-972.1 0.309785
-971.9 0.311856
-971.7 0.314456
-971.5 0.317153
-971.3 0.319657
-971.1 0.322113
-970.9 0.324569
-970.7 0.32741
-970.5 0.329866
-970.3 0.332611
-970.1 0.334585
-969.9 0.336801
-969.7 0.338823
-969.5 0.340894
-969.3 0.343446
-969.1 0.345661
-968.9 0.347443
-968.7 0.350573
-968.5 0.353366
-968.3 0.355389
-968.1 0.357989
-967.9 0.360397
-967.7 0.362708
-967.5 0.364923
-967.3 0.367957
-967.1 0.370172
-966.9 0.373014
-966.7 0.374988
-966.5 0.376866
-966.3 0.379322
-966.1 0.381393
-965.9 0.383608
-965.7 0.386738
-965.5 0.388857
-965.3 0.391072
-965.1 0.392902
-964.9 0.39531
-964.7 0.398199
-964.5 0.400703
-964.3 0.40287
-964.1 0.404941
-963.9 0.407541
-963.7 0.410093
-963.5 0.412838
-963.3 0.415342
-963.1 0.417413
-962.9 0.419243
-962.7 0.421651
-962.5 0.424347
-962.3 0.426322
-962.1 0.42873
-961.9 0.431234
-961.7 0.433642
-961.5 0.435664
-961.3 0.43812
-961.1 0.44072
-960.9 0.442887
-960.7 0.444862
-960.5 0.446981
-960.3 0.448425
-960.1 0.45064
-959.9 0.452904
-959.7 0.455456
-959.5 0.457527
-959.3 0.459549
-959.1 0.461331
-958.9 0.463305
-958.7 0.465665
-958.5 0.467784
-958.3 0.469806
-958.1 0.472022
-957.9 0.474044
-957.7 0.4765
-957.5 0.47833
-957.3 0.480834
-957.1 0.48252
-956.9 0.48459
-956.7 0.486131
-956.5 0.488346
-956.3 0.490369
-956.1 0.492825
-955.9 0.495281
-955.7 0.498122
-955.5 0.50053
-955.3 0.503371
-955.1 0.505731
-954.9 0.507753
-954.7 0.509872
-954.5 0.512135
-954.3 0.514158
-954.1 0.516614
-953.9 0.518492
-953.7 0.520562
-953.5 0.522344
-953.3 0.523933
-953.1 0.526582
-952.9 0.528219
-952.7 0.531012
-952.5 0.533035
-952.3 0.535683
-952.1 0.537898
-951.9 0.54021
-951.7 0.542281
-951.5 0.544785
-951.3 0.546759
-951.1 0.548541
-950.9 0.55066
-950.7 0.552875
-950.5 0.554897
-950.3 0.55692
-950.1 0.558798
-949.9 0.560724
-949.7 0.56241
-949.5 0.56424
-949.3 0.566358
-949.1 0.568333
-948.9 0.570163
-948.7 0.572474
-948.5 0.5744
-948.3 0.576616
-948.1 0.579072
-947.9 0.581142
-947.7 0.583213
-947.5 0.585524
-947.3 0.587691
-947.1 0.590196
-946.9 0.592651
-946.7 0.594963
-946.5 0.597082
-946.3 0.598864
-946.1 0.600501
-945.9 0.602427
-945.7 0.60445
-945.5 0.606279
-945.3 0.608687
-945.1 0.610758
-944.9 0.612973
-944.7 0.615911
-944.5 0.618367
-944.3 0.620822
-944.1 0.622749
-943.9 0.625301
-943.7 0.627035
-943.5 0.629346
-943.3 0.631898
-943.1 0.633487
-942.9 0.635028
-942.7 0.63681
-942.5 0.63864
-942.3 0.640614
-942.1 0.642589
-941.9 0.644804
-941.7 0.646778
-941.5 0.648849
-941.3 0.650727
-941.1 0.652364
-940.9 0.654002
-940.7 0.655783
-940.5 0.657806
-940.3 0.659347
-940.1 0.661177
-939.9 0.663151
-939.7 0.66527
-939.5 0.667678
-939.3 0.669797
-939.1 0.672012
-938.9 0.674275
-938.7 0.675961
-938.5 0.678224
-938.3 0.680247
-938.1 0.681884
-937.9 0.683955
-937.7 0.685929
-937.5 0.688433
-937.3 0.690167
-937.1 0.691611
-936.9 0.69373
-936.7 0.695416
-936.5 0.697197
-936.3 0.69869
-936.1 0.700183
-935.9 0.70158
-935.7 0.703506
-935.5 0.705817
-935.3 0.707984
-935.1 0.710055
-934.9 0.712029
-934.7 0.713956
-934.5 0.716123
-934.3 0.717952
-934.1 0.720312
-933.9 0.722335
-933.7 0.724164
-933.5 0.726476
-933.3 0.728402
-933.1 0.730136
-932.9 0.732447
-932.7 0.733892
-932.5 0.735192
-932.3 0.737263
-932.1 0.739237
-931.9 0.741404
-931.7 0.743571
-931.5 0.745642
-931.3 0.747087
-931.1 0.748724
-930.9 0.750506
-930.7 0.752287
-930.5 0.754454
-930.3 0.755803
-930.1 0.757536
-929.9 0.7598
-929.7 0.762015
-929.5 0.764278
-929.3 0.766349
-929.1 0.768082
-928.9 0.769623
-928.7 0.771309
-928.5 0.773091
-928.3 0.774921
-928.1 0.776895
-927.9 0.778869
-927.7 0.780603
-927.5 0.782385
-927.3 0.784841
-927.1 0.786671
-926.9 0.789078
-926.7 0.790956
-926.5 0.792546
-926.3 0.794038
-926.1 0.795387
-925.9 0.796976
-925.7 0.798517
-925.5 0.799817
-925.3 0.801551
-925.1 0.803381
-924.9 0.804825
-924.7 0.8068
-924.5 0.808581
-924.3 0.810219
-924.1 0.812289
-923.9 0.814312
-923.7 0.815468
-923.5 0.817731
-923.3 0.819176
-923.1 0.820861
-922.9 0.822306
-922.7 0.823847
-922.5 0.825436
-922.3 0.827314
-922.1 0.829047
-921.9 0.830348
-921.7 0.832322
-921.5 0.833767
-921.3 0.835452
-921.1 0.83733
-920.9 0.838823
-920.7 0.840797
-920.5 0.842338
-920.3 0.844024
-920.1 0.846095
-919.9 0.84778
-919.7 0.849562
-919.5 0.850814
-919.3 0.85221
-919.1 0.853751
-918.9 0.854859
-918.7 0.856255
-918.5 0.857893
-918.3 0.859674
-918.1 0.861553
-917.9 0.863671
-917.7 0.865309
-917.5 0.86685
-917.3 0.86815
-917.1 0.869691
-916.9 0.871039
-916.7 0.872628
-916.5 0.874314
-916.3 0.875903
-916.1 0.877877
-915.9 0.87937
-915.7 0.880526
-915.5 0.881971
-915.3 0.884041
-915.1 0.885293
-914.9 0.886979
-914.7 0.888279
-914.5 0.889916
-914.3 0.891168
-914.1 0.89242
-913.9 0.894202
-913.7 0.895647
-913.5 0.896947
-913.3 0.898247
-913.1 0.899307
-912.9 0.900751
-912.7 0.902051
-912.5 0.903303
-912.3 0.905133
-912.1 0.906337
-911.9 0.907637
-911.7 0.908841
-911.5 0.910431
-911.3 0.911779
-911.1 0.913079
-910.9 0.914524
-910.7 0.915872
-910.5 0.916883
-910.3 0.918039
-910.1 0.919099
-909.9 0.920351
-909.7 0.921169
-909.5 0.922373
-909.3 0.923095
-909.1 0.924107
-908.9 0.925311
-908.7 0.926563
-908.5 0.927478
-908.3 0.928681
-908.1 0.929452
-907.9 0.930752
-907.7 0.931523
-907.5 0.932293
-907.3 0.933208
-907.1 0.933882
-906.9 0.934797
-906.7 0.935809
-906.5 0.93629
-906.3 0.937157
-906.1 0.938072
-905.9 0.939035
-905.7 0.940143
-905.5 0.941154
-905.3 0.942021
-905.1 0.942887
-904.9 0.943754
-904.7 0.944236
-904.5 0.945006
-904.3 0.945729
-904.1 0.946884
-903.9 0.947607
-903.7 0.948088
-903.5 0.948666
-903.3 0.949292
-903.1 0.950159
-902.9 0.95064
-902.7 0.951315
-902.5 0.952037
-902.3 0.952615
-902.1 0.953096
-901.9 0.953626
-901.7 0.953963
-901.5 0.954589
-901.3 0.954974
-901.1 0.955312
-900.9 0.955986
-900.7 0.956564
-900.5 0.956997
-900.3 0.957479
-900.1 0.957671
-899.9 0.958056
-899.7 0.958538
-899.5 0.958875
-899.3 0.959405
-899.1 0.959838
-898.9 0.960175
-898.7 0.960705
-898.5 0.96109
-898.3 0.961475
-898.1 0.961909
-897.9 0.96215
-897.7 0.962679
-897.5 0.963305
-897.3 0.964172
-897.1 0.964413
-896.9 0.964798
-896.7 0.965135
-896.5 0.965472
-896.3 0.965809
-896.1 0.966195
-895.9 0.966484
-895.7 0.966724
-895.5 0.96711
-895.3 0.96735
-895.1 0.967639
-894.9 0.967832
-894.7 0.968217
-894.5 0.968603
-894.3 0.968891
-894.1 0.969036
-893.9 0.969566
-893.7 0.969999
-893.5 0.970192
-893.3 0.970481
-893.1 0.970625
-892.9 0.970818
-892.7 0.970818
-892.5 0.97101
-892.3 0.971203
-892.1 0.971444
-891.9 0.971733
-891.7 0.971877
-891.5 0.972022
-891.3 0.972455
-891.1 0.972599
-890.9 0.972985
-890.7 0.973322
-890.5 0.973611
-890.3 0.973851
-890.1 0.97414
-889.9 0.974285
-889.7 0.974333
-889.5 0.974526
-889.3 0.974911
-889.1 0.975104
-888.9 0.975392
-888.7 0.975489
-888.5 0.975585
-888.3 0.975681
-888.1 0.975778
-887.9 0.976211
-887.7 0.976404
-887.5 0.976693
-887.3 0.976789
-887.1 0.977078
-886.9 0.977415
-886.7 0.977559
-886.5 0.977752
-886.3 0.978041
-886.1 0.978185
-885.9 0.978234
-885.7 0.978282
-885.5 0.97833
-885.3 0.978523
-885.1 0.978619
-884.9 0.978812
-884.7 0.978956
-884.5 0.979052
-884.3 0.979245
-884.1 0.979438
-883.9 0.979775
-883.7 0.979823
-883.5 0.979823
-883.3 0.980112
-883.1 0.98016
-882.9 0.980256
-882.7 0.980401
-882.5 0.980497
-882.3 0.980738
-882.1 0.980882
-881.9 0.981123
-881.7 0.981219
-881.5 0.981364
-881.3 0.98146
-881.1 0.981701
-880.9 0.981845
-880.7 0.98199
-880.5 0.982086
-880.3 0.982086
-880.1 0.982182
-879.9 0.982423
-879.7 0.982471
-879.5 0.982568
-879.3 0.982664
-879.1 0.98276
-878.9 0.982905
-878.7 0.983049
-878.5 0.983146
-878.3 0.983194
-878.1 0.983242
-877.9 0.983483
-877.7 0.983627
-877.5 0.983675
-877.3 0.983964
-877.1 0.984109
-876.9 0.984205
-876.7 0.984301
-876.5 0.984398
-876.3 0.984494
-876.1 0.98459
-875.9 0.984638
-875.7 0.984831
-875.5 0.984927
-875.3 0.985072
-875.1 0.985168
-874.9 0.985313
-874.7 0.985361
-874.5 0.985505
-874.3 0.985601
-874.1 0.985601
-873.9 0.985698
-873.7 0.985794
-873.5 0.98589
-873.3 0.985987
-873.1 0.986131
-872.9 0.986179
-872.7 0.986276
-872.5 0.986324
-872.3 0.986372
-872.1 0.986468
-871.9 0.986468
-871.7 0.986516
-871.5 0.986565
-871.3 0.986709
-871.1 0.986805
-870.9 0.986805
-870.7 0.986854
-870.5 0.986998
-870.3 0.987094
-870.1 0.987239
-869.9 0.987335
-869.7 0.987383
-869.5 0.987528
-869.3 0.987576
-869.1 0.98772
-868.9 0.987817
-868.7 0.987817
-868.5 0.987913
-868.3 0.988009
-868.1 0.988009
-867.9 0.988154
-867.7 0.988154
-867.5 0.988202
-867.3 0.98825
-867.1 0.988298
-866.9 0.988346
-866.7 0.988346
-866.5 0.988394
-866.3 0.988491
-866.1 0.988587
-865.9 0.988732
-865.7 0.988828
-865.5 0.988924
-865.3 0.988972
-865.1 0.988972
-864.9 0.989117
-864.7 0.989117
-864.5 0.989213
-864.3 0.989454
-864.1 0.989695
-863.9 0.989743
-863.7 0.989743
-863.5 0.989839
-863.3 0.989887
-863.1 0.989887
-862.9 0.989935
-862.7 0.989935
-862.5 0.989935
-862.3 0.990032
-862.1 0.99008
-861.9 0.990176
-861.7 0.990224
-861.5 0.990224
-861.3 0.990273
-861.1 0.990321
-860.9 0.990417
-860.7 0.990561
-860.5 0.990658
-860.3 0.99085
-860.1 0.990899
-859.9 0.990947
-859.7 0.991139
-859.5 0.991188
-859.3 0.991332
-859.1 0.991332
-858.9 0.99138
-858.7 0.991428
-858.5 0.991476
-858.3 0.991573
-858.1 0.991717
-857.9 0.991862
-857.7 0.991958
-857.5 0.992006
-857.3 0.992102
-857.1 0.992199
-856.9 0.992295
-856.7 0.992343
-856.5 0.99244
-856.3 0.992488
-856.1 0.992584
-855.9 0.99268
-855.7 0.992728
-855.5 0.992728
-855.3 0.992873
-855.1 0.992921
-854.9 0.992969
-854.7 0.993017
-854.5 0.993017
-854.3 0.993114
-854.1 0.993258
-853.9 0.993355
-853.7 0.993403
-853.5 0.993451
-853.3 0.993499
-853.1 0.993595
-852.9 0.993643
-852.7 0.99374
-852.5 0.993884
-852.3 0.993884
-852.1 0.993932
-851.9 0.993932
-851.7 0.994077
-851.5 0.994125
-851.3 0.994221
-851.1 0.994269
-850.9 0.994366
-850.7 0.994607
-850.5 0.994655
-850.3 0.994655
-850.1 0.994751
-849.9 0.994799
-849.7 0.994799
-849.5 0.994799
-849.3 0.994847
-849.1 0.994896
-848.9 0.994944
-848.7 0.994992
-848.5 0.994992
-848.3 0.99504
-848.1 0.995088
-847.9 0.995088
-847.7 0.995184
-847.5 0.995184
-847.3 0.995281
-847.1 0.995281
-846.9 0.995329
-846.7 0.995329
-846.5 0.995329
-846.3 0.995329
-846.1 0.995377
-845.9 0.995522
-845.7 0.99557
-845.5 0.99557
-845.3 0.995666
-845.1 0.995666
-844.9 0.995714
-844.7 0.995714
-844.5 0.995714
-844.3 0.995762
-844.1 0.995762
-843.9 0.995762
-843.7 0.99581
-843.5 0.995907
-843.3 0.995907
-843.1 0.996003
-842.9 0.996099
-842.7 0.996099
-842.5 0.996148
-842.3 0.996244
-842.1 0.996292
-841.9 0.996292
-841.7 0.99634
-841.5 0.996388
-841.3 0.996436
-841.1 0.996436
-840.9 0.996436
-840.7 0.996533
-840.5 0.996629
-840.3 0.996629
-840.1 0.996629
-839.9 0.996725
-839.7 0.996822
-839.5 0.996918
-839.3 0.997014
-839.1 0.997014
-838.9 0.997014
-838.7 0.997111
-838.5 0.997159
-838.3 0.997159
-838.1 0.997207
-837.9 0.997207
-837.7 0.997303
-837.5 0.997351
-837.3 0.997351
-837.1 0.9974
-836.9 0.9974
-836.7 0.9974
-836.5 0.997448
-836.3 0.99764
-836.1 0.997689
-835.9 0.997689
-835.7 0.997689
-835.5 0.997833
-835.3 0.997833
-835.1 0.997881
-834.9 0.997929
-834.7 0.997977
-834.5 0.997977
-834.3 0.997977
-834.1 0.998026
-833.9 0.998026
-833.7 0.99817
-833.5 0.998218
-833.3 0.998266
-833.1 0.998266
-832.9 0.998266
-832.7 0.998315
-832.5 0.998315
-832.3 0.998363
-832.1 0.998411
-831.9 0.998411
-831.7 0.998459
-831.5 0.998507
-831.3 0.998507
-831.1 0.998507
-830.9 0.998555
-830.7 0.998652
-830.5 0.998652
-830.3 0.998652
-830.1 0.998652
-829.9 0.9987
-829.7 0.9987
-829.5 0.998748
-829.3 0.998748
-829.1 0.998796
-828.9 0.998844
-828.7 0.998844
-828.5 0.998844
-828.3 0.998844
-828.1 0.998892
-827.9 0.998892
-827.7 0.998892
-827.5 0.998892
-827.3 0.998892
-827.1 0.998892
-826.9 0.998941
-826.7 0.998941
-826.5 0.998941
-826.3 0.998989
-826.1 0.998989
-825.9 0.999037
-825.7 0.999037
-825.5 0.999037
-825.3 0.999037
-825.1 0.999085
-824.9 0.999085
-824.7 0.999181
-824.5 0.999181
-824.3 0.999181
-824.1 0.99923
-823.9 0.99923
-823.7 0.99923
-823.5 0.999278
-823.3 0.999278
-823.1 0.999278
-822.9 0.999278
-822.7 0.999278
-822.5 0.999278
-822.3 0.999326
-822.1 0.999374
-821.9 0.999422
-821.7 0.999422
-821.5 0.999422
-821.3 0.999422
-821.1 0.999422
-820.9 0.999422
-820.7 0.999422
-820.5 0.999422
-820.3 0.999422
-820.1 0.999422
-819.9 0.999422
-819.7 0.99947
-819.5 0.99947
-819.3 0.99947
-819.1 0.99947
-818.9 0.99947
-818.7 0.99947
-818.5 0.99947
-818.3 0.99947
-818.1 0.99947
-817.9 0.99947
-817.7 0.99947
-817.5 0.999518
-817.3 0.999518
-817.1 0.999615
-816.9 0.999615
-816.7 0.999663
-816.5 0.999663
-816.3 0.999711
-816.1 0.999711
-815.9 0.999711
-815.7 0.999711
-815.5 0.999711
-815.3 0.999759
-815.1 0.999807
-814.9 0.999807
-814.7 0.999807
-814.5 0.999807
-814.3 0.999807
-814.1 0.999807
-813.9 0.999807
-813.7 0.999856
-813.5 0.999856
-813.3 0.999856
-813.1 0.999856
-812.9 0.999856
-812.7 0.999856
-812.5 0.999856
-812.3 0.999856
-812.1 0.999856
-811.9 0.999856
-811.7 0.999856
-811.5 0.999856
-811.3 0.999904
-811.1 0.999904
-810.9 0.999904
-810.7 0.999904
-810.5 0.999904
-810.3 0.999904
-810.1 0.999904
-809.9 0.999904
-809.7 0.999904
-809.5 0.999904
-809.3 0.999904
-809.1 0.999952
-808.9 0.999952
-808.7 0.999952
-808.5 0.999952
-808.3 0.999952
-808.1 1
