1491
-1097.9 4.82044e-05
-1097.7 4.82044e-05
-1097.5 4.82044e-05
-1097.3 4.82044e-05
-1097.1 4.82044e-05
-1096.9 4.82044e-05
-1096.7 4.82044e-05
-1096.5 4.82044e-05
-1096.3 4.82044e-05
-1096.1 4.82044e-05
-1095.9 4.82044e-05
-1095.7 4.82044e-05
-1095.5 4.82044e-05
-1095.3 4.82044e-05
-1095.1 4.82044e-05
-1094.9 4.82044e-05
-1094.7 4.82044e-05
-1094.5 4.82044e-05
-1094.3 4.82044e-05
-1094.1 4.82044e-05
-1093.9 4.82044e-05
-1093.7 4.82044e-05
-1093.5 4.82044e-05
-1093.3 4.82044e-05
-1093.1 4.82044e-05
-1092.9 4.82044e-05
-1092.7 4.82044e-05
-1092.5 4.82044e-05
-1092.3 4.82044e-05
-1092.1 4.82044e-05
-1091.9 4.82044e-05
-1091.7 4.82044e-05
-1091.5 4.82044e-05
-1091.3 4.82044e-05
-1091.1 4.82044e-05
-1090.9 4.82044e-05
-1090.7 4.82044e-05
-1090.5 4.82044e-05
-1090.3 4.82044e-05
-1090.1 4.82044e-05
-1089.9 4.82044e-05
-1089.7 4.82044e-05
-1089.5 4.82044e-05
-1089.3 4.82044e-05
-1089.1 4.82044e-05
-1088.9 4.82044e-05
-1088.7 4.82044e-05
-1088.5 4.82044e-05
-1088.3 4.82044e-05
-1088.1 4.82044e-05
-1087.9 4.82044e-05
-1087.7 4.82044e-05
-1087.5 4.82044e-05
-1087.3 4.82044e-05
-1087.1 4.82044e-05
-1086.9 4.82044e-05
-1086.7 4.82044e-05
-1086.5 4.82044e-05
-1086.3 4.82044e-05
-1086.1 4.82044e-05
-1085.9 4.82044e-05
-1085.7 4.82044e-05
-1085.5 4.82044e-05
-1085.3 4.82044e-05
-1085.1 4.82044e-05
-1084.9 4.82044e-05
-1084.7 4.82044e-05
-1084.5 4.82044e-05
-1084.3 4.82044e-05
-1084.1 4.82044e-05
-1083.9 4.82044e-05
-1083.7 4.82044e-05
-1083.5 4.82044e-05
-1083.3 4.82044e-05
-1083.1 4.82044e-05
-1082.9 4.82044e-05
-1082.7 4.82044e-05
-1082.5 4.82044e-05
-1082.3 4.82044e-05
-1082.1 4.82044e-05
-1081.9 4.82044e-05
-1081.7 4.82044e-05
-1081.5 4.82044e-05
-1081.3 4.82044e-05
-1081.1 4.82044e-05
-1080.9 4.82044e-05
-1080.7 4.82044e-05
-1080.5 4.82044e-05
-1080.3 4.82044e-05
-1080.1 4.82044e-05
-1079.9 4.82044e-05
-1079.7 4.82044e-05
-1079.5 4.82044e-05
-1079.3 4.82044e-05
-1079.1 4.82044e-05
-1078.9 4.82044e-05
-1078.7 4.82044e-05
-1078.5 4.82044e-05
-1078.3 4.82044e-05
-1078.1 4.82044e-05
-1077.9 4.82044e-05
-1077.7 4.82044e-05
-1077.5 4.82044e-05
-1077.3 4.82044e-05
-1077.1 4.82044e-05
-1076.9 4.82044e-05
-1076.7 4.82044e-05
-1076.5 4.82044e-05
-1076.3 4.82044e-05
-1076.1 4.82044e-05
-1075.9 4.82044e-05
-1075.7 4.82044e-05
-1075.5 4.82044e-05
-1075.3 4.82044e-05
-1075.1 4.82044e-05
-1074.9 4.82044e-05
-1074.7 9.64088e-05
-1074.5 9.64088e-05
-1074.3 9.64088e-05
-1074.1 9.64088e-05
-1073.9 9.64088e-05
-1073.7 9.64088e-05
-1073.5 9.64088e-05
-1073.3 9.64088e-05
-1073.1 9.64088e-05
-1072.9 9.64088e-05
-1072.7 9.64088e-05
-1072.5 9.64088e-05
-1072.3 9.64088e-05
-1072.1 9.64088e-05
-1071.9 9.64088e-05
-1071.7 9.64088e-05
-1071.5 9.64088e-05
-1071.3 9.64088e-05
-1071.1 9.64088e-05
-1070.9 9.64088e-05
-1070.7 9.64088e-05
-1070.5 9.64088e-05
-1070.3 9.64088e-05
-1070.1 9.64088e-05
-1069.9 9.64088e-05
-1069.7 9.64088e-05
-1069.5 9.64088e-05
-1069.3 9.64088e-05
-1069.1 9.64088e-05
-1068.9 9.64088e-05
-1068.7 9.64088e-05
-1068.5 9.64088e-05
-1068.3 9.64088e-05
-1068.1 9.64088e-05
-1067.9 9.64088e-05
-1067.7 9.64088e-05
-1067.5 9.64088e-05
-1067.3 9.64088e-05
-1067.1 9.64088e-05
-1066.9 9.64088e-05
-1066.7 9.64088e-05
-1066.5 9.64088e-05
-1066.3 9.64088e-05
-1066.1 9.64088e-05
-1065.9 9.64088e-05
-1065.7 9.64088e-05
-1065.5 9.64088e-05
-1065.3 9.64088e-05
-1065.1 9.64088e-05
-1064.9 9.64088e-05
-1064.7 9.64088e-05
-1064.5 9.64088e-05
-1064.3 9.64088e-05
-1064.1 9.64088e-05
-1063.9 9.64088e-05
-1063.7 9.64088e-05
-1063.5 9.64088e-05
-1063.3 9.64088e-05
-1063.1 9.64088e-05
-1062.9 9.64088e-05
-1062.7 9.64088e-05
-1062.5 9.64088e-05
-1062.3 9.64088e-05
-1062.1 9.64088e-05
-1061.9 9.64088e-05
-1061.7 9.64088e-05
-1061.5 9.64088e-05
-1061.3 9.64088e-05
-1061.1 9.64088e-05
-1060.9 9.64088e-05
-1060.7 9.64088e-05
-1060.5 9.64088e-05
-1060.3 9.64088e-05
-1060.1 9.64088e-05
-1059.9 9.64088e-05
-1059.7 9.64088e-05
-1059.5 9.64088e-05
-1059.3 9.64088e-05
-1059.1 9.64088e-05
-1058.9 9.64088e-05
-1058.7 9.64088e-05
-1058.5 9.64088e-05
-1058.3 9.64088e-05
-1058.1 9.64088e-05
-1057.9 9.64088e-05
-1057.7 9.64088e-05
-1057.5 9.64088e-05
-1057.3 9.64088e-05
-1057.1 9.64088e-05
-1056.9 9.64088e-05
-1056.7 9.64088e-05
-1056.5 9.64088e-05
-1056.3 9.64088e-05
-1056.1 9.64088e-05
-1055.9 9.64088e-05
-1055.7 9.64088e-05
-1055.5 9.64088e-05
-1055.3 9.64088e-05
-1055.1 9.64088e-05
-1054.9 9.64088e-05
-1054.7 0.000144613
-1054.5 0.000144613
-1054.3 0.000144613
-1054.1 0.000144613
-1053.9 0.000144613
-1053.7 0.000144613
-1053.5 0.000144613
-1053.3 0.000144613
-1053.1 0.000144613
-1052.9 0.000144613
-1052.7 0.000144613
-1052.5 0.000144613
-1052.3 0.000144613
-1052.1 0.000144613
-1051.9 0.000144613
-1051.7 0.000144613
-1051.5 0.000144613
-1051.3 0.000144613
-1051.1 0.000144613
-1050.9 0.000144613
-1050.7 0.000144613
-1050.5 0.000144613
-1050.3 0.000144613
-1050.1 0.000144613
-1049.9 0.000144613
-1049.7 0.000144613
-1049.5 0.000144613
-1049.3 0.000144613
-1049.1 0.000144613
-1048.9 0.000144613
-1048.7 0.000144613
-1048.5 0.000144613
-1048.3 0.000144613
-1048.1 0.000144613
-1047.9 0.000144613
-1047.7 0.000144613
-1047.5 0.000144613
-1047.3 0.000144613
-1047.1 0.000144613
-1046.9 0.000144613
-1046.7 0.000144613
-1046.5 0.000144613
-1046.3 0.000144613
-1046.1 0.000144613
-1045.9 0.000144613
-1045.7 0.000144613
-1045.5 0.000144613
-1045.3 0.000144613
-1045.1 0.000144613
-1044.9 0.000144613
-1044.7 0.000144613
-1044.5 0.000144613
-1044.3 0.000144613
-1044.1 0.000192818
-1043.9 0.000192818
-1043.7 0.000192818
-1043.5 0.000192818
-1043.3 0.000192818
-1043.1 0.000192818
-1042.9 0.000192818
-1042.7 0.000192818
-1042.5 0.000192818
-1042.3 0.000192818
-1042.1 0.000192818
-1041.9 0.000192818
-1041.7 0.000192818
-1041.5 0.000192818
-1041.3 0.000192818
-1041.1 0.000192818
-1040.9 0.000192818
-1040.7 0.000192818
-1040.5 0.000192818
-1040.3 0.000192818
-1040.1 0.000192818
-1039.9 0.000192818
-1039.7 0.000192818
-1039.5 0.000192818
-1039.3 0.000192818
-1039.1 0.000192818
-1038.9 0.000192818
-1038.7 0.000192818
-1038.5 0.000192818
-1038.3 0.000192818
-1038.1 0.000192818
-1037.9 0.000192818
-1037.7 0.000192818
-1037.5 0.000192818
-1037.3 0.000192818
-1037.1 0.000192818
-1036.9 0.000192818
-1036.7 0.000192818
-1036.5 0.000192818
-1036.3 0.000192818
-1036.1 0.000192818
-1035.9 0.000192818
-1035.7 0.000192818
-1035.5 0.000192818
-1035.3 0.000192818
-1035.1 0.000192818
-1034.9 0.000192818
-1034.7 0.000192818
-1034.5 0.000192818
-1034.3 0.000192818
-1034.1 0.000192818
-1033.9 0.000192818
-1033.7 0.000192818
-1033.5 0.000192818
-1033.3 0.000192818
-1033.1 0.000192818
-1032.9 0.000192818
-1032.7 0.000192818
-1032.5 0.000192818
-1032.3 0.000192818
-1032.1 0.000192818
-1031.9 0.000192818
-1031.7 0.000192818
-1031.5 0.000192818
-1031.3 0.000192818
-1031.1 0.000192818
-1030.9 0.000192818
-1030.7 0.000192818
-1030.5 0.000192818
-1030.3 0.000192818
-1030.1 0.000192818
-1029.9 0.000192818
-1029.7 0.000192818
-1029.5 0.000192818
-1029.3 0.000192818
-1029.1 0.000192818
-1028.9 0.000192818
-1028.7 0.000192818
-1028.5 0.000192818
-1028.3 0.000192818
-1028.1 0.000192818
-1027.9 0.000241022
-1027.7 0.000241022
-1027.5 0.000241022
-1027.3 0.000241022
-1027.1 0.000241022
-1026.9 0.000241022
-1026.7 0.000241022
-1026.5 0.000241022
-1026.3 0.000241022
-1026.1 0.000241022
-1025.9 0.000241022
-1025.7 0.000241022
-1025.5 0.000241022
-1025.3 0.000241022
-1025.1 0.000241022
-1024.9 0.000241022
-1024.7 0.000241022
-1024.5 0.000241022
-1024.3 0.000241022
-1024.1 0.000241022
-1023.9 0.000241022
-1023.7 0.000241022
-1023.5 0.000241022
-1023.3 0.000241022
-1023.1 0.000241022
-1022.9 0.000241022
-1022.7 0.000241022
-1022.5 0.000241022
-1022.3 0.000241022
-1022.1 0.000241022
-1021.9 0.000241022
-1021.7 0.000241022
-1021.5 0.000241022
-1021.3 0.000241022
-1021.1 0.000241022
-1020.9 0.000241022
-1020.7 0.000241022
-1020.5 0.000241022
-1020.3 0.000241022
-1020.1 0.000241022
-1019.9 0.000241022
-1019.7 0.000241022
-1019.5 0.000241022
-1019.3 0.000241022
-1019.1 0.000241022
-1018.9 0.000241022
-1018.7 0.000241022
-1018.5 0.000241022
-1018.3 0.000241022
-1018.1 0.000241022
-1017.9 0.000241022
-1017.7 0.000241022
-1017.5 0.000241022
-1017.3 0.000241022
-1017.1 0.000289226
-1016.9 0.000289226
-1016.7 0.000289226
-1016.5 0.000289226
-1016.3 0.000289226
-1016.1 0.000289226
-1015.9 0.000289226
-1015.7 0.000289226
-1015.5 0.000289226
-1015.3 0.000289226
-1015.1 0.000289226
-1014.9 0.000289226
-1014.7 0.000289226
-1014.5 0.000289226
-1014.3 0.000289226
-1014.1 0.000289226
-1013.9 0.000289226
-1013.7 0.000289226
-1013.5 0.000289226
-1013.3 0.000289226
-1013.1 0.000289226
-1012.9 0.000289226
-1012.7 0.000289226
-1012.5 0.000289226
-1012.3 0.000289226
-1012.1 0.000289226
-1011.9 0.000289226
-1011.7 0.000289226
-1011.5 0.000289226
-1011.3 0.000289226
-1011.1 0.000289226
-1010.9 0.000289226
-1010.7 0.000289226
-1010.5 0.000337431
-1010.3 0.000337431
-1010.1 0.000337431
-1009.9 0.000337431
-1009.7 0.000337431
-1009.5 0.000337431
-1009.3 0.000337431
-1009.1 0.000337431
-1008.9 0.000337431
-1008.7 0.000337431
-1008.5 0.000337431
-1008.3 0.000337431
-1008.1 0.000337431
-1007.9 0.000337431
-1007.7 0.000337431
-1007.5 0.000337431
-1007.3 0.000337431
-1007.1 0.000337431
-1006.9 0.000337431
-1006.7 0.000337431
-1006.5 0.000337431
-1006.3 0.000337431
-1006.1 0.000337431
-1005.9 0.000337431
-1005.7 0.000337431
-1005.5 0.000337431
-1005.3 0.000337431
-1005.1 0.000337431
-1004.9 0.000337431
-1004.7 0.000337431
-1004.5 0.000337431
-1004.3 0.000385635
-1004.1 0.000433839
-1003.9 0.000433839
-1003.7 0.000433839
-1003.5 0.000433839
-1003.3 0.000433839
-1003.1 0.000433839
-1002.9 0.000482044
-1002.7 0.000530248
-1002.5 0.000626657
-1002.3 0.000626657
-1002.1 0.000674861
-1001.9 0.000867679
-1001.7 0.0010605
-1001.5 0.00120511
-1001.3 0.00134972
-1001.1 0.00149434
-1000.9 0.00168715
-1000.7 0.00212099
-1000.5 0.0021692
-1000.3 0.00250663
-1000.1 0.00279585
-999.9 0.00303688
-999.7 0.00337431
-999.5 0.00356712
-999.3 0.0043866
-999.1 0.00496505
-998.9 0.00559171
-998.7 0.00631477
-998.5 0.00737527
-998.3 0.00829115
-998.1 0.00915883
-997.9 0.0100265
-997.7 0.010605
-997.5 0.0116173
-997.3 0.0124367
-997.1 0.0136418
-996.9 0.0145095
-996.7 0.0157146
-996.5 0.0169197
-996.3 0.0180284
-996.1 0.0190889
-995.9 0.0201012
-995.7 0.0225114
-995.5 0.0236201
-995.3 0.0249217
-995.1 0.0267534
-994.9 0.0288262
-994.7 0.0300795
-994.5 0.0314775
-994.3 0.033502
-994.1 0.0350928
-993.9 0.0374548
-993.7 0.039383
-993.5 0.0414558
-993.3 0.0431911
-993.1 0.0451193
-992.9 0.0477223
-992.7 0.0500362
-992.5 0.0518197
-992.3 0.0539407
-992.1 0.0563027
-991.9 0.0584719
-991.7 0.0603037
-991.5 0.0625211
-991.3 0.0649313
-991.1 0.0674861
-990.9 0.070282
-990.7 0.072644
-990.5 0.0746204
-990.3 0.077368
-990.1 0.0800675
-989.9 0.0823331
-989.7 0.0853218
-989.5 0.0881176
-989.3 0.0911063
-989.1 0.0933719
-988.9 0.0954929
-988.7 0.0979513
-988.5 0.100265
-988.3 0.10282
-988.1 0.105375
-987.9 0.107689
-987.7 0.10981
-987.5 0.112316
-987.3 0.115305
-987.1 0.118053
-986.9 0.120366
-986.7 0.12321
-986.5 0.125717
-986.3 0.12779
-986.1 0.130634
-985.9 0.133574
-985.7 0.136563
-985.5 0.139503
-985.3 0.142107
-985.1 0.144854
-984.9 0.147602
-984.7 0.149819
-984.5 0.15194
-984.3 0.154591
-984.1 0.157291
-983.9 0.160617
-983.7 0.162593
-983.5 0.165004
-983.3 0.167655
-983.1 0.170017
-982.9 0.172138
-982.7 0.1745
-982.5 0.177585
-982.3 0.179754
-982.1 0.182646
-981.9 0.185394
-981.7 0.188238
-981.5 0.190359
-981.3 0.193444
-981.1 0.196095
-980.9 0.199229
-980.7 0.201735
-980.5 0.204483
-980.3 0.207327
-980.1 0.210219
-979.9 0.212967
-979.7 0.214799
-979.5 0.21745
-979.3 0.219426
-979.1 0.22227
-978.9 0.225066
-978.7 0.227959
-978.5 0.230803
-978.3 0.23355
-978.1 0.235623
-977.9 0.237985
-977.7 0.240443
-977.5 0.242998
-977.3 0.245312
-977.1 0.247819
-976.9 0.249988
-976.7 0.252446
-976.5 0.25529
-976.3 0.257701
-976.1 0.260689
-975.9 0.262714
-975.7 0.265606
-975.5 0.268257
-975.3 0.270812
-975.1 0.272933
-974.9 0.276163
-974.7 0.278429
-974.5 0.280935
-974.3 0.283635
-974.1 0.286479
-973.9 0.288889
-973.7 0.291251
-973.5 0.293372
-973.3 0.295686
-973.1 0.298048
-972.9 0.300121
-972.7 0.302386
-972.5 0.305182
-972.3 0.307833
-972.1 0.310051
-971.9 0.312316
-971.7 0.314293
-971.5 0.316269
-971.3 0.318776
-971.1 0.321041
-970.9 0.323933
-970.7 0.326295
-970.5 0.328706
-970.3 0.330971
-970.1 0.333044
-969.9 0.335358
-969.7 0.33772
-969.5 0.339937
-969.3 0.342781
-969.1 0.34524
-968.9 0.347409
-968.7 0.349482
-968.5 0.351796
-968.3 0.353965
-968.1 0.356279
-967.9 0.358544
-967.7 0.360521
-967.5 0.363365
-967.3 0.365775
-967.1 0.367896
-966.9 0.370306
-966.7 0.37262
-966.5 0.375223
-966.3 0.376958
-966.1 0.379899
-965.9 0.382261
-965.7 0.384671
-965.5 0.38684
-965.3 0.389106
-965.1 0.391757
-964.9 0.393733
-964.7 0.396095
-964.5 0.397927
-964.3 0.4
-964.1 0.403037
-963.9 0.405302
-963.7 0.407472
-963.5 0.409207
-963.3 0.411569
-963.1 0.414076
-962.9 0.417064
-962.7 0.419137
-962.5 0.421355
-962.3 0.422897
-962.1 0.425452
-961.9 0.427525
-961.7 0.429742
-961.5 0.431718
-961.3 0.433502
-961.1 0.435334
-960.9 0.43731
-960.7 0.439961
-960.5 0.442227
-960.3 0.443866
-960.1 0.445842
-959.9 0.448301
-959.7 0.450663
-959.5 0.452302
-959.3 0.454808
-959.1 0.45717
-958.9 0.45905
-958.7 0.461412
-958.5 0.463533
-958.3 0.465269
-958.1 0.46739
-957.9 0.469896
-957.7 0.472451
-957.5 0.474572
-957.3 0.476693
-957.1 0.478862
-956.9 0.481658
-956.7 0.484117
-956.5 0.486141
-956.3 0.488021
-956.1 0.489853
-955.9 0.492119
-955.7 0.493854
-955.5 0.496409
-955.3 0.498433
-955.1 0.50041
-954.9 0.502965
-954.7 0.505134
-954.5 0.507448
-954.3 0.509183
-954.1 0.511497
-953.9 0.514437
-953.7 0.516365
-953.5 0.518101
-953.3 0.520848
-953.1 0.523403
-952.9 0.525572
-952.7 0.527693
-952.5 0.530007
-952.3 0.532466
-952.1 0.535213
-951.9 0.537961
-951.7 0.540227
-951.5 0.542685
-951.3 0.54471
-951.1 0.546397
-950.9 0.547843
-950.7 0.549819
-950.5 0.551747
-950.3 0.553627
-950.1 0.556423
-949.9 0.558689
-949.7 0.561147
-949.5 0.563124
-949.3 0.565004
-949.1 0.56751
-948.9 0.56992
-948.7 0.572572
-948.5 0.574403
-948.3 0.576717
-948.1 0.579369
-947.9 0.58067
-947.7 0.582791
-947.5 0.585298
-947.3 0.587178
-947.1 0.589925
-946.9 0.592046
-946.7 0.594505
-946.5 0.596433
-946.3 0.598602
-946.1 0.600145
-945.9 0.602314
-945.7 0.604483
-945.5 0.606074
-945.3 0.608339
-945.1 0.610268
-944.9 0.611858
-944.7 0.614124
-944.5 0.616486
-944.3 0.618221
-944.1 0.620101
-943.9 0.622367
-943.7 0.624825
-943.5 0.627091
-943.3 0.629212
-943.1 0.630899
-942.9 0.632924
-942.7 0.635045
-942.5 0.636876
-942.3 0.638853
-942.1 0.640781
-941.9 0.642757
-941.7 0.645071
-941.5 0.646855
-941.3 0.648783
-941.1 0.650229
-940.9 0.651916
-940.7 0.654423
-940.5 0.656158
-940.3 0.658617
-940.1 0.661075
-939.9 0.663774
-939.7 0.665269
-939.5 0.667293
-939.3 0.669029
-939.1 0.671439
-938.9 0.67303
-938.7 0.674861
-938.5 0.67679
-938.3 0.678429
-938.1 0.679923
-937.9 0.681465
-937.7 0.683394
-937.5 0.685177
-937.3 0.68725
-937.1 0.688551
-936.9 0.690769
-936.7 0.692938
-936.5 0.694529
-936.3 0.696312
-936.1 0.698482
-935.9 0.700506
-935.7 0.703013
-935.5 0.704459
-935.3 0.706194
-935.1 0.707351
-934.9 0.70899
-934.7 0.710918
-934.5 0.712895
-934.3 0.715305
-934.1 0.717185
-933.9 0.719161
-933.7 0.721427
-933.5 0.72321
-933.3 0.725717
-933.1 0.727452
-932.9 0.729477
-932.7 0.731502
-932.5 0.733478
-932.3 0.735165
-932.1 0.737238
-931.9 0.739311
-931.7 0.740612
-931.5 0.742203
-931.3 0.744083
-931.1 0.746493
-930.9 0.74847
-930.7 0.751169
-930.5 0.753001
-930.3 0.755025
-930.1 0.757146
-929.9 0.758978
-929.7 0.761195
-929.5 0.762642
-929.3 0.764811
-929.1 0.766787
-928.9 0.768474
-928.7 0.770788
-928.5 0.772909
-928.3 0.774355
-928.1 0.776283
-927.9 0.778404
-927.7 0.780333
-927.5 0.782213
-927.3 0.783659
-927.1 0.78549
-926.9 0.787033
-926.7 0.788238
-926.5 0.789925
-926.3 0.791468
-926.1 0.792769
-925.9 0.794553
-925.7 0.795806
-925.5 0.797156
-925.3 0.798988
-925.1 0.800868
-924.9 0.802507
-924.7 0.804049
-924.5 0.805736
-924.3 0.807472
-924.1 0.809207
-923.9 0.810846
-923.7 0.812389
-923.5 0.81422
-923.3 0.815811
-923.1 0.817691
-922.9 0.819378
-922.7 0.821355
-922.5 0.823331
-922.3 0.82497
-922.1 0.826609
-921.9 0.828151
-921.7 0.829694
-921.5 0.83114
-921.3 0.832731
-921.1 0.834418
-920.9 0.836298
-920.7 0.838322
-920.5 0.84054
-920.3 0.842372
-920.1 0.844155
-919.9 0.845939
-919.7 0.847819
-919.5 0.849843
-919.3 0.851241
-919.1 0.852495
-918.9 0.854326
-918.7 0.856158
-918.5 0.857508
-918.3 0.859195
-918.1 0.860497
-917.9 0.862232
-917.7 0.863871
-917.5 0.865654
-917.3 0.867197
-917.1 0.868836
-916.9 0.871005
-916.7 0.872307
-916.5 0.874187
-916.3 0.875584
-916.1 0.877175
-915.9 0.878911
-915.7 0.880887
-915.5 0.882526
-915.3 0.884309
-915.1 0.885804
-914.9 0.887105
-914.7 0.888889
-914.5 0.890287
-914.3 0.891588
-914.1 0.893034
-913.9 0.894384
-913.7 0.895879
-913.5 0.897325
-913.3 0.898867
-913.1 0.900506
-912.9 0.901759
-912.7 0.90282
-912.5 0.904652
-912.3 0.90605
-912.1 0.907399
-911.9 0.908846
-911.7 0.909858
-911.5 0.911352
-911.3 0.912557
-911.1 0.913955
-910.9 0.915401
-910.7 0.916751
-910.5 0.91786
-910.3 0.918872
-910.1 0.920029
-909.9 0.921089
-909.7 0.922005
-909.5 0.923018
-909.3 0.92456
-909.1 0.926054
-908.9 0.926778
-908.7 0.92779
-908.5 0.928706
-908.3 0.929911
-908.1 0.930875
-907.9 0.931646
-907.7 0.932562
-907.5 0.933623
-907.3 0.934346
-907.1 0.935406
-906.9 0.936322
-906.7 0.937286
-906.5 0.938202
-906.3 0.939021
-906.1 0.9396
-905.9 0.940516
-905.7 0.941335
-905.5 0.942396
-905.3 0.943504
-905.1 0.944035
-904.9 0.945095
-904.7 0.945625
-904.5 0.946059
-904.3 0.946734
-904.1 0.947505
-903.9 0.948373
-903.7 0.949144
-903.5 0.949675
-903.3 0.950639
-903.1 0.951555
-902.9 0.951844
-902.7 0.952278
-902.5 0.952808
-902.3 0.953579
-902.1 0.954061
-901.9 0.954543
-901.7 0.954881
-901.5 0.9557
-901.3 0.956279
-901.1 0.956905
-900.9 0.957484
-900.7 0.957869
-900.5 0.958303
-900.3 0.958978
-900.1 0.959557
-899.9 0.960039
-899.7 0.960521
-899.5 0.961051
-899.3 0.961533
-899.1 0.962111
-898.9 0.962497
-898.7 0.962786
-898.5 0.96322
-898.3 0.963654
-898.1 0.963847
-897.9 0.964377
-897.7 0.964859
-897.5 0.965196
-897.3 0.965534
-897.1 0.965823
-896.9 0.966209
-896.7 0.966546
-896.5 0.966643
-896.3 0.966884
-896.1 0.967269
-895.9 0.967558
-895.7 0.967751
-895.5 0.967992
-895.3 0.968233
-895.1 0.968619
-894.9 0.969005
-894.7 0.96939
-894.5 0.969728
-894.3 0.969872
-894.1 0.970065
-893.9 0.970354
-893.7 0.970692
-893.5 0.971029
-893.3 0.971174
-893.1 0.971318
-892.9 0.971463
-892.7 0.9718
-892.5 0.972041
-892.3 0.972427
-892.1 0.972765
-891.9 0.973054
-891.7 0.973343
-891.5 0.973391
-891.3 0.973632
-891.1 0.973777
-890.9 0.97397
-890.7 0.974066
-890.5 0.974162
-890.3 0.974548
-890.1 0.974789
-889.9 0.975078
-889.7 0.975223
-889.5 0.975271
-889.3 0.975464
-889.1 0.975657
-888.9 0.975801
-888.7 0.976042
-888.5 0.976332
-888.3 0.976476
-888.1 0.976573
-887.9 0.976765
-887.7 0.97691
-887.5 0.976958
-887.3 0.977055
-887.1 0.977296
-886.9 0.977537
-886.7 0.97773
-886.5 0.977922
-886.3 0.97826
-886.1 0.978356
-885.9 0.978549
-885.7 0.978549
-885.5 0.978597
-885.3 0.978694
-885.1 0.978935
-884.9 0.979128
-884.7 0.979369
-884.5 0.979561
-884.3 0.979754
-884.1 0.979947
-883.9 0.979995
-883.7 0.980092
-883.5 0.980188
-883.3 0.980236
-883.1 0.980333
-882.9 0.980574
-882.7 0.98067
-882.5 0.980815
-882.3 0.981007
-882.1 0.981056
-881.9 0.981248
-881.7 0.981345
-881.5 0.98149
-881.3 0.981634
-881.1 0.981779
-880.9 0.981827
-880.7 0.981972
-880.5 0.982116
-880.3 0.982261
-880.1 0.982309
-879.9 0.982454
-879.7 0.98255
-879.5 0.98255
-879.3 0.982695
-879.1 0.982984
-878.9 0.98308
-878.7 0.983177
-878.5 0.983321
-878.3 0.983418
-878.1 0.983418
-877.9 0.983562
-877.7 0.983755
-877.5 0.9839
-877.3 0.984093
-877.1 0.98443
-876.9 0.984767
-876.7 0.984816
-876.5 0.984816
-876.3 0.98496
-876.1 0.985057
-875.9 0.985105
-875.7 0.985105
-875.5 0.985442
-875.3 0.985635
-875.1 0.98578
-874.9 0.985876
-874.7 0.985924
-874.5 0.985973
-874.3 0.986021
-874.1 0.986117
-873.9 0.98631
-873.7 0.986358
-873.5 0.986503
-873.3 0.986551
-873.1 0.986551
-872.9 0.986696
-872.7 0.986744
-872.5 0.986792
-872.3 0.986937
-872.1 0.986937
-871.9 0.986985
-871.7 0.986985
-871.5 0.986985
-871.3 0.987081
-871.1 0.987129
-870.9 0.987226
-870.7 0.987274
-870.5 0.987419
-870.3 0.987515
-870.1 0.987563
-869.9 0.98766
-869.7 0.987708
-869.5 0.987852
-869.3 0.987949
-869.1 0.987949
-868.9 0.987997
-868.7 0.988142
-868.5 0.988286
-868.3 0.988286
-868.1 0.988383
-867.9 0.988479
-867.7 0.988527
-867.5 0.988624
-867.3 0.988624
-867.1 0.988817
-866.9 0.988961
-866.7 0.988961
-866.5 0.989009
-866.3 0.989009
-866.1 0.989058
-865.9 0.989106
-865.7 0.989154
-865.5 0.989202
-865.3 0.989347
-865.1 0.989395
-864.9 0.989443
-864.7 0.989443
-864.5 0.989636
-864.3 0.989781
-864.1 0.989829
-863.9 0.989925
-863.7 0.990022
-863.5 0.990022
-863.3 0.99007
-863.1 0.990166
-862.9 0.990215
-862.7 0.990311
-862.5 0.990359
-862.3 0.990407
-862.1 0.990407
-861.9 0.990504
-861.7 0.990504
-861.5 0.990552
-861.3 0.9906
-861.1 0.990648
-860.9 0.990648
-860.7 0.990648
-860.5 0.990697
-860.3 0.990745
-860.1 0.990793
-859.9 0.990793
-859.7 0.990793
-859.5 0.990841
-859.3 0.991034
-859.1 0.99113
-858.9 0.99113
-858.7 0.991179
-858.5 0.991323
-858.3 0.991371
-858.1 0.991516
-857.9 0.991661
-857.7 0.991805
-857.5 0.991998
-857.3 0.991998
-857.1 0.992143
-856.9 0.992191
-856.7 0.992239
-856.5 0.992287
-856.3 0.992336
-856.1 0.99248
-855.9 0.992528
-855.7 0.992625
-855.5 0.992721
-855.3 0.992818
-855.1 0.992914
-854.9 0.992914
-854.7 0.99301
-854.5 0.99301
-854.3 0.993059
-854.1 0.993107
-853.9 0.993251
-853.7 0.993251
-853.5 0.993396
-853.3 0.993444
-853.1 0.993444
-852.9 0.993541
-852.7 0.993589
-852.5 0.993589
-852.3 0.993733
-852.1 0.993878
-851.9 0.993926
-851.7 0.994071
-851.5 0.994119
-851.3 0.994215
-851.1 0.994264
-850.9 0.994312
-850.7 0.994456
-850.5 0.994456
-850.3 0.994553
-850.1 0.994601
-849.9 0.994698
-849.7 0.994794
-849.5 0.994939
-849.3 0.995083
-849.1 0.995131
-848.9 0.995276
-848.7 0.995324
-848.5 0.995324
-848.3 0.995372
-848.1 0.995372
-847.9 0.995469
-847.7 0.995662
-847.5 0.995662
-847.3 0.995806
-847.1 0.995903
-846.9 0.995903
-846.7 0.995903
-846.5 0.995903
-846.3 0.995999
-846.1 0.995999
-845.9 0.995999
-845.7 0.995999
-845.5 0.996095
-845.3 0.996144
-845.1 0.996192
-844.9 0.996192
-844.7 0.99624
-844.5 0.99624
-844.3 0.996336
-844.1 0.996385
-843.9 0.996385
-843.7 0.996385
-843.5 0.996385
-843.3 0.996433
-843.1 0.996433
-842.9 0.996529
-842.7 0.996577
-842.5 0.996577
-842.3 0.996674
-842.1 0.996819
-841.9 0.996963
-841.7 0.996963
-841.5 0.996963
-841.3 0.997011
-841.1 0.99706
-840.9 0.997108
-840.7 0.997108
-840.5 0.997108
-840.3 0.997204
-840.1 0.997204
-839.9 0.997252
-839.7 0.997301
-839.5 0.997349
-839.3 0.997349
-839.1 0.997349
-838.9 0.997349
-838.7 0.997349
-838.5 0.997349
-838.3 0.997493
-838.1 0.997542
-837.9 0.99759
-837.7 0.997638
-837.5 0.997686
-837.3 0.997686
-837.1 0.997686
-836.9 0.997686
-836.7 0.997734
-836.5 0.997734
-836.3 0.997734
-836.1 0.997734
-835.9 0.997734
-835.7 0.997734
-835.5 0.997734
-835.3 0.997734
-835.1 0.997734
-834.9 0.997734
-834.7 0.997734
-834.5 0.997734
-834.3 0.997734
-834.1 0.997783
-833.9 0.997831
-833.7 0.997879
-833.5 0.997879
-833.3 0.997927
-833.1 0.997927
-832.9 0.997975
-832.7 0.998024
-832.5 0.998072
-832.3 0.998072
-832.1 0.99812
-831.9 0.99812
-831.7 0.998168
-831.5 0.998216
-831.3 0.998216
-831.1 0.998265
-830.9 0.998313
-830.7 0.998313
-830.5 0.998313
-830.3 0.998361
-830.1 0.998409
-829.9 0.998457
-829.7 0.998506
-829.5 0.998506
-829.3 0.998554
-829.1 0.99865
-828.9 0.998698
-828.7 0.998747
-828.5 0.998747
-828.3 0.998795
-828.1 0.998891
-827.9 0.998891
-827.7 0.99894
-827.5 0.99894
-827.3 0.99894
-827.1 0.99894
-826.9 0.99894
-826.7 0.99894
-826.5 0.998988
-826.3 0.998988
-826.1 0.998988
-825.9 0.998988
-825.7 0.999036
-825.5 0.999036
-825.3 0.999036
-825.1 0.999084
-824.9 0.999132
-824.7 0.999132
-824.5 0.999132
-824.3 0.999132
-824.1 0.999132
-823.9 0.999132
-823.7 0.999181
-823.5 0.999181
-823.3 0.999181
-823.1 0.999229
-822.9 0.999229
-822.7 0.999229
-822.5 0.999277
-822.3 0.999277
-822.1 0.999277
-821.9 0.999277
-821.7 0.999277
-821.5 0.999277
-821.3 0.999277
-821.1 0.999277
-820.9 0.999277
-820.7 0.999277
-820.5 0.999277
-820.3 0.999325
-820.1 0.999325
-819.9 0.999325
-819.7 0.999325
-819.5 0.999325
-819.3 0.999325
-819.1 0.999325
-818.9 0.999325
-818.7 0.999325
-818.5 0.999325
-818.3 0.999325
-818.1 0.999373
-817.9 0.999373
-817.7 0.999373
-817.5 0.999373
-817.3 0.999373
-817.1 0.999373
-816.9 0.999373
-816.7 0.999373
-816.5 0.999373
-816.3 0.999373
-816.1 0.999422
-815.9 0.999422
-815.7 0.99947
-815.5 0.99947
-815.3 0.99947
-815.1 0.999518
-814.9 0.999566
-814.7 0.999566
-814.5 0.999566
-814.3 0.999566
-814.1 0.999566
-813.9 0.999614
-813.7 0.999614
-813.5 0.999663
-813.3 0.999663
-813.1 0.999663
-812.9 0.999663
-812.7 0.999663
-812.5 0.999663
-812.3 0.999711
-812.1 0.999711
-811.9 0.999759
-811.7 0.999807
-811.5 0.999807
-811.3 0.999807
-811.1 0.999807
-810.9 0.999807
-810.7 0.999807
-810.5 0.999807
-810.3 0.999807
-810.1 0.999807
-809.9 0.999807
-809.7 0.999807
-809.5 0.999807
-809.3 0.999855
-809.1 0.999855
-808.9 0.999855
-808.7 0.999855
-808.5 0.999855
-808.3 0.999855
-808.1 0.999855
-807.9 0.999855
-807.7 0.999855
-807.5 0.999904
-807.3 0.999904
-807.1 0.999904
-806.9 0.999904
-806.7 0.999904
-806.5 0.999904
-806.3 0.999904
-806.1 0.999904
-805.9 0.999904
-805.7 0.999904
-805.5 0.999952
-805.3 0.999952
-805.1 0.999952
-804.9 0.999952
-804.7 0.999952
-804.5 0.999952
-804.3 0.999952
-804.1 0.999952
-803.9 0.999952
-803.7 0.999952
-803.5 0.999952
-803.3 0.999952
-803.1 0.999952
-802.9 0.999952
-802.7 0.999952
-802.5 0.999952
-802.3 0.999952
-802.1 0.999952
-801.9 0.999952
-801.7 0.999952
-801.5 0.999952
-801.3 0.999952
-801.1 0.999952
-800.9 0.999952
-800.7 0.999952
-800.5 0.999952
-800.3 0.999952
-800.1 0.999952
-799.9 1
