800
0.001 0.00388581
0.002 0.00774208
0.003 0.0116279
0.004 0.0154673
0.005 0.0193892
0.006 0.0232619
0.007 0.0271132
0.008 0.0309848
0.009 0.0348767
0.01 0.0387955
0.011 0.0426624
0.012 0.0465331
0.013 0.0504719
0.014 0.0544039
0.015 0.0583948
0.016 0.0623659
0.017 0.06634
0.018 0.0703394
0.019 0.0742882
0.02 0.0782744
0.021 0.0822342
0.022 0.0862309
0.023 0.0902932
0.024 0.0943678
0.025 0.0983966
0.026 0.102487
0.027 0.106547
0.028 0.110638
0.029 0.114764
0.03 0.118834
0.031 0.122985
0.032 0.127038
0.033 0.131113
0.034 0.135207
0.035 0.139315
0.036 0.143428
0.037 0.147515
0.038 0.151587
0.039 0.15569
0.04 0.159834
0.041 0.163986
0.042 0.168093
0.043 0.172211
0.044 0.176302
0.045 0.18043
0.046 0.184555
0.047 0.188699
0.048 0.192808
0.049 0.196919
0.05 0.201116
0.051 0.205226
0.052 0.20937
0.053 0.213494
0.054 0.217666
0.055 0.221838
0.056 0.225982
0.057 0.2301
0.058 0.23425
0.059 0.238372
0.06 0.242561
0.061 0.246751
0.062 0.250966
0.063 0.255142
0.064 0.259331
0.065 0.26354
0.066 0.267704
0.067 0.271934
0.068 0.276139
0.069 0.280354
0.07 0.284547
0.071 0.288762
0.072 0.293032
0.073 0.297303
0.074 0.301561
0.075 0.305802
0.076 0.310073
0.077 0.314354
0.078 0.318607
0.079 0.322886
0.08 0.327164
0.081 0.331427
0.082 0.335792
0.083 0.340091
0.084 0.344392
0.085 0.348699
0.086 0.353017
0.087 0.357318
0.088 0.36161
0.089 0.365888
0.09 0.370274
0.091 0.374588
0.092 0.378923
0.093 0.383284
0.094 0.387657
0.095 0.392019
0.096 0.396397
0.097 0.400791
0.098 0.405181
0.099 0.409557
0.1 0.41402
0.101 0.418446
0.102 0.42285
0.103 0.427269
0.104 0.4317
0.105 0.436111
0.106 0.44058
0.107 0.445064
0.108 0.449575
0.109 0.454032
0.11 0.458555
0.111 0.463055
0.112 0.467559
0.113 0.47208
0.114 0.476607
0.115 0.481143
0.116 0.485693
0.117 0.490209
0.118 0.494797
0.119 0.499359
0.12 0.503932
0.121 0.50851
0.122 0.513093
0.123 0.517717
0.124 0.522304
0.125 0.526949
0.126 0.531637
0.127 0.536229
0.128 0.540934
0.129 0.545596
0.13 0.55021
0.131 0.55487
0.132 0.55953
0.133 0.564166
0.134 0.568841
0.135 0.573558
0.136 0.578257
0.137 0.583008
0.138 0.587736
0.139 0.592475
0.14 0.597194
0.141 0.601975
0.142 0.606794
0.143 0.611559
0.144 0.616365
0.145 0.621082
0.146 0.625882
0.147 0.630714
0.148 0.635486
0.149 0.640321
0.15 0.645096
0.151 0.649901
0.152 0.654676
0.153 0.659433
0.154 0.664213
0.155 0.668999
0.156 0.673788
0.157 0.678553
0.158 0.683301
0.159 0.688017
0.16 0.692805
0.161 0.697484
0.162 0.702203
0.163 0.706911
0.164 0.711566
0.165 0.716221
0.166 0.720825
0.167 0.725445
0.168 0.730017
0.169 0.734507
0.17 0.739004
0.171 0.74351
0.172 0.747939
0.173 0.752286
0.174 0.7566
0.175 0.760955
0.176 0.765206
0.177 0.769415
0.178 0.773598
0.179 0.777712
0.18 0.781732
0.181 0.785664
0.182 0.789549
0.183 0.793445
0.184 0.797177
0.185 0.800951
0.186 0.804666
0.187 0.808262
0.188 0.811751
0.189 0.815206
0.19 0.818567
0.191 0.821835
0.192 0.825043
0.193 0.828175
0.194 0.831258
0.195 0.834246
0.196 0.837144
0.197 0.840017
0.198 0.842747
0.199 0.84541
0.2 0.847992
0.201 0.85053
0.202 0.852964
0.203 0.855337
0.204 0.857677
0.205 0.859908
0.206 0.8621
0.207 0.864223
0.208 0.866323
0.209 0.868331
0.21 0.870267
0.211 0.872198
0.212 0.874067
0.213 0.875924
0.214 0.877753
0.215 0.879575
0.216 0.881323
0.217 0.883044
0.218 0.884734
0.219 0.886386
0.22 0.888036
0.221 0.88969
0.222 0.891284
0.223 0.892917
0.224 0.894514
0.225 0.896108
0.226 0.897705
0.227 0.899269
0.228 0.900864
0.229 0.902438
0.23 0.904031
0.231 0.905618
0.232 0.907201
0.233 0.908779
0.234 0.910365
0.235 0.911942
0.236 0.91353
0.237 0.915107
0.238 0.916698
0.239 0.918288
0.24 0.919865
0.241 0.921429
0.242 0.923001
0.243 0.924574
0.244 0.92617
0.245 0.927759
0.246 0.929344
0.247 0.930938
0.248 0.932518
0.249 0.934105
0.25 0.935678
0.251 0.937202
0.252 0.93876
0.253 0.940284
0.254 0.941819
0.255 0.94334
0.256 0.944865
0.257 0.946364
0.258 0.947875
0.259 0.949333
0.26 0.950786
0.261 0.952253
0.262 0.953702
0.263 0.955138
0.264 0.956529
0.265 0.957889
0.266 0.959258
0.267 0.960593
0.268 0.961927
0.269 0.963211
0.27 0.964483
0.271 0.965718
0.272 0.966904
0.273 0.968102
0.274 0.96925
0.275 0.970342
0.276 0.971439
0.277 0.972504
0.278 0.973519
0.279 0.974511
0.28 0.975467
0.281 0.976382
0.282 0.977262
0.283 0.978132
0.284 0.978966
0.285 0.979773
0.286 0.980529
0.287 0.981263
0.288 0.981956
0.289 0.982658
0.29 0.983325
0.291 0.98396
0.292 0.984553
0.293 0.985127
0.294 0.985664
0.295 0.986176
0.296 0.986673
0.297 0.987134
0.298 0.987581
0.299 0.988001
0.3 0.988411
0.301 0.988807
0.302 0.989179
0.303 0.989531
0.304 0.989875
0.305 0.9902
0.306 0.990514
0.307 0.990804
0.308 0.991085
0.309 0.991349
0.31 0.991608
0.311 0.991846
0.312 0.992091
0.313 0.992327
0.314 0.992547
0.315 0.992749
0.316 0.99295
0.317 0.993141
0.318 0.993313
0.319 0.993495
0.32 0.993674
0.321 0.993829
0.322 0.993979
0.323 0.994138
0.324 0.994281
0.325 0.994413
0.326 0.994552
0.327 0.994679
0.328 0.994807
0.329 0.994927
0.33 0.995041
0.331 0.995154
0.332 0.99526
0.333 0.995368
0.334 0.995471
0.335 0.995568
0.336 0.995661
0.337 0.995755
0.338 0.99585
0.339 0.995938
0.34 0.996022
0.341 0.996095
0.342 0.996179
0.343 0.996255
0.344 0.996333
0.345 0.996404
0.346 0.99648
0.347 0.996553
0.348 0.996617
0.349 0.996686
0.35 0.996745
0.351 0.996808
0.352 0.99687
0.353 0.996929
0.354 0.996986
0.355 0.997043
0.356 0.997094
0.357 0.997146
0.358 0.997197
0.359 0.997246
0.36 0.997291
0.361 0.997332
0.362 0.99738
0.363 0.997429
0.364 0.997471
0.365 0.997513
0.366 0.997556
0.367 0.997599
0.368 0.997644
0.369 0.997684
0.37 0.997724
0.371 0.997761
0.372 0.9978
0.373 0.997836
0.374 0.997869
0.375 0.997905
0.376 0.997936
0.377 0.997968
0.378 0.997999
0.379 0.998035
0.38 0.998063
0.381 0.998091
0.382 0.998123
0.383 0.998152
0.384 0.998183
0.385 0.998209
0.386 0.998237
0.387 0.998262
0.388 0.998288
0.389 0.998315
0.39 0.998342
0.391 0.998368
0.392 0.998391
0.393 0.998415
0.394 0.998443
0.395 0.998465
0.396 0.998489
0.397 0.998509
0.398 0.998529
0.399 0.998551
0.4 0.998574
0.401 0.998594
0.402 0.998615
0.403 0.998635
0.404 0.998654
0.405 0.998674
0.406 0.998692
0.407 0.998709
0.408 0.998726
0.409 0.998745
0.41 0.998761
0.411 0.998776
0.412 0.998795
0.413 0.998809
0.414 0.998826
0.415 0.998842
0.416 0.998856
0.417 0.998873
0.418 0.998891
0.419 0.998902
0.42 0.998915
0.421 0.99893
0.422 0.998945
0.423 0.998958
0.424 0.998971
0.425 0.998985
0.426 0.999
0.427 0.999015
0.428 0.999027
0.429 0.999041
0.43 0.999054
0.431 0.999064
0.432 0.999077
0.433 0.999089
0.434 0.9991
0.435 0.999112
0.436 0.999122
0.437 0.999136
0.438 0.999145
0.439 0.999155
0.44 0.999166
0.441 0.999177
0.442 0.999187
0.443 0.999199
0.444 0.99921
0.445 0.999217
0.446 0.999228
0.447 0.999237
0.448 0.999246
0.449 0.999255
0.45 0.999264
0.451 0.999271
0.452 0.999281
0.453 0.99929
0.454 0.999298
0.455 0.999308
0.456 0.999319
0.457 0.999326
0.458 0.999337
0.459 0.999345
0.46 0.999353
0.461 0.99936
0.462 0.999367
0.463 0.999374
0.464 0.999381
0.465 0.999386
0.466 0.999393
0.467 0.999401
0.468 0.999408
0.469 0.999415
0.47 0.999422
0.471 0.999431
0.472 0.999438
0.473 0.999444
0.474 0.999452
0.475 0.999457
0.476 0.999463
0.477 0.99947
0.478 0.999477
0.479 0.999485
0.48 0.999491
0.481 0.999497
0.482 0.999503
0.483 0.99951
0.484 0.999515
0.485 0.999522
0.486 0.999527
0.487 0.999534
0.488 0.999541
0.489 0.999545
0.49 0.999549
0.491 0.999555
0.492 0.99956
0.493 0.999565
0.494 0.999572
0.495 0.999577
0.496 0.999583
0.497 0.999587
0.498 0.999591
0.499 0.999596
0.5 0.999601
0.501 0.999606
0.502 0.999612
0.503 0.999616
0.504 0.999621
0.505 0.999626
0.506 0.99963
0.507 0.999635
0.508 0.999639
0.509 0.999644
0.51 0.999649
0.511 0.999652
0.512 0.999656
0.513 0.99966
0.514 0.999663
0.515 0.999669
0.516 0.999674
0.517 0.999677
0.518 0.999681
0.519 0.999685
0.52 0.999688
0.521 0.999691
0.522 0.999695
0.523 0.999698
0.524 0.9997
0.525 0.999703
0.526 0.999707
0.527 0.999711
0.528 0.999714
0.529 0.999717
0.53 0.99972
0.531 0.999724
0.532 0.999728
0.533 0.999732
0.534 0.999735
0.535 0.999739
0.536 0.999741
0.537 0.999744
0.538 0.999745
0.539 0.999748
0.54 0.999751
0.541 0.999753
0.542 0.999757
0.543 0.999759
0.544 0.999762
0.545 0.999765
0.546 0.999767
0.547 0.999769
0.548 0.999772
0.549 0.999774
0.55 0.999777
0.551 0.999779
0.552 0.999781
0.553 0.999783
0.554 0.999785
0.555 0.999789
0.556 0.999791
0.557 0.999794
0.558 0.999796
0.559 0.999797
0.56 0.999799
0.561 0.999801
0.562 0.999803
0.563 0.999805
0.564 0.999807
0.565 0.999809
0.566 0.999811
0.567 0.999813
0.568 0.999815
0.569 0.999816
0.57 0.999819
0.571 0.999821
0.572 0.999823
0.573 0.999825
0.574 0.999828
0.575 0.999829
0.576 0.999832
0.577 0.999834
0.578 0.999836
0.579 0.999839
0.58 0.999841
0.581 0.999843
0.582 0.999845
0.583 0.999846
0.584 0.999847
0.585 0.999849
0.586 0.99985
0.587 0.999852
0.588 0.999854
0.589 0.999855
0.59 0.999858
0.591 0.999859
0.592 0.999861
0.593 0.999863
0.594 0.999864
0.595 0.999865
0.596 0.999866
0.597 0.999869
0.598 0.99987
0.599 0.999872
0.6 0.999873
0.601 0.999875
0.602 0.999877
0.603 0.999879
0.604 0.999881
0.605 0.999883
0.606 0.999885
0.607 0.999886
0.608 0.999888
0.609 0.999889
0.61 0.999891
0.611 0.999892
0.612 0.999893
0.613 0.999894
0.614 0.999895
0.615 0.999896
0.616 0.999898
0.617 0.999898
0.618 0.999899
0.619 0.9999
0.62 0.999901
0.621 0.999903
0.622 0.999905
0.623 0.999905
0.624 0.999906
0.625 0.999907
0.626 0.999909
0.627 0.999912
0.628 0.999913
0.629 0.999915
0.63 0.999915
0.631 0.999916
0.632 0.999917
0.633 0.999918
0.634 0.99992
0.635 0.999921
0.636 0.999922
0.637 0.999923
0.638 0.999924
0.639 0.999925
0.64 0.999926
0.641 0.999927
0.642 0.999929
0.643 0.99993
0.644 0.999931
0.645 0.999932
0.646 0.999933
0.647 0.999934
0.648 0.999935
0.649 0.999935
0.65 0.999936
0.651 0.999936
0.652 0.999938
0.653 0.999939
0.654 0.999941
0.655 0.999941
0.656 0.999942
0.657 0.999943
0.658 0.999944
0.659 0.999945
0.66 0.999947
0.661 0.999947
0.662 0.999948
0.663 0.999949
0.664 0.99995
0.665 0.99995
0.666 0.999951
0.667 0.999952
0.668 0.999953
0.669 0.999953
0.67 0.999954
0.671 0.999955
0.672 0.999955
0.673 0.999956
0.674 0.999957
0.675 0.999957
0.676 0.999957
0.677 0.999958
0.678 0.999958
0.679 0.999959
0.68 0.99996
0.681 0.99996
0.682 0.99996
0.683 0.999961
0.684 0.999961
0.685 0.999962
0.686 0.999962
0.687 0.999963
0.688 0.999964
0.689 0.999965
0.69 0.999965
0.691 0.999965
0.692 0.999966
0.693 0.999967
0.694 0.999967
0.695 0.999968
0.696 0.999969
0.697 0.99997
0.698 0.999971
0.699 0.999972
0.7 0.999972
0.701 0.999974
0.702 0.999974
0.703 0.999975
0.704 0.999975
0.705 0.999975
0.706 0.999976
0.707 0.999976
0.708 0.999977
0.709 0.999977
0.71 0.999977
0.711 0.999978
0.712 0.999978
0.713 0.999979
0.714 0.99998
0.715 0.999981
0.716 0.999982
0.717 0.999983
0.718 0.999983
0.719 0.999984
0.72 0.999984
0.721 0.999984
0.722 0.999985
0.723 0.999986
0.724 0.999987
0.725 0.999988
0.726 0.999988
0.727 0.999989
0.728 0.999989
0.729 0.999989
0.73 0.99999
0.731 0.99999
0.732 0.999991
0.733 0.999991
0.734 0.999992
0.735 0.999992
0.736 0.999993
0.737 0.999993
0.738 0.999993
0.739 0.999994
0.74 0.999994
0.741 0.999994
0.742 0.999994
0.743 0.999994
0.744 0.999994
0.745 0.999994
0.746 0.999995
0.747 0.999995
0.748 0.999995
0.749 0.999995
0.75 0.999996
0.751 0.999996
0.752 0.999996
0.753 0.999996
0.754 0.999996
0.755 0.999997
0.756 0.999997
0.757 0.999997
0.758 0.999997
0.759 0.999998
0.76 0.999998
0.761 0.999998
0.762 0.999998
0.763 0.999998
0.764 0.999999
0.765 0.999999
0.766 0.999999
0.767 0.999999
0.768 0.999999
0.769 0.999999
0.77 0.999999
0.771 0.999999
0.772 0.999999
0.773 0.999999
0.774 0.999999
0.775 1
0.776 1
0.777 1
0.778 1
0.779 1
0.78 1
0.781 1
0.782 1
0.783 1
0.784 1
0.785 1
0.786 1
0.787 1
0.788 1
0.789 1
0.79 1
0.791 1
0.792 1
0.793 1
0.794 1
0.795 1
0.796 1
0.797 1
0.798 1
0.799 1
0.8 1
