400
0.001 0.00398849
0.002 0.00791425
0.003 0.0119313
0.004 0.0160015
0.005 0.0199387
0.006 0.0239234
0.007 0.0278966
0.008 0.0318699
0.009 0.0357843
0.01 0.0397272
0.011 0.0436833
0.012 0.0475711
0.013 0.0515425
0.014 0.0556393
0.015 0.0597647
0.016 0.0636638
0.017 0.0675516
0.018 0.0715686
0.019 0.0753917
0.02 0.0794828
0.021 0.0835036
0.022 0.0874598
0.023 0.0914939
0.024 0.0955128
0.025 0.0996667
0.026 0.103739
0.027 0.107762
0.028 0.111628
0.029 0.115569
0.03 0.119527
0.031 0.1234
0.032 0.127484
0.033 0.131677
0.034 0.135753
0.035 0.139911
0.036 0.143899
0.037 0.147797
0.038 0.15185
0.039 0.155912
0.04 0.159979
0.041 0.164148
0.042 0.168186
0.043 0.17226
0.044 0.176326
0.045 0.180437
0.046 0.184783
0.047 0.1888
0.048 0.192908
0.049 0.197121
0.05 0.201309
0.051 0.205474
0.052 0.209613
0.053 0.213808
0.054 0.217827
0.055 0.222074
0.056 0.226354
0.057 0.230527
0.058 0.234606
0.059 0.239011
0.06 0.2431
0.061 0.247241
0.062 0.251285
0.063 0.255516
0.064 0.259604
0.065 0.263666
0.066 0.267912
0.067 0.272005
0.068 0.276014
0.069 0.280206
0.07 0.284388
0.071 0.288428
0.072 0.292685
0.073 0.296903
0.074 0.301112
0.075 0.305152
0.076 0.309321
0.077 0.313612
0.078 0.317697
0.079 0.321832
0.08 0.325863
0.081 0.330119
0.082 0.334579
0.083 0.338621
0.084 0.342944
0.085 0.34705
0.086 0.351111
0.087 0.35528
0.088 0.359497
0.089 0.363523
0.09 0.36778
0.091 0.371955
0.092 0.376196
0.093 0.380426
0.094 0.384584
0.095 0.38873
0.096 0.3928
0.097 0.396984
0.098 0.401097
0.099 0.405212
0.1 0.409475
0.101 0.413514
0.102 0.417792
0.103 0.421908
0.104 0.426083
0.105 0.430292
0.106 0.434527
0.107 0.438582
0.108 0.442774
0.109 0.446846
0.11 0.451137
0.111 0.455186
0.112 0.459234
0.113 0.463409
0.114 0.46753
0.115 0.471872
0.116 0.475912
0.117 0.47992
0.118 0.484089
0.119 0.488235
0.12 0.492332
0.121 0.496083
0.122 0.500208
0.123 0.504299
0.124 0.508294
0.125 0.512273
0.126 0.516497
0.127 0.52059
0.128 0.524533
0.129 0.528506
0.13 0.532589
0.131 0.536715
0.132 0.540776
0.133 0.544933
0.134 0.549152
0.135 0.553342
0.136 0.557389
0.137 0.561566
0.138 0.565573
0.139 0.56957
0.14 0.573533
0.141 0.577484
0.142 0.581451
0.143 0.585467
0.144 0.589404
0.145 0.593326
0.146 0.597284
0.147 0.601168
0.148 0.605188
0.149 0.609
0.15 0.612913
0.151 0.616835
0.152 0.620776
0.153 0.624728
0.154 0.628758
0.155 0.632674
0.156 0.636477
0.157 0.64018
0.158 0.644018
0.159 0.647917
0.16 0.651798
0.161 0.655469
0.162 0.659392
0.163 0.663231
0.164 0.667069
0.165 0.670736
0.166 0.674485
0.167 0.67813
0.168 0.68196
0.169 0.685622
0.17 0.689223
0.171 0.69292
0.172 0.696622
0.173 0.700338
0.174 0.704032
0.175 0.707754
0.176 0.71137
0.177 0.714999
0.178 0.718573
0.179 0.722073
0.18 0.725486
0.181 0.728965
0.182 0.732448
0.183 0.735887
0.184 0.73955
0.185 0.742907
0.186 0.74636
0.187 0.749732
0.188 0.753067
0.189 0.75651
0.19 0.759742
0.191 0.763076
0.192 0.76634
0.193 0.769565
0.194 0.772901
0.195 0.776015
0.196 0.779264
0.197 0.782435
0.198 0.78556
0.199 0.788872
0.2 0.792157
0.201 0.795201
0.202 0.798279
0.203 0.801187
0.204 0.804155
0.205 0.807102
0.206 0.810138
0.207 0.812948
0.208 0.815719
0.209 0.818461
0.21 0.821267
0.211 0.824096
0.212 0.826993
0.213 0.829748
0.214 0.832392
0.215 0.835086
0.216 0.837783
0.217 0.840441
0.218 0.842928
0.219 0.84538
0.22 0.848044
0.221 0.850492
0.222 0.85289
0.223 0.855348
0.224 0.857751
0.225 0.860169
0.226 0.862397
0.227 0.864673
0.228 0.86683
0.229 0.869133
0.23 0.871323
0.231 0.873391
0.232 0.875501
0.233 0.877611
0.234 0.879663
0.235 0.881826
0.236 0.883799
0.237 0.885944
0.238 0.887834
0.239 0.889792
0.24 0.891617
0.241 0.893343
0.242 0.895151
0.243 0.896879
0.244 0.898605
0.245 0.900231
0.246 0.901943
0.247 0.903487
0.248 0.905154
0.249 0.906816
0.25 0.908445
0.251 0.910029
0.252 0.911736
0.253 0.913268
0.254 0.914688
0.255 0.916171
0.256 0.917669
0.257 0.919097
0.258 0.920447
0.259 0.921816
0.26 0.92312
0.261 0.924416
0.262 0.925711
0.263 0.926884
0.264 0.92819
0.265 0.929374
0.266 0.930667
0.267 0.931827
0.268 0.932981
0.269 0.93412
0.27 0.935323
0.271 0.93649
0.272 0.937667
0.273 0.938779
0.274 0.939802
0.275 0.9408
0.276 0.941785
0.277 0.942809
0.278 0.943771
0.279 0.944766
0.28 0.945726
0.281 0.946693
0.282 0.947661
0.283 0.948539
0.284 0.949366
0.285 0.950201
0.286 0.951056
0.287 0.951819
0.288 0.952621
0.289 0.953435
0.29 0.954178
0.291 0.954898
0.292 0.955686
0.293 0.956488
0.294 0.957248
0.295 0.957955
0.296 0.958723
0.297 0.959376
0.298 0.960085
0.299 0.960773
0.3 0.961438
0.301 0.962149
0.302 0.962799
0.303 0.963459
0.304 0.964094
0.305 0.964716
0.306 0.965347
0.307 0.965982
0.308 0.966571
0.309 0.967153
0.31 0.967723
0.311 0.968352
0.312 0.968976
0.313 0.969588
0.314 0.970174
0.315 0.970729
0.316 0.971221
0.317 0.971744
0.318 0.972269
0.319 0.972824
0.32 0.97343
0.321 0.973944
0.322 0.974506
0.323 0.97501
0.324 0.975527
0.325 0.976006
0.326 0.976508
0.327 0.977012
0.328 0.97752
0.329 0.977966
0.33 0.978396
0.331 0.978814
0.332 0.979274
0.333 0.979694
0.334 0.980094
0.335 0.980525
0.336 0.980989
0.337 0.981384
0.338 0.981759
0.339 0.982092
0.34 0.982464
0.341 0.982856
0.342 0.983261
0.343 0.983639
0.344 0.984035
0.345 0.984426
0.346 0.984831
0.347 0.985221
0.348 0.985559
0.349 0.985915
0.35 0.986247
0.351 0.986567
0.352 0.986922
0.353 0.987285
0.354 0.987639
0.355 0.987987
0.356 0.988266
0.357 0.988569
0.358 0.988871
0.359 0.989207
0.36 0.989506
0.361 0.989837
0.362 0.99019
0.363 0.990553
0.364 0.990877
0.365 0.991179
0.366 0.99147
0.367 0.991778
0.368 0.992086
0.369 0.992388
0.37 0.992683
0.371 0.992924
0.372 0.993198
0.373 0.993449
0.374 0.993713
0.375 0.994023
0.376 0.994278
0.377 0.994538
0.378 0.994781
0.379 0.995042
0.38 0.995285
0.381 0.995513
0.382 0.995785
0.383 0.99607
0.384 0.99631
0.385 0.996565
0.386 0.996808
0.387 0.997055
0.388 0.997285
0.389 0.997536
0.39 0.99778
0.391 0.998002
0.392 0.998261
0.393 0.998464
0.394 0.998728
0.395 0.998935
0.396 0.999165
0.397 0.999378
0.398 0.999584
0.399 0.999791
0.4 1
