400
0.001 0.00530296
0.002 0.010525
0.003 0.015693
0.004 0.0209168
0.005 0.0261586
0.006 0.0313339
0.007 0.0367627
0.008 0.0420891
0.009 0.0475378
0.01 0.0528119
0.011 0.0582246
0.012 0.063515
0.013 0.0689061
0.014 0.0745149
0.015 0.0801128
0.016 0.0855417
0.017 0.0909796
0.018 0.0964444
0.019 0.102059
0.02 0.107495
0.021 0.113082
0.022 0.118964
0.023 0.124648
0.024 0.130347
0.025 0.136066
0.026 0.141606
0.027 0.147477
0.028 0.153203
0.029 0.158887
0.03 0.164683
0.031 0.170517
0.032 0.176235
0.033 0.182033
0.034 0.187805
0.035 0.19367
0.036 0.199496
0.037 0.205218
0.038 0.210911
0.039 0.216786
0.04 0.222555
0.041 0.228423
0.042 0.234201
0.043 0.240063
0.044 0.24599
0.045 0.251981
0.046 0.257886
0.047 0.263684
0.048 0.269465
0.049 0.27518
0.05 0.280967
0.051 0.286858
0.052 0.292792
0.053 0.298525
0.054 0.304294
0.055 0.310322
0.056 0.316071
0.057 0.322029
0.058 0.327864
0.059 0.333608
0.06 0.339402
0.061 0.345167
0.062 0.350751
0.063 0.356572
0.064 0.362353
0.065 0.368054
0.066 0.373938
0.067 0.379599
0.068 0.385384
0.069 0.391086
0.07 0.396948
0.071 0.402746
0.072 0.408484
0.073 0.414349
0.074 0.420213
0.075 0.425987
0.076 0.431772
0.077 0.437334
0.078 0.443071
0.079 0.44864
0.08 0.454227
0.081 0.459868
0.082 0.465687
0.083 0.471578
0.084 0.477031
0.085 0.482697
0.086 0.48848
0.087 0.494195
0.088 0.499808
0.089 0.505474
0.09 0.511164
0.091 0.516634
0.092 0.522491
0.093 0.528056
0.094 0.533507
0.095 0.539047
0.096 0.54469
0.097 0.550218
0.098 0.555647
0.099 0.561484
0.1 0.567077
0.101 0.572723
0.102 0.578282
0.103 0.583894
0.104 0.589323
0.105 0.594804
0.106 0.600263
0.107 0.605694
0.108 0.611153
0.109 0.616559
0.11 0.621988
0.111 0.627401
0.112 0.632779
0.113 0.63801
0.114 0.643416
0.115 0.648683
0.116 0.654038
0.117 0.659441
0.118 0.664755
0.119 0.670148
0.12 0.67544
0.121 0.680779
0.122 0.685969
0.123 0.69113
0.124 0.69651
0.125 0.701788
0.126 0.706887
0.127 0.711798
0.128 0.71677
0.129 0.721953
0.13 0.72686
0.131 0.731771
0.132 0.736755
0.133 0.741655
0.134 0.74649
0.135 0.751529
0.136 0.756443
0.137 0.7612
0.138 0.765956
0.139 0.770579
0.14 0.775083
0.141 0.779744
0.142 0.784153
0.143 0.788652
0.144 0.793154
0.145 0.797583
0.146 0.801873
0.147 0.806206
0.148 0.810381
0.149 0.814355
0.15 0.818285
0.151 0.822327
0.152 0.826315
0.153 0.830052
0.154 0.833961
0.155 0.837699
0.156 0.841206
0.157 0.84471
0.158 0.84833
0.159 0.851848
0.16 0.855208
0.161 0.858378
0.162 0.861427
0.163 0.864355
0.164 0.867316
0.165 0.870281
0.166 0.873109
0.167 0.875873
0.168 0.878622
0.169 0.881245
0.17 0.883738
0.171 0.886335
0.172 0.888769
0.173 0.891194
0.174 0.893574
0.175 0.89584
0.176 0.898017
0.177 0.90003
0.178 0.902165
0.179 0.904237
0.18 0.906123
0.181 0.908089
0.182 0.910008
0.183 0.911891
0.184 0.913683
0.185 0.915367
0.186 0.917112
0.187 0.918779
0.188 0.920463
0.189 0.922073
0.19 0.923686
0.191 0.925255
0.192 0.926856
0.193 0.928317
0.194 0.929684
0.195 0.931049
0.196 0.932367
0.197 0.933682
0.198 0.935055
0.199 0.936379
0.2 0.937697
0.201 0.938957
0.202 0.940174
0.203 0.941464
0.204 0.942664
0.205 0.943875
0.206 0.945006
0.207 0.946174
0.208 0.947242
0.209 0.948287
0.21 0.949345
0.211 0.950347
0.212 0.951304
0.213 0.952331
0.214 0.953283
0.215 0.954225
0.216 0.955245
0.217 0.956207
0.218 0.957101
0.219 0.957976
0.22 0.958888
0.221 0.959846
0.222 0.960722
0.223 0.9616
0.224 0.96244
0.225 0.96328
0.226 0.964108
0.227 0.964876
0.228 0.965649
0.229 0.966405
0.23 0.967187
0.231 0.967948
0.232 0.968691
0.233 0.969431
0.234 0.970141
0.235 0.970871
0.236 0.97156
0.237 0.972165
0.238 0.972832
0.239 0.973496
0.24 0.974187
0.241 0.974865
0.242 0.975451
0.243 0.976045
0.244 0.976635
0.245 0.977209
0.246 0.977772
0.247 0.978317
0.248 0.978862
0.249 0.979387
0.25 0.979902
0.251 0.980416
0.252 0.98097
0.253 0.981463
0.254 0.98197
0.255 0.982458
0.256 0.982943
0.257 0.983409
0.258 0.983884
0.259 0.984365
0.26 0.984895
0.261 0.985325
0.262 0.985782
0.263 0.986171
0.264 0.986606
0.265 0.986989
0.266 0.987388
0.267 0.987775
0.268 0.988146
0.269 0.988547
0.27 0.988876
0.271 0.989256
0.272 0.989552
0.273 0.98988
0.274 0.990259
0.275 0.990589
0.276 0.990875
0.277 0.991177
0.278 0.991459
0.279 0.991754
0.28 0.992013
0.281 0.992227
0.282 0.992475
0.283 0.992715
0.284 0.992927
0.285 0.993163
0.286 0.99338
0.287 0.993544
0.288 0.993799
0.289 0.994015
0.29 0.99422
0.291 0.994429
0.292 0.994638
0.293 0.994859
0.294 0.995064
0.295 0.995222
0.296 0.995404
0.297 0.995544
0.298 0.995701
0.299 0.995859
0.3 0.996043
0.301 0.99621
0.302 0.996334
0.303 0.996474
0.304 0.996609
0.305 0.996724
0.306 0.996847
0.307 0.996962
0.308 0.997091
0.309 0.997223
0.31 0.997359
0.311 0.997467
0.312 0.997568
0.313 0.997678
0.314 0.997757
0.315 0.997832
0.316 0.997895
0.317 0.997964
0.318 0.998019
0.319 0.998091
0.32 0.998176
0.321 0.998241
0.322 0.998332
0.323 0.998408
0.324 0.998471
0.325 0.99853
0.326 0.998599
0.327 0.998665
0.328 0.998707
0.329 0.998753
0.33 0.998797
0.331 0.998856
0.332 0.998926
0.333 0.998969
0.334 0.999021
0.335 0.99907
0.336 0.999111
0.337 0.999147
0.338 0.999196
0.339 0.99923
0.34 0.999257
0.341 0.999289
0.342 0.999311
0.343 0.999336
0.344 0.999361
0.345 0.999378
0.346 0.999405
0.347 0.999428
0.348 0.999448
0.349 0.999468
0.35 0.999498
0.351 0.999514
0.352 0.999536
0.353 0.999557
0.354 0.999572
0.355 0.999592
0.356 0.999599
0.357 0.99962
0.358 0.999637
0.359 0.999655
0.36 0.999667
0.361 0.999676
0.362 0.999689
0.363 0.999698
0.364 0.999714
0.365 0.99973
0.366 0.999748
0.367 0.999755
0.368 0.99977
0.369 0.999781
0.37 0.999793
0.371 0.999806
0.372 0.99982
0.373 0.999831
0.374 0.999836
0.375 0.999854
0.376 0.99986
0.377 0.99987
0.378 0.999878
0.379 0.999881
0.38 0.999887
0.381 0.999897
0.382 0.999901
0.383 0.999908
0.384 0.999915
0.385 0.999924
0.386 0.99993
0.387 0.999935
0.388 0.999939
0.389 0.999944
0.39 0.99995
0.391 0.99995
0.392 0.999953
0.393 0.999957
0.394 0.999962
0.395 0.999969
0.396 0.999973
0.397 0.999977
0.398 0.999987
0.399 0.999989
0.4 1
