800
-29.8875 0
-29.6625 0
-29.4375 0
-29.2125 0
-28.9875 0
-28.7625 0
-28.5375 0
-28.3125 0
-28.0875 0
-27.8625 0
-27.6375 0
-27.4125 0
-27.1875 0
-26.9625 0
-26.7375 0
-26.5125 0
-26.2875 0
-26.0625 0
-25.8375 0
-25.6125 3.25065e-07
-25.3875 3.25065e-07
-25.1625 3.25065e-07
-24.9375 3.25065e-07
-24.7125 3.25065e-07
-24.4875 3.25065e-07
-24.2625 3.25065e-07
-24.0375 3.25065e-07
-23.8125 3.25065e-07
-23.5875 3.25065e-07
-23.3625 3.25065e-07
-23.1375 3.25065e-07
-22.9125 3.25065e-07
-22.6875 3.25065e-07
-22.4625 3.25065e-07
-22.2375 3.25065e-07
-22.0125 3.25065e-07
-21.7875 3.25065e-07
-21.5625 3.25065e-07
-21.3375 6.5013e-07
-21.1125 6.5013e-07
-20.8875 6.5013e-07
-20.6625 6.5013e-07
-20.4375 6.5013e-07
-20.2125 6.5013e-07
-19.9875 6.5013e-07
-19.7625 6.5013e-07
-19.5375 6.5013e-07
-19.3125 6.5013e-07
-19.0875 6.5013e-07
-18.8625 6.5013e-07
-18.6375 6.5013e-07
-18.4125 6.5013e-07
-18.1875 6.5013e-07
-17.9625 6.5013e-07
-17.7375 6.5013e-07
-17.5125 6.5013e-07
-17.2875 6.5013e-07
-17.0625 6.5013e-07
-16.8375 6.5013e-07
-16.6125 6.5013e-07
-16.3875 6.5013e-07
-16.1625 6.5013e-07
-15.9375 6.5013e-07
-15.7125 6.5013e-07
-15.4875 6.5013e-07
-15.2625 6.5013e-07
-15.0375 6.5013e-07
-14.8125 9.75195e-07
-14.5875 9.75195e-07
-14.3625 9.75195e-07
-14.1375 9.75195e-07
-13.9125 9.75195e-07
-13.6875 9.75195e-07
-13.4625 9.75195e-07
-13.2375 1.30026e-06
-13.0125 1.30026e-06
-12.7875 1.30026e-06
-12.5625 1.30026e-06
-12.3375 1.30026e-06
-12.1125 1.30026e-06
-11.8875 1.30026e-06
-11.6625 1.30026e-06
-11.4375 1.30026e-06
-11.2125 1.30026e-06
-10.9875 1.30026e-06
-10.7625 1.30026e-06
-10.5375 1.30026e-06
-10.3125 1.30026e-06
-10.0875 1.30026e-06
-9.8625 1.30026e-06
-9.6375 1.30026e-06
-9.4125 1.30026e-06
-9.1875 1.30026e-06
-8.9625 1.30026e-06
-8.7375 1.30026e-06
-8.5125 1.30026e-06
-8.2875 1.30026e-06
-8.0625 1.30026e-06
-7.8375 1.30026e-06
-7.6125 1.30026e-06
-7.3875 1.62533e-06
-7.1625 1.62533e-06
-6.9375 1.62533e-06
-6.7125 1.62533e-06
-6.4875 1.95039e-06
-6.2625 1.95039e-06
-6.0375 2.27546e-06
-5.8125 2.27546e-06
-5.5875 2.60052e-06
-5.3625 2.60052e-06
-5.1375 2.92559e-06
-4.9125 2.92559e-06
-4.6875 3.90078e-06
-4.4625 3.90078e-06
-4.2375 4.87598e-06
-4.0125 5.20104e-06
-3.7875 6.5013e-06
-3.5625 7.80156e-06
-3.3375 7.80156e-06
-3.1125 9.10182e-06
-2.8875 1.10522e-05
-2.6625 1.30026e-05
-2.4375 1.46279e-05
-2.2125 1.69034e-05
-1.9875 1.85287e-05
-1.7625 2.14543e-05
-1.5375 2.43799e-05
-1.3125 2.89308e-05
-1.0875 3.21814e-05
-0.8625 3.73825e-05
-0.6375 4.19334e-05
-0.4125 4.61592e-05
-0.1875 5.33107e-05
0.0375 5.94869e-05
0.2625 6.63133e-05
0.4875 7.31396e-05
0.7125 8.02911e-05
0.9375 9.10182e-05
1.1625 0.000101095
1.3875 0.000112798
1.6125 0.000134577
1.8375 0.000158957
2.0625 0.000189513
2.2875 0.000226245
2.5125 0.00027663
2.7375 0.000333192
2.9625 0.000402756
3.1875 0.000498975
3.4125 0.000612423
3.6375 0.0007509
3.8625 0.000925135
4.0875 0.00116893
4.3125 0.00144459
4.5375 0.00178363
4.7625 0.00220589
4.9875 0.00272697
5.2125 0.00334394
5.4375 0.00404934
5.6625 0.00494424
5.8875 0.00601468
6.1125 0.00726455
6.3375 0.00871402
6.5625 0.0103588
6.7875 0.0122452
7.0125 0.0143663
7.2375 0.0167964
7.4625 0.019513
7.6875 0.0224913
7.9125 0.0258511
8.1375 0.0294824
8.3625 0.0333868
8.5875 0.0376107
8.8125 0.0422084
9.0375 0.0470759
9.2625 0.0521736
9.4875 0.0575398
9.7125 0.0631039
9.9375 0.0689518
10.1625 0.0750377
10.3875 0.0811977
10.6125 0.087713
10.8375 0.0942754
11.0625 0.100995
11.2875 0.107821
11.5125 0.114779
11.7375 0.121752
11.9625 0.128758
12.1875 0.135771
12.4125 0.142712
12.6375 0.149715
12.8625 0.156801
13.0875 0.163754
13.3125 0.170677
13.5375 0.177622
13.7625 0.184388
13.9875 0.191058
14.2125 0.197702
14.4375 0.204248
14.6625 0.210789
14.8875 0.217187
15.1125 0.223439
15.3375 0.229675
15.5625 0.235829
15.7875 0.241908
16.0125 0.247851
16.2375 0.253679
16.4625 0.259483
16.6875 0.26515
16.9125 0.270699
17.1375 0.276175
17.3625 0.281538
17.5875 0.286838
17.8125 0.291999
18.0375 0.297235
18.2625 0.302347
18.4875 0.307371
18.7125 0.312263
18.9375 0.317111
19.1625 0.321892
19.3875 0.326628
19.6125 0.331359
19.8375 0.336015
20.0625 0.340556
20.2875 0.345097
20.5125 0.349588
20.7375 0.353971
20.9625 0.358409
21.1875 0.362721
21.4125 0.366966
21.6375 0.37115
21.8625 0.375339
22.0875 0.379487
22.3125 0.383579
22.5375 0.387607
22.7625 0.391707
22.9875 0.395668
23.2125 0.39959
23.4375 0.40353
23.6625 0.407459
23.8875 0.411272
24.1125 0.415151
24.3375 0.419034
24.5625 0.42279
24.7875 0.426612
25.0125 0.430341
25.2375 0.434088
25.4625 0.437788
25.6875 0.441492
25.9125 0.445138
26.1375 0.448781
26.3625 0.452398
26.5875 0.456001
26.8125 0.459571
27.0375 0.463169
27.2625 0.466752
27.4875 0.470264
27.7125 0.473765
27.9375 0.477233
28.1625 0.480672
28.3875 0.48413
28.6125 0.487571
28.8375 0.491061
29.0625 0.494488
29.2875 0.497863
29.5125 0.501248
29.7375 0.504603
29.9625 0.507982
30.1875 0.511367
30.4125 0.514712
30.6375 0.518069
30.8625 0.521372
31.0875 0.524696
31.3125 0.527933
31.5375 0.531183
31.7625 0.534456
31.9875 0.537668
32.2125 0.540828
32.4375 0.543952
32.6625 0.547136
32.8875 0.550214
33.1125 0.553397
33.3375 0.556437
33.5625 0.559553
33.7875 0.562659
34.0125 0.565761
34.2375 0.568759
34.4625 0.571738
34.6875 0.574768
34.9125 0.577785
35.1375 0.580722
35.3625 0.583692
35.5875 0.586682
35.8125 0.589632
36.0375 0.592639
36.2625 0.595569
36.4875 0.598506
36.7125 0.601482
36.9375 0.604518
37.1625 0.607378
37.3875 0.610265
37.6125 0.613227
37.8375 0.616184
38.0625 0.619108
38.2875 0.622036
38.5125 0.624907
38.7375 0.627823
38.9625 0.630754
39.1875 0.633621
39.4125 0.636526
39.6375 0.639437
39.8625 0.642293
40.0875 0.645199
40.3125 0.648092
40.5375 0.650954
40.7625 0.653813
40.9875 0.656688
41.2125 0.659511
41.4375 0.662287
41.6625 0.665072
41.8875 0.667857
42.1125 0.670651
42.3375 0.673439
42.5625 0.676244
42.7875 0.679013
43.0125 0.681741
43.2375 0.684428
43.4625 0.687117
43.6875 0.68985
43.9125 0.692496
44.1375 0.695123
44.3625 0.697731
44.5875 0.700384
44.8125 0.702999
45.0375 0.705602
45.2625 0.708192
45.4875 0.710763
45.7125 0.713322
45.9375 0.715902
46.1625 0.718415
46.3875 0.720913
46.6125 0.723475
46.8375 0.725978
47.0625 0.728506
47.2875 0.730947
47.5125 0.733425
47.7375 0.735886
47.9625 0.738357
48.1875 0.740757
48.4125 0.743217
48.6375 0.74564
48.8625 0.748015
49.0875 0.75047
49.3125 0.752902
49.5375 0.755287
49.7625 0.75766
49.9875 0.760038
50.2125 0.762411
50.4375 0.764745
50.6625 0.76714
50.8875 0.769511
51.1125 0.771885
51.3375 0.774265
51.5625 0.776639
51.7875 0.779005
52.0125 0.781372
52.2375 0.78371
52.4625 0.786109
52.6875 0.788515
52.9125 0.790848
53.1375 0.793245
53.3625 0.795613
53.5875 0.797972
53.8125 0.80029
54.0375 0.802625
54.2625 0.804871
54.4875 0.807169
54.7125 0.809443
54.9375 0.811726
55.1625 0.813976
55.3875 0.816234
55.6125 0.818479
55.8375 0.820693
56.0625 0.822866
56.2875 0.825056
56.5125 0.827212
56.7375 0.829385
56.9625 0.831562
57.1875 0.833732
57.4125 0.83586
57.6375 0.838015
57.8625 0.840178
58.0875 0.842276
58.3125 0.844417
58.5375 0.846543
58.7625 0.848623
58.9875 0.850692
59.2125 0.852761
59.4375 0.854834
59.6625 0.856887
59.8875 0.858972
60.1125 0.861013
60.3375 0.863033
60.5625 0.865069
60.7875 0.867058
61.0125 0.86907
61.2375 0.871101
61.4625 0.873117
61.6875 0.87512
61.9125 0.877124
62.1375 0.879113
62.3625 0.881087
62.5875 0.883041
62.8125 0.885057
63.0375 0.88702
63.2625 0.888981
63.4875 0.890907
63.7125 0.892814
63.9375 0.894729
64.1625 0.896601
64.3875 0.898472
64.6125 0.900399
64.8375 0.902244
65.0625 0.904097
65.2875 0.9059
65.5125 0.907737
65.7375 0.909574
65.9625 0.911402
66.1875 0.913206
66.4125 0.914997
66.6375 0.916777
66.8625 0.918515
67.0875 0.920291
67.3125 0.922023
67.5375 0.923734
67.7625 0.925445
67.9875 0.927158
68.2125 0.92881
68.4375 0.930418
68.6625 0.932067
68.8875 0.933708
69.1125 0.935334
69.3375 0.936913
69.5625 0.938513
69.7875 0.940074
70.0125 0.94167
70.2375 0.943173
70.4625 0.944694
70.6875 0.946205
70.9125 0.947668
71.1375 0.949113
71.3625 0.950544
71.5875 0.951955
71.8125 0.953332
72.0375 0.954677
72.2625 0.956054
72.4875 0.957403
72.7125 0.958732
72.9375 0.960054
73.1625 0.961326
73.3875 0.962569
73.6125 0.963797
73.8375 0.964978
74.0625 0.966161
74.2875 0.967328
74.5125 0.968489
74.7375 0.969611
74.9625 0.970687
75.1875 0.971765
75.4125 0.972794
75.6375 0.973805
75.8625 0.974766
76.0875 0.975757
76.3125 0.976717
76.5375 0.97765
76.7625 0.97856
76.9875 0.97947
77.2125 0.980295
77.4375 0.981104
77.6625 0.981914
77.8875 0.982722
78.1125 0.983522
78.3375 0.984302
78.5625 0.985049
78.7875 0.985785
79.0125 0.986492
79.2375 0.987185
79.4625 0.987861
79.6875 0.988536
79.9125 0.989204
80.1375 0.989855
80.3625 0.990479
80.5875 0.991077
80.8125 0.991626
81.0375 0.992208
81.2625 0.992727
81.4875 0.993244
81.7125 0.993721
81.9375 0.994197
82.1625 0.994662
82.3875 0.99509
82.6125 0.995494
82.8375 0.995889
83.0625 0.996253
83.2875 0.996595
83.5125 0.996924
83.7375 0.997208
83.9625 0.997495
84.1875 0.997758
84.4125 0.997989
84.6375 0.998208
84.8625 0.998394
85.0875 0.998559
85.3125 0.998726
85.5375 0.998874
85.7625 0.999008
85.9875 0.999127
86.2125 0.999227
86.4375 0.999321
86.6625 0.999401
86.8875 0.999482
87.1125 0.999551
87.3375 0.999612
87.5625 0.999664
87.7875 0.999706
88.0125 0.999747
88.2375 0.999786
88.4625 0.999815
88.6875 0.999844
88.9125 0.999869
89.1375 0.999884
89.3625 0.9999
89.5875 0.99991
89.8125 0.999922
90.0375 0.999934
90.2625 0.999943
90.4875 0.999953
90.7125 0.999959
90.9375 0.999965
91.1625 0.99997
91.3875 0.999974
91.6125 0.999978
91.8375 0.999982
92.0625 0.999984
92.2875 0.999986
92.5125 0.999987
92.7375 0.999988
92.9625 0.999988
93.1875 0.999989
93.4125 0.99999
93.6375 0.999991
93.8625 0.999991
94.0875 0.999991
94.3125 0.999992
94.5375 0.999992
94.7625 0.999992
94.9875 0.999993
95.2125 0.999993
95.4375 0.999993
95.6625 0.999993
95.8875 0.999993
96.1125 0.999993
96.3375 0.999993
96.5625 0.999994
96.7875 0.999994
97.0125 0.999994
97.2375 0.999994
97.4625 0.999994
97.6875 0.999994
97.9125 0.999994
98.1375 0.999994
98.3625 0.999995
98.5875 0.999995
98.8125 0.999995
99.0375 0.999995
99.2625 0.999995
99.4875 0.999995
99.7125 0.999995
99.9375 0.999995
100.163 0.999995
100.388 0.999995
100.612 0.999995
100.837 0.999995
101.063 0.999995
101.288 0.999995
101.513 0.999995
101.737 0.999995
101.962 0.999995
102.188 0.999995
102.413 0.999995
102.638 0.999995
102.862 0.999995
103.087 0.999996
103.313 0.999996
103.538 0.999996
103.763 0.999996
103.987 0.999996
104.212 0.999996
104.438 0.999996
104.663 0.999996
104.888 0.999996
105.112 0.999996
105.337 0.999996
105.563 0.999996
105.788 0.999996
106.013 0.999996
106.237 0.999996
106.462 0.999996
106.688 0.999996
106.913 0.999996
107.138 0.999997
107.362 0.999997
107.587 0.999997
107.813 0.999997
108.038 0.999997
108.263 0.999997
108.487 0.999997
108.712 0.999997
108.938 0.999997
109.163 0.999997
109.388 0.999997
109.612 0.999997
109.837 0.999997
110.063 0.999997
110.288 0.999997
110.513 0.999997
110.737 0.999997
110.962 0.999997
111.188 0.999997
111.413 0.999997
111.638 0.999997
111.862 0.999997
112.087 0.999997
112.313 0.999997
112.538 0.999997
112.763 0.999997
112.987 0.999997
113.212 0.999997
113.438 0.999997
113.663 0.999997
113.888 0.999997
114.112 0.999997
114.337 0.999997
114.563 0.999997
114.788 0.999997
115.013 0.999998
115.237 0.999998
115.462 0.999998
115.688 0.999998
115.913 0.999998
116.138 0.999998
116.362 0.999998
116.587 0.999998
116.813 0.999998
117.038 0.999998
117.263 0.999998
117.487 0.999998
117.712 0.999998
117.938 0.999998
118.163 0.999998
118.388 0.999998
118.612 0.999998
118.837 0.999998
119.063 0.999998
119.288 0.999998
119.513 0.999998
119.737 0.999998
119.962 0.999998
120.188 0.999998
120.413 0.999998
120.638 0.999998
120.862 0.999998
121.087 0.999998
121.313 0.999998
121.538 0.999998
121.763 0.999998
121.987 0.999998
122.212 0.999998
122.438 0.999998
122.663 0.999998
122.888 0.999998
123.112 0.999999
123.337 0.999999
123.563 0.999999
123.788 0.999999
124.013 0.999999
124.237 0.999999
124.462 0.999999
124.688 0.999999
124.913 0.999999
125.138 0.999999
125.362 0.999999
125.587 0.999999
125.813 0.999999
126.038 0.999999
126.263 0.999999
126.487 0.999999
126.712 0.999999
126.938 0.999999
127.163 0.999999
127.388 0.999999
127.612 0.999999
127.837 0.999999
128.063 0.999999
128.288 0.999999
128.513 0.999999
128.738 0.999999
128.963 0.999999
129.188 0.999999
129.413 0.999999
129.638 0.999999
129.863 0.999999
130.088 0.999999
130.313 0.999999
130.538 0.999999
130.763 0.999999
130.988 0.999999
131.213 0.999999
131.438 0.999999
131.663 0.999999
131.888 0.999999
132.113 0.999999
132.338 0.999999
132.563 0.999999
132.788 0.999999
133.013 0.999999
133.238 0.999999
133.463 0.999999
133.688 0.999999
133.913 0.999999
134.138 0.999999
134.363 0.999999
134.588 0.999999
134.813 0.999999
135.038 0.999999
135.263 0.999999
135.488 0.999999
135.713 0.999999
135.938 0.999999
136.163 0.999999
136.388 0.999999
136.613 0.999999
136.838 0.999999
137.063 0.999999
137.288 0.999999
137.513 1
137.738 1
137.963 1
138.188 1
138.413 1
138.638 1
138.863 1
139.088 1
139.313 1
139.538 1
139.763 1
139.988 1
140.213 1
140.438 1
140.663 1
140.888 1
141.113 1
141.338 1
141.563 1
141.788 1
142.013 1
142.238 1
142.463 1
142.688 1
142.913 1
143.138 1
143.363 1
143.588 1
143.813 1
144.038 1
144.263 1
144.488 1
144.713 1
144.938 1
145.163 1
145.388 1
145.613 1
145.838 1
146.063 1
146.288 1
146.513 1
146.738 1
146.963 1
147.188 1
147.413 1
147.638 1
147.863 1
148.088 1
148.313 1
148.538 1
148.763 1
148.988 1
149.213 1
149.438 1
149.663 1
149.888 1
