300
0.001 0.00514716
0.002 0.0106342
0.003 0.01603
0.004 0.0214092
0.005 0.0268216
0.006 0.0321594
0.007 0.0377044
0.008 0.0427853
0.009 0.04838
0.01 0.0536018
0.011 0.0588484
0.012 0.0638381
0.013 0.0691179
0.014 0.0746297
0.015 0.0800504
0.016 0.0852722
0.017 0.0906514
0.018 0.0966606
0.019 0.102164
0.02 0.107701
0.021 0.113312
0.022 0.118774
0.023 0.124311
0.024 0.129897
0.025 0.135865
0.026 0.141518
0.027 0.147245
0.028 0.152873
0.029 0.158269
0.03 0.163972
0.031 0.169599
0.032 0.175418
0.033 0.180789
0.034 0.186665
0.035 0.192128
0.036 0.197474
0.037 0.202803
0.038 0.208249
0.039 0.214341
0.04 0.220143
0.041 0.225522
0.042 0.231084
0.043 0.236794
0.044 0.242497
0.045 0.248083
0.046 0.253239
0.047 0.258792
0.048 0.26403
0.049 0.269675
0.05 0.275021
0.051 0.280864
0.052 0.286227
0.053 0.291805
0.054 0.296853
0.055 0.302265
0.056 0.307976
0.057 0.313844
0.058 0.31958
0.059 0.324901
0.06 0.330554
0.061 0.335751
0.062 0.341271
0.063 0.346924
0.064 0.352676
0.065 0.35837
0.066 0.363849
0.067 0.369767
0.068 0.375138
0.069 0.380799
0.07 0.386642
0.071 0.391955
0.072 0.397475
0.073 0.40283
0.074 0.408209
0.075 0.413671
0.076 0.419059
0.077 0.424438
0.078 0.429527
0.079 0.434931
0.08 0.440335
0.081 0.445598
0.082 0.450837
0.083 0.456299
0.084 0.461902
0.085 0.467646
0.086 0.472959
0.087 0.47799
0.088 0.483585
0.089 0.489279
0.09 0.494343
0.091 0.499772
0.092 0.505052
0.093 0.510232
0.094 0.515512
0.095 0.520651
0.096 0.525599
0.097 0.530788
0.098 0.536159
0.099 0.54182
0.1 0.547133
0.101 0.552437
0.102 0.557924
0.103 0.56293
0.104 0.568061
0.105 0.573208
0.106 0.578571
0.107 0.58371
0.108 0.58894
0.109 0.594286
0.11 0.599383
0.111 0.60453
0.112 0.61015
0.113 0.615405
0.114 0.621041
0.115 0.626155
0.116 0.631344
0.117 0.636292
0.118 0.641199
0.119 0.645948
0.12 0.651112
0.121 0.655903
0.122 0.660892
0.123 0.6657
0.124 0.670573
0.125 0.675886
0.126 0.680909
0.127 0.685501
0.128 0.690656
0.129 0.695812
0.13 0.70047
0.131 0.705252
0.132 0.709803
0.133 0.714544
0.134 0.719235
0.135 0.724034
0.136 0.728609
0.137 0.732969
0.138 0.737636
0.139 0.74202
0.14 0.746339
0.141 0.750649
0.142 0.754917
0.143 0.759103
0.144 0.763736
0.145 0.767507
0.146 0.771478
0.147 0.775597
0.148 0.77931
0.149 0.783504
0.15 0.787275
0.151 0.790956
0.152 0.794884
0.153 0.798705
0.154 0.802352
0.155 0.806074
0.156 0.809489
0.157 0.813061
0.158 0.816683
0.159 0.819965
0.16 0.823413
0.161 0.826779
0.162 0.829903
0.163 0.833169
0.164 0.836294
0.165 0.839526
0.166 0.842411
0.167 0.845453
0.168 0.848478
0.169 0.851329
0.17 0.854172
0.171 0.856824
0.172 0.859792
0.173 0.862502
0.174 0.865179
0.175 0.867948
0.176 0.870699
0.177 0.873335
0.178 0.875788
0.179 0.878424
0.18 0.881101
0.181 0.883663
0.182 0.886207
0.183 0.888544
0.184 0.890898
0.185 0.89336
0.186 0.896087
0.187 0.898416
0.188 0.900811
0.189 0.903149
0.19 0.905287
0.191 0.907641
0.192 0.909763
0.193 0.912051
0.194 0.91404
0.195 0.916187
0.196 0.918093
0.197 0.920024
0.198 0.922013
0.199 0.92392
0.2 0.92595
0.201 0.927973
0.202 0.92997
0.203 0.93191
0.204 0.933974
0.205 0.935814
0.206 0.937612
0.207 0.939452
0.208 0.941367
0.209 0.943199
0.21 0.944956
0.211 0.946589
0.212 0.948487
0.213 0.950178
0.214 0.952068
0.215 0.953642
0.216 0.955101
0.217 0.956734
0.218 0.958359
0.219 0.959991
0.22 0.961624
0.221 0.963182
0.222 0.964732
0.223 0.966249
0.224 0.967791
0.225 0.96944
0.226 0.971015
0.227 0.972665
0.228 0.973982
0.229 0.975507
0.23 0.976767
0.231 0.978176
0.232 0.979395
0.233 0.980605
0.234 0.981716
0.235 0.983075
0.236 0.984219
0.237 0.98547
0.238 0.986788
0.239 0.987882
0.24 1.98909
0.241 1.99044
0.242 1.99146
0.243 1.99247
0.244 1.99358
0.245 1.99475
0.246 1.996
0.247 1.99707
0.248 1.99815
0.249 1.99918
0.25 2.00001
0.251 2.0357
0.252 2.0357
0.253 2.0357
0.254 2.0357
0.255 2.0357
0.256 2.0357
0.257 2.0357
0.258 2.0357
0.259 2.0357
0.26 2.0357
0.261 2.0357
0.262 2.0357
0.263 2.0357
0.264 2.0357
0.265 2.0357
0.266 2.0357
0.267 2.0357
0.268 2.0357
0.269 2.0357
0.27 2.0357
0.271 2.0357
0.272 2.0357
0.273 2.0357
0.274 2.0357
0.275 2.0357
0.276 2.0357
0.277 2.0357
0.278 2.0357
0.279 2.0357
0.28 2.0357
0.281 2.0357
0.282 2.0357
0.283 2.0357
0.284 2.0357
0.285 2.0357
0.286 2.0357
0.287 2.0357
0.288 2.0357
0.289 2.0357
0.29 2.0357
0.291 2.0357
0.292 2.0357
0.293 2.0357
0.294 2.0357
0.295 2.0357
0.296 2.0357
0.297 2.0357
0.298 2.0357
0.299 2.0357
0.3 2.0357
