400
0.001 0.00653824
0.002 0.0131004
0.003 0.0195988
0.004 0.0257219
0.005 0.0325236
0.006 0.0390937
0.007 0.0458875
0.008 0.0526971
0.009 0.0591236
0.01 0.066077
0.011 0.0731102
0.012 0.0797362
0.013 0.0862106
0.014 0.0932518
0.015 0.0999976
0.016 0.106464
0.017 0.113713
0.018 0.120706
0.019 0.12746
0.02 0.134748
0.021 0.141518
0.022 0.148679
0.023 0.155728
0.024 0.162682
0.025 0.169491
0.026 0.176173
0.027 0.182983
0.028 0.189825
0.029 0.196802
0.03 0.203468
0.031 0.210701
0.032 0.21747
0.033 0.224184
0.034 0.231202
0.035 0.237931
0.036 0.24451
0.037 0.251088
0.038 0.257937
0.039 0.264635
0.04 0.271469
0.041 0.278087
0.042 0.285064
0.043 0.291746
0.044 0.298197
0.045 0.305405
0.046 0.312638
0.047 0.31924
0.048 0.326289
0.049 0.332908
0.05 0.339693
0.051 0.346758
0.052 0.353472
0.053 0.361104
0.054 0.36797
0.055 0.374724
0.056 0.382028
0.057 0.388982
0.058 0.395959
0.059 0.402832
0.06 1.40952
0.061 1.41683
0.062 1.42378
0.063 1.43038
0.064 1.43734
0.065 1.44448
0.066 1.45114
0.067 1.45836
0.068 1.46513
0.069 1.47213
0.07 1.47933
0.071 1.48646
0.072 1.4938
0.073 1.50064
0.074 1.50788
0.075 1.51522
0.076 1.52219
0.077 1.52934
0.078 1.53614
0.079 1.54311
0.08 1.55027
0.081 1.55708
0.082 1.56405
0.083 1.57117
0.084 1.57794
0.085 1.58485
0.086 1.59203
0.087 1.5992
0.088 1.6063
0.089 1.61339
0.09 1.62037
0.091 1.62742
0.092 1.63479
0.093 1.64221
0.094 1.64953
0.095 1.65682
0.096 1.66431
0.097 1.67162
0.098 1.67914
0.099 1.68643
0.1 1.69378
0.101 1.70092
0.102 1.70819
0.103 1.71551
0.104 1.7226
0.105 1.72968
0.106 1.73677
0.107 1.74405
0.108 1.75121
0.109 1.75873
0.11 1.76576
0.111 1.77291
0.112 1.78039
0.113 1.7875
0.114 1.79466
0.115 1.80195
0.116 1.80954
0.117 1.81663
0.118 1.82405
0.119 1.83139
0.12 1.83853
0.121 1.84564
0.122 1.8526
0.123 1.85964
0.124 1.86637
0.125 1.87314
0.126 1.87989
0.127 1.88647
0.128 1.89306
0.129 1.89948
0.13 1.90554
0.131 1.91137
0.132 1.91685
0.133 1.9225
0.134 1.92771
0.135 1.93246
0.136 1.9372
0.137 1.94215
0.138 1.94678
0.139 1.95129
0.14 1.95543
0.141 1.95919
0.142 1.96282
0.143 1.96598
0.144 1.96904
0.145 1.97179
0.146 1.97413
0.147 1.97647
0.148 1.97854
0.149 1.98034
0.15 1.98178
0.151 2.98328
0.152 2.98439
0.153 2.98538
0.154 2.98628
0.155 2.98706
0.156 2.98777
0.157 2.98846
0.158 2.98891
0.159 2.98937
0.16 2.98973
0.161 2.99005
0.162 2.99026
0.163 2.99045
0.164 2.99074
0.165 2.99087
0.166 2.99099
0.167 2.99115
0.168 2.9913
0.169 2.99144
0.17 2.99155
0.171 2.99167
0.172 2.99179
0.173 2.99185
0.174 2.9919
0.175 2.99199
0.176 2.99207
0.177 2.99214
0.178 2.99221
0.179 2.9923
0.18 2.99239
0.181 2.99242
0.182 2.9925
0.183 2.99254
0.184 2.99258
0.185 2.99264
0.186 2.99273
0.187 2.99279
0.188 2.99287
0.189 2.99292
0.19 2.99294
0.191 2.99301
0.192 2.99307
0.193 2.99315
0.194 2.99322
0.195 2.99328
0.196 2.99334
0.197 2.99339
0.198 2.99349
0.199 2.99358
0.2 2.99366
0.201 2.99376
0.202 2.99379
0.203 2.99384
0.204 2.99388
0.205 2.99395
0.206 2.99408
0.207 2.99415
0.208 2.99425
0.209 2.99435
0.21 2.99442
0.211 2.9945
0.212 2.99456
0.213 2.99461
0.214 2.99468
0.215 2.99472
0.216 2.99481
0.217 2.99486
0.218 2.99493
0.219 2.99501
0.22 2.99507
0.221 2.99511
0.222 2.99518
0.223 2.99524
0.224 2.9953
0.225 2.99536
0.226 2.99544
0.227 2.99549
0.228 2.99554
0.229 2.99559
0.23 2.99563
0.231 2.99568
0.232 2.99575
0.233 2.99582
0.234 2.99585
0.235 2.99589
0.236 2.99594
0.237 2.99604
0.238 2.99612
0.239 2.99619
0.24 2.99625
0.241 2.99635
0.242 2.99642
0.243 2.99653
0.244 2.99658
0.245 2.99667
0.246 2.99672
0.247 2.99678
0.248 2.99679
0.249 2.99689
0.25 2.99693
0.251 2.997
0.252 2.99705
0.253 2.99713
0.254 2.99717
0.255 2.99719
0.256 2.99721
0.257 2.99725
0.258 2.99727
0.259 2.99729
0.26 2.99732
0.261 2.99737
0.262 2.99743
0.263 2.99745
0.264 2.9975
0.265 2.99755
0.266 2.99761
0.267 2.99768
0.268 2.99768
0.269 2.9977
0.27 2.99772
0.271 2.99776
0.272 2.99779
0.273 2.99781
0.274 2.99784
0.275 2.9979
0.276 2.99791
0.277 2.99796
0.278 2.99802
0.279 2.99804
0.28 2.99808
0.281 2.99812
0.282 2.99813
0.283 2.99818
0.284 2.99824
0.285 2.99824
0.286 2.99825
0.287 2.99829
0.288 2.99832
0.289 2.99832
0.29 2.99835
0.291 2.99836
0.292 2.9984
0.293 2.99841
0.294 2.99844
0.295 2.99847
0.296 2.99849
0.297 2.99852
0.298 2.99855
0.299 2.99856
0.3 2.99857
0.301 2.99859
0.302 2.99863
0.303 2.99865
0.304 2.99867
0.305 2.99868
0.306 2.99868
0.307 2.99869
0.308 2.9987
0.309 2.99872
0.31 2.99875
0.311 2.99875
0.312 2.99876
0.313 2.99879
0.314 2.9988
0.315 2.99883
0.316 2.99885
0.317 2.99887
0.318 2.99892
0.319 2.99893
0.32 2.99895
0.321 2.99895
0.322 2.99898
0.323 2.99899
0.324 2.99901
0.325 2.99903
0.326 2.99905
0.327 2.99905
0.328 2.99906
0.329 2.9991
0.33 2.99911
0.331 2.99912
0.332 2.99913
0.333 2.99914
0.334 2.99919
0.335 2.99919
0.336 2.9992
0.337 2.99922
0.338 2.99923
0.339 2.99925
0.34 2.99926
0.341 2.9993
0.342 2.99931
0.343 2.99933
0.344 2.99933
0.345 2.99935
0.346 2.99936
0.347 2.99938
0.348 2.99941
0.349 2.99941
0.35 2.99942
0.351 2.99945
0.352 2.99946
0.353 2.99948
0.354 2.99949
0.355 2.9995
0.356 2.9995
0.357 2.99951
0.358 2.99952
0.359 2.99954
0.36 2.99954
0.361 2.99956
0.362 2.99957
0.363 2.99958
0.364 2.99958
0.365 2.99958
0.366 2.99959
0.367 2.9996
0.368 2.99961
0.369 2.99962
0.37 2.99962
0.371 2.99963
0.372 2.99964
0.373 2.99965
0.374 2.99967
0.375 2.99969
0.376 2.99969
0.377 2.9997
0.378 2.9997
0.379 2.99972
0.38 2.99974
0.381 2.99974
0.382 2.99976
0.383 2.99978
0.384 2.99979
0.385 2.9998
0.386 2.99981
0.387 2.99982
0.388 2.99984
0.389 2.99985
0.39 2.99988
0.391 2.99989
0.392 2.99992
0.393 2.99992
0.394 2.99994
0.395 2.99994
0.396 2.99996
0.397 2.99998
0.398 2.99999
0.399 3
0.4 3
