-1259.9 0
-1259.7 0
-1259.5 0
-1259.3 0
-1259.1 0
-1258.9 0
-1258.7 0
-1258.5 0
-1258.3 0
-1258.1 0
-1257.9 0
-1257.7 0
-1257.5 0
-1257.3 0
-1257.1 0
-1256.9 0
-1256.7 0
-1256.5 0
-1256.3 0
-1256.1 0
-1255.9 0
-1255.7 0
-1255.5 0
-1255.3 0
-1255.1 0
-1254.9 0
-1254.7 0
-1254.5 0
-1254.3 0
-1254.1 0
-1253.9 0
-1253.7 0
-1253.5 0
-1253.3 0
-1253.1 0
-1252.9 0
-1252.7 0
-1252.5 0
-1252.3 0
-1252.1 0
-1251.9 0
-1251.7 0
-1251.5 0
-1251.3 0
-1251.1 0
-1250.9 0
-1250.7 0
-1250.5 0
-1250.3 0
-1250.1 0
-1249.9 0
-1249.7 0
-1249.5 0
-1249.3 0
-1249.1 0
-1248.9 0
-1248.7 0
-1248.5 0
-1248.3 0
-1248.1 1
-1247.9 0
-1247.7 0
-1247.5 0
-1247.3 0
-1247.1 3
-1246.9 0
-1246.7 3
-1246.5 3
-1246.3 6
-1246.1 8
-1245.9 4
-1245.7 6
-1245.5 7
-1245.3 8
-1245.1 7
-1244.9 10
-1244.7 4
-1244.5 9
-1244.3 2
-1244.1 11
-1243.9 4
-1243.7 12
-1243.5 12
-1243.3 7
-1243.1 6
-1242.9 6
-1242.7 6
-1242.5 10
-1242.3 8
-1242.1 9
-1241.9 8
-1241.7 7
-1241.5 2
-1241.3 3
-1241.1 9
-1240.9 4
-1240.7 6
-1240.5 9
-1240.3 9
-1240.1 6
-1239.9 4
-1239.7 7
-1239.5 10
-1239.3 6
-1239.1 6
-1238.9 9
-1238.7 8
-1238.5 10
-1238.3 9
-1238.1 8
-1237.9 7
-1237.7 3
-1237.5 5
-1237.3 7
-1237.1 8
-1236.9 8
-1236.7 11
-1236.5 9
-1236.3 6
-1236.1 3
-1235.9 8
-1235.7 6
-1235.5 4
-1235.3 7
-1235.1 6
-1234.9 10
-1234.7 10
-1234.5 6
-1234.3 8
-1234.1 3
-1233.9 5
-1233.7 4
-1233.5 9
-1233.3 9
-1233.1 5
-1232.9 8
-1232.7 6
-1232.5 9
-1232.3 13
-1232.1 4
-1231.9 8
-1231.7 10
-1231.5 5
-1231.3 8
-1231.1 4
-1230.9 6
-1230.7 9
-1230.5 12
-1230.3 9
-1230.1 7
-1229.9 8
-1229.7 10
-1229.5 15
-1229.3 13
-1229.1 6
-1228.9 6
-1228.7 9
-1228.5 9
-1228.3 5
-1228.1 8
-1227.9 15
-1227.7 11
-1227.5 6
-1227.3 12
-1227.1 7
-1226.9 8
-1226.7 12
-1226.5 7
-1226.3 9
-1226.1 6
-1225.9 7
-1225.7 9
-1225.5 2
-1225.3 5
-1225.1 8
-1224.9 13
-1224.7 9
-1224.5 9
-1224.3 6
-1224.1 4
-1223.9 10
-1223.7 6
-1223.5 11
-1223.3 13
-1223.1 11
-1222.9 9
-1222.7 9
-1222.5 6
-1222.3 4
-1222.1 7
-1221.9 10
-1221.7 8
-1221.5 7
-1221.3 8
-1221.1 11
-1220.9 8
-1220.7 12
-1220.5 11
-1220.3 6
-1220.1 5
-1219.9 10
-1219.7 4
-1219.5 1
-1219.3 7
-1219.1 8
-1218.9 3
-1218.7 7
-1218.5 3
-1218.3 10
-1218.1 2
-1217.9 8
-1217.7 11
-1217.5 10
-1217.3 2
-1217.1 12
-1216.9 3
-1216.7 6
-1216.5 5
-1216.3 9
-1216.1 9
-1215.9 3
-1215.7 8
-1215.5 4
-1215.3 9
-1215.1 8
-1214.9 5
-1214.7 16
-1214.5 9
-1214.3 5
-1214.1 6
-1213.9 7
-1213.7 8
-1213.5 8
-1213.3 5
-1213.1 8
-1212.9 8
-1212.7 10
-1212.5 8
-1212.3 11
-1212.1 8
-1211.9 12
-1211.7 8
-1211.5 9
-1211.3 6
-1211.1 8
-1210.9 3
-1210.7 7
-1210.5 5
-1210.3 9
-1210.1 7
-1209.9 13
-1209.7 6
-1209.5 4
-1209.3 6
-1209.1 7
-1208.9 7
-1208.7 4
-1208.5 4
-1208.3 3
-1208.1 8
-1207.9 1
-1207.7 8
-1207.5 5
-1207.3 6
-1207.1 5
-1206.9 5
-1206.7 0
-1206.5 7
-1206.3 4
-1206.1 4
-1205.9 6
-1205.7 6
-1205.5 4
-1205.3 6
-1205.1 4
-1204.9 4
-1204.7 3
-1204.5 6
-1204.3 6
-1204.1 5
-1203.9 7
-1203.7 7
-1203.5 2
-1203.3 6
-1203.1 5
-1202.9 7
-1202.7 2
-1202.5 4
-1202.3 5
-1202.1 3
-1201.9 5
-1201.7 0
-1201.5 2
-1201.3 3
-1201.1 5
-1200.9 2
-1200.7 4
-1200.5 2
-1200.3 2
-1200.1 4
-1199.9 3
-1199.7 4
-1199.5 2
-1199.3 3
-1199.1 4
-1198.9 1
-1198.7 1
-1198.5 1
-1198.3 1
-1198.1 3
-1197.9 3
-1197.7 3
-1197.5 0
-1197.3 1
-1197.1 2
-1196.9 1
-1196.7 0
-1196.5 0
-1196.3 0
-1196.1 0
-1195.9 1
-1195.7 1
-1195.5 0
-1195.3 2
-1195.1 2
-1194.9 1
-1194.7 1
-1194.5 3
-1194.3 0
-1194.1 2
-1193.9 0
-1193.7 0
-1193.5 2
-1193.3 1
-1193.1 1
-1192.9 0
-1192.7 2
-1192.5 0
-1192.3 0
-1192.1 1
-1191.9 0
-1191.7 1
-1191.5 1
-1191.3 0
-1191.1 1
-1190.9 0
-1190.7 2
-1190.5 0
-1190.3 1
-1190.1 0
-1189.9 1
-1189.7 0
-1189.5 0
-1189.3 0
-1189.1 0
-1188.9 2
-1188.7 0
-1188.5 0
-1188.3 0
-1188.1 2
-1187.9 0
-1187.7 0
-1187.5 0
-1187.3 0
-1187.1 1
-1186.9 1
-1186.7 0
-1186.5 2
-1186.3 0
-1186.1 0
-1185.9 0
-1185.7 0
-1185.5 1
-1185.3 0
-1185.1 0
-1184.9 0
-1184.7 0
-1184.5 0
-1184.3 0
-1184.1 0
-1183.9 0
-1183.7 1
-1183.5 1
-1183.3 0
-1183.1 0
-1182.9 0
-1182.7 0
-1182.5 0
-1182.3 0
-1182.1 0
-1181.9 0
-1181.7 0
-1181.5 0
-1181.3 0
-1181.1 0
-1180.9 0
-1180.7 0
-1180.5 0
-1180.3 0
-1180.1 0
-1179.9 0
-1179.7 0
-1179.5 0
-1179.3 0
-1179.1 0
-1178.9 0
-1178.7 1
-1178.5 0
-1178.3 0
-1178.1 1
-1177.9 0
-1177.7 0
-1177.5 0
-1177.3 0
-1177.1 0
-1176.9 0
-1176.7 1
-1176.5 1
-1176.3 1
-1176.1 0
-1175.9 0
-1175.7 1
-1175.5 0
-1175.3 0
-1175.1 0
-1174.9 0
-1174.7 0
-1174.5 0
-1174.3 0
-1174.1 0
-1173.9 0
-1173.7 0
-1173.5 0
-1173.3 0
-1173.1 0
-1172.9 0
-1172.7 0
-1172.5 1
-1172.3 0
-1172.1 0
-1171.9 0
-1171.7 0
-1171.5 0
-1171.3 1
-1171.1 0
-1170.9 0
-1170.7 0
-1170.5 0
-1170.3 0
-1170.1 0
-1169.9 0
-1169.7 0
-1169.5 0
-1169.3 0
-1169.1 1
-1168.9 0
-1168.7 0
-1168.5 0
-1168.3 0
-1168.1 0
-1167.9 0
-1167.7 0
-1167.5 0
-1167.3 0
-1167.1 0
-1166.9 0
-1166.7 0
-1166.5 0
-1166.3 0
-1166.1 0
-1165.9 0
-1165.7 0
-1165.5 0
-1165.3 0
-1165.1 0
-1164.9 0
-1164.7 0
-1164.5 0
-1164.3 0
-1164.1 0
-1163.9 0
-1163.7 0
-1163.5 0
-1163.3 0
-1163.1 0
-1162.9 0
-1162.7 0
-1162.5 0
-1162.3 0
-1162.1 0
-1161.9 0
-1161.7 0
-1161.5 0
-1161.3 0
-1161.1 0
-1160.9 0
-1160.7 0
-1160.5 0
-1160.3 0
-1160.1 0
