300
0.001 0.00632888
0.002 0.0129199
0.003 0.0189117
0.004 0.0250159
0.005 0.0310078
0.006 0.0369996
0.007 0.0427667
0.008 0.0481594
0.009 0.0547879
0.01 0.0611167
0.011 0.0666966
0.012 0.0728383
0.013 0.079242
0.014 0.0855335
0.015 0.0923117
0.016 0.0984159
0.017 0.104295
0.018 0.110662
0.019 0.116654
0.02 0.122758
0.021 0.129386
0.022 0.136277
0.023 0.142718
0.024 0.149609
0.025 0.156387
0.026 0.163652
0.027 0.170093
0.028 0.17616
0.029 0.182751
0.03 0.190803
0.031 0.197843
0.032 0.204471
0.033 0.211025
0.034 0.216942
0.035 0.223495
0.036 0.230049
0.037 0.236752
0.038 0.243006
0.039 0.249185
0.04 0.25529
0.041 0.260682
0.042 0.266824
0.043 0.27364
0.044 0.28038
0.045 0.286185
0.046 0.292214
0.047 0.298206
0.048 0.305509
0.049 0.312025
0.05 0.318728
0.051 0.324758
0.052 0.331199
0.053 0.338651
0.054 0.34468
0.055 0.351047
0.056 0.357488
0.057 0.363667
0.058 0.370333
0.059 0.376774
0.06 0.383066
0.061 0.390406
0.062 0.397521
0.063 0.403962
0.064 0.410703
0.065 0.417968
0.066 0.424821
0.067 0.431599
0.068 0.438116
0.069 0.445006
0.07 0.451934
0.071 0.459387
0.072 0.465378
0.073 0.472531
0.074 0.478635
0.075 0.484852
0.076 0.491742
0.077 0.498708
0.078 0.506273
0.079 0.512751
0.08 0.519605
0.081 0.525933
0.082 0.532337
0.083 0.538891
0.084 0.546306
0.085 0.553346
0.086 0.559338
0.087 0.565817
0.088 0.572183
0.089 0.578474
0.09 0.58499
0.091 0.591544
0.092 0.59821
0.093 0.605512
0.094 0.612029
0.095 0.618357
0.096 0.625098
0.097 0.631877
0.098 0.638468
0.099 0.645246
0.1 0.652436
0.101 0.659402
0.102 0.666067
0.103 0.672434
0.104 0.679886
0.105 0.686065
0.106 0.692057
0.107 0.699435
0.108 0.705539
0.109 0.711605
0.11 0.718196
0.111 0.725349
0.112 0.731865
0.113 0.738157
0.114 0.745684
0.115 0.752163
0.116 0.758716
0.117 0.764895
0.118 0.771112
0.119 0.777703
0.12 0.78377
0.121 0.789537
0.122 0.796053
0.123 0.80182
0.124 0.808448
0.125 0.814927
0.126 0.821593
0.127 0.828334
0.128 0.834213
0.129 0.840205
0.13 0.845598
0.131 0.851328
0.132 0.857469
0.133 0.863798
0.134 0.869528
0.135 0.875183
0.136 0.880912
0.137 0.885968
0.138 0.891361
0.139 0.896117
0.14 0.901247
0.141 0.90619
0.142 0.910347
0.143 0.915365
0.144 0.919522
0.145 0.924278
0.146 0.928922
0.147 0.93203
0.148 0.9357
0.149 0.93952
0.15 0.942778
0.151 0.946111
0.152 0.949706
0.153 0.952889
0.154 0.955623
0.155 0.958132
0.156 0.960566
0.157 0.9633
0.158 0.965472
0.159 0.968093
0.16 0.970153
0.161 0.971539
0.162 0.972999
0.163 0.974684
0.164 0.975845
0.165 0.976819
0.166 0.978055
0.167 0.978729
0.168 0.97974
0.169 0.980789
0.17 0.98195
0.171 0.982961
0.172 0.983597
0.173 0.984271
0.174 0.985133
0.175 0.985769
0.176 0.986294
0.177 0.986668
0.178 0.986818
0.179 0.987455
0.18 0.987904
0.181 0.988391
0.182 0.98899
0.183 0.98929
0.184 0.989439
0.185 0.989552
0.186 0.990076
0.187 0.990488
0.188 0.990975
0.189 0.991162
0.19 0.991387
0.191 0.991874
0.192 0.992061
0.193 0.992323
0.194 0.992548
0.195 0.99266
0.196 0.993034
0.197 0.993222
0.198 0.993484
0.199 0.993709
0.2 0.993783
0.201 0.993933
0.202 0.994233
0.203 0.994345
0.204 0.994495
0.205 0.994645
0.206 0.994757
0.207 0.994869
0.208 0.994944
0.209 0.995169
0.21 0.995356
0.211 0.995506
0.212 0.995843
0.213 0.995918
0.214 0.996068
0.215 0.99633
0.216 0.99648
0.217 0.996555
0.218 0.996667
0.219 0.996892
0.22 0.997042
0.221 0.997191
0.222 0.997191
0.223 0.997229
0.224 0.997528
0.225 0.997678
0.226 0.997753
0.227 0.99794
0.228 0.998015
0.229 0.998202
0.23 0.998277
0.231 0.99839
0.232 0.998502
0.233 0.998614
0.234 0.998764
0.235 0.998802
0.236 0.998877
0.237 0.998989
0.238 0.999064
0.239 0.999101
0.24 0.999176
0.241 0.999214
0.242 0.999251
0.243 0.999363
0.244 0.999401
0.245 0.999438
0.246 0.9997
0.247 0.999775
0.248 0.99985
0.249 0.999925
0.25 1
0.251 1.00932
0.252 1.00932
0.253 1.00932
0.254 1.00932
0.255 1.00932
0.256 1.00932
0.257 1.00932
0.258 1.00932
0.259 1.00932
0.26 1.00932
0.261 1.00932
0.262 1.00932
0.263 1.00932
0.264 1.00932
0.265 1.00932
0.266 1.00932
0.267 1.00932
0.268 1.00932
0.269 1.00932
0.27 1.00932
0.271 1.00932
0.272 1.00932
0.273 1.00932
0.274 1.00932
0.275 1.00932
0.276 1.00932
0.277 1.00932
0.278 1.00932
0.279 1.00932
0.28 1.00932
0.281 1.00932
0.282 1.00932
0.283 1.00932
0.284 1.00932
0.285 1.00932
0.286 1.00932
0.287 1.00932
0.288 1.00932
0.289 1.00932
0.29 1.00932
0.291 1.00932
0.292 1.00932
0.293 1.00932
0.294 1.00932
0.295 1.00932
0.296 1.00932
0.297 1.00932
0.298 1.00932
0.299 1.00932
0.3 1.00932
