400
0.001 0.00589981
0.002 0.011577
0.003 0.0174026
0.004 0.0238961
0.005 0.0304267
0.006 0.0361781
0.007 0.0416327
0.008 0.0478293
0.009 0.0532096
0.01 0.0596289
0.011 0.0659369
0.012 0.0720594
0.013 0.0775881
0.014 0.083154
0.015 0.0889425
0.016 0.0949907
0.017 0.10115
0.018 0.107792
0.019 0.114508
0.02 0.121039
0.021 0.127421
0.022 0.13436
0.023 0.14115
0.024 0.147087
0.025 0.153618
0.026 0.159926
0.027 0.166642
0.028 0.173432
0.029 0.179814
0.03 0.185566
0.031 0.191948
0.032 0.198293
0.033 0.205232
0.034 0.211169
0.035 0.217811
0.036 0.224564
0.037 0.230575
0.038 0.236883
0.039 0.243451
0.04 0.249685
0.041 0.255881
0.042 0.26282
0.043 0.26898
0.044 0.276067
0.045 0.281967
0.046 0.287532
0.047 0.294917
0.048 0.300816
0.049 0.306939
0.05 0.313766
0.051 0.319889
0.052 0.327421
0.053 0.333655
0.054 0.340111
0.055 0.346865
0.056 0.352616
0.057 0.359852
0.058 0.3659
0.059 0.372282
0.06 0.378367
0.061 0.38449
0.062 0.391911
0.063 0.398998
0.064 0.404675
0.065 0.411317
0.066 0.418108
0.067 0.424267
0.068 0.430501
0.069 0.436067
0.07 0.442449
0.071 0.448757
0.072 0.454954
0.073 0.461373
0.074 0.4682
0.075 0.474397
0.076 0.480705
0.077 0.487161
0.078 0.493618
0.079 0.499295
0.08 0.506122
0.081 0.51269
0.082 0.519406
0.083 0.524898
0.084 0.53102
0.085 0.53692
0.086 0.543228
0.087 0.549981
0.088 0.557328
0.089 0.56334
0.09 0.56898
0.091 0.57525
0.092 0.581076
0.093 0.587273
0.094 0.593469
0.095 0.600816
0.096 0.607532
0.097 0.613358
0.098 0.619852
0.099 0.626827
0.1 0.633506
0.101 0.639703
0.102 0.645788
0.103 0.653284
0.104 0.660334
0.105 0.666865
0.106 0.672616
0.107 0.679555
0.108 0.686122
0.109 0.693581
0.11 0.700111
0.111 0.706939
0.112 0.714174
0.113 0.720742
0.114 0.727495
0.115 0.734805
0.116 0.74115
0.117 0.747532
0.118 0.753581
0.119 0.759703
0.12 0.7659
0.121 0.771837
0.122 0.77859
0.123 0.785009
0.124 0.791577
0.125 0.797996
0.126 0.803377
0.127 0.809722
0.128 0.816252
0.129 0.822226
0.13 0.828831
0.131 0.835659
0.132 0.840965
0.133 0.847161
0.134 0.852505
0.135 0.857848
0.136 0.863191
0.137 0.869202
0.138 0.874137
0.139 0.879258
0.14 0.884675
0.141 0.889128
0.142 0.893766
0.143 0.898108
0.144 0.902597
0.145 0.906939
0.146 0.911688
0.147 0.916846
0.148 0.920779
0.149 0.924304
0.15 0.927978
0.151 0.931429
0.152 0.934917
0.153 0.938033
0.154 0.941447
0.155 0.945046
0.156 0.947644
0.157 0.949647
0.158 0.952208
0.159 0.954731
0.16 0.957106
0.161 0.959295
0.162 0.961336
0.163 0.963154
0.164 0.964824
0.165 0.966939
0.166 0.968609
0.167 0.969796
0.168 0.971206
0.169 0.972801
0.17 0.973878
0.171 0.974917
0.172 0.975659
0.173 0.976327
0.174 0.977032
0.175 0.977848
0.176 0.978219
0.177 0.978627
0.178 0.979332
0.179 0.979926
0.18 0.980482
0.181 0.981076
0.182 0.98141
0.183 0.981855
0.184 0.982375
0.185 0.982783
0.186 0.983117
0.187 0.983265
0.188 0.983562
0.189 0.983785
0.19 0.984045
0.191 0.984304
0.192 0.984527
0.193 0.984638
0.194 0.984861
0.195 0.985083
0.196 0.985455
0.197 0.985714
0.198 0.9859
0.199 0.986271
0.2 0.986494
0.201 0.986716
0.202 0.98705
0.203 0.987236
0.204 0.987421
0.205 0.98757
0.206 0.987718
0.207 0.987941
0.208 0.988089
0.209 0.988312
0.21 0.988571
0.211 0.98872
0.212 0.988868
0.213 0.98898
0.214 0.989276
0.215 0.989388
0.216 0.989647
0.217 0.989685
0.218 0.989722
0.219 0.98987
0.22 0.989944
0.221 0.990093
0.222 0.990315
0.223 0.990464
0.224 0.990686
0.225 0.990946
0.226 0.991132
0.227 0.991391
0.228 0.991429
0.229 0.991614
0.23 0.991725
0.231 0.9918
0.232 0.991911
0.233 0.992059
0.234 0.992134
0.235 0.992319
0.236 0.992356
0.237 0.992542
0.238 0.992579
0.239 0.992653
0.24 0.992764
0.241 0.992913
0.242 0.992913
0.243 0.992987
0.244 0.993024
0.245 0.993135
0.246 0.993173
0.247 0.99321
0.248 0.993284
0.249 0.993395
0.25 0.993432
0.251 0.993506
0.252 0.993618
0.253 0.993618
0.254 0.993915
0.255 0.993952
0.256 0.993989
0.257 0.994063
0.258 0.994137
0.259 0.994211
0.26 0.994249
0.261 0.994249
0.262 0.994397
0.263 0.994434
0.264 0.994583
0.265 0.99462
0.266 0.994805
0.267 0.994954
0.268 0.995065
0.269 0.995139
0.27 0.995213
0.271 0.995288
0.272 0.995473
0.273 0.99551
0.274 0.995547
0.275 0.995622
0.276 0.995696
0.277 0.995733
0.278 0.995918
0.279 0.996067
0.28 0.996178
0.281 0.996178
0.282 0.996215
0.283 0.996289
0.284 0.996327
0.285 0.996549
0.286 0.996586
0.287 0.996623
0.288 0.99666
0.289 0.996698
0.29 0.996772
0.291 0.996772
0.292 0.996846
0.293 0.996846
0.294 0.99692
0.295 0.996994
0.296 0.997106
0.297 0.997143
0.298 0.99718
0.299 0.997254
0.3 0.997291
0.301 0.997291
0.302 0.997328
0.303 0.99744
0.304 0.997514
0.305 0.997588
0.306 0.997625
0.307 0.997774
0.308 0.997811
0.309 0.997848
0.31 0.997848
0.311 0.997848
0.312 0.997885
0.313 0.997922
0.314 0.997996
0.315 0.998033
0.316 0.99807
0.317 0.998108
0.318 0.998145
0.319 0.998219
0.32 0.998293
0.321 0.998293
0.322 0.998293
0.323 0.99833
0.324 0.998516
0.325 0.998516
0.326 0.998553
0.327 0.998553
0.328 0.99859
0.329 0.998627
0.33 0.998627
0.331 0.998627
0.332 0.998627
0.333 0.998627
0.334 0.998627
0.335 0.998627
0.336 0.998701
0.337 0.998701
0.338 0.998701
0.339 0.998738
0.34 0.998776
0.341 0.99885
0.342 0.998887
0.343 0.998961
0.344 0.998998
0.345 0.998998
0.346 0.998998
0.347 0.998998
0.348 0.998998
0.349 0.999035
0.35 0.999109
0.351 0.999147
0.352 0.999147
0.353 0.999147
0.354 0.999258
0.355 0.999332
0.356 0.999406
0.357 0.999406
0.358 0.999443
0.359 0.999443
0.36 0.999443
0.361 0.999443
0.362 0.999443
0.363 0.999481
0.364 0.999481
0.365 0.999481
0.366 0.999481
0.367 0.999481
0.368 0.999555
0.369 0.999555
0.37 0.999555
0.371 0.999592
0.372 0.999592
0.373 0.999592
0.374 0.999629
0.375 0.999629
0.376 0.999629
0.377 0.999629
0.378 0.999666
0.379 0.999666
0.38 0.999666
0.381 0.999666
0.382 0.999666
0.383 0.999666
0.384 0.999666
0.385 0.999666
0.386 0.999666
0.387 0.999666
0.388 0.999666
0.389 0.999666
0.39 0.999666
0.391 0.999666
0.392 0.999703
0.393 0.99974
0.394 0.999852
0.395 0.999889
0.396 0.999926
0.397 0.999963
0.398 0.999963
0.399 1
0.4 1
