587
-1037.1 2.90406e-06
-1036.9 2.90406e-06
-1036.7 2.90406e-06
-1036.5 2.90406e-06
-1036.3 2.90406e-06
-1036.1 2.90406e-06
-1035.9 1.16162e-05
-1035.7 2.32324e-05
-1035.5 3.48487e-05
-1035.3 5.51771e-05
-1035.1 7.26014e-05
-1034.9 0.000139395
-1034.7 0.000220708
-1034.5 0.000325254
-1034.3 0.000487881
-1034.1 0.000682453
-1033.9 0.000900257
-1033.7 0.00119647
-1033.5 0.00158852
-1033.3 0.00207059
-1033.1 0.00268625
-1032.9 0.00333676
-1032.7 0.00426315
-1032.5 0.00528538
-1032.3 0.0064441
-1032.1 0.00784095
-1031.9 0.0094498
-1031.7 0.0111777
-1031.5 0.0130015
-1031.3 0.0151069
-1031.1 0.0173895
-1030.9 0.019826
-1030.7 0.0225297
-1030.5 0.0252972
-1030.3 0.0283436
-1030.1 0.0315787
-1029.9 0.0350142
-1029.7 0.0385281
-1029.5 0.0421088
-1029.3 0.0459625
-1029.1 0.0498162
-1028.9 0.0538964
-1028.7 0.0581508
-1028.5 0.0625534
-1028.3 0.066831
-1028.1 0.0712045
-1027.9 0.0756013
-1027.7 0.0801142
-1027.5 0.0845167
-1027.3 0.0888641
-1027.1 0.0933915
-1026.9 0.0978493
-1026.7 0.102365
-1026.5 0.106948
-1026.3 0.111246
-1026.1 0.115756
-1025.9 0.119868
-1025.7 0.123948
-1025.5 0.128179
-1025.3 0.132378
-1025.1 0.136331
-1024.9 0.140341
-1024.7 0.144366
-1024.5 0.148301
-1024.3 0.151943
-1024.1 0.15566
-1023.9 0.159377
-1023.7 0.163124
-1023.5 0.166696
-1023.3 0.170425
-1023.1 0.17393
-1022.9 0.17738
-1022.7 0.180833
-1022.5 0.18437
-1022.3 0.187692
-1022.1 0.190942
-1021.9 0.1942
-1021.7 0.197403
-1021.5 0.200406
-1021.3 0.203423
-1021.1 0.206452
-1020.9 0.209464
-1020.7 0.212443
-1020.5 0.215359
-1020.3 0.218452
-1020.1 0.221353
-1019.9 0.224225
-1019.7 0.227091
-1019.5 0.229984
-1019.3 0.232728
-1019.1 0.235644
-1018.9 0.238388
-1018.7 0.241089
-1018.5 0.243897
-1018.3 0.246801
-1018.1 0.249563
-1017.9 0.252537
-1017.7 0.255403
-1017.5 0.258142
-1017.3 0.261089
-1017.1 0.263918
-1016.9 0.266618
-1016.7 0.269435
-1016.5 0.272217
-1016.3 0.274915
-1016.1 0.277636
-1015.9 0.280416
-1015.7 0.283035
-1015.5 0.285655
-1015.3 0.28832
-1015.1 0.29087
-1014.9 0.293638
-1014.7 0.296394
-1014.5 0.299013
-1014.3 0.301731
-1014.1 0.30436
-1013.9 0.307078
-1013.7 0.30986
-1013.5 0.312558
-1013.3 0.315221
-1013.1 0.317808
-1012.9 0.320532
-1012.7 0.323259
-1012.5 0.325989
-1012.3 0.328588
-1012.1 0.331068
-1011.9 0.33372
-1011.7 0.336281
-1011.5 0.338961
-1011.3 0.341558
-1011.1 0.344238
-1010.9 0.346802
-1010.7 0.349503
-1010.5 0.352062
-1010.3 0.354681
-1010.1 0.357431
-1009.9 0.360022
-1009.7 0.36276
-1009.5 0.365295
-1009.3 0.36781
-1009.1 0.370357
-1008.9 0.372994
-1008.7 0.375544
-1008.5 0.378044
-1008.3 0.380591
-1008.1 0.383205
-1007.9 0.385813
-1007.7 0.388484
-1007.5 0.391046
-1007.3 0.393712
-1007.1 0.396392
-1006.9 0.398968
-1006.7 0.401573
-1006.5 0.40405
-1006.3 0.406783
-1006.1 0.409388
-1005.9 0.412001
-1005.7 0.41469
-1005.5 0.417359
-1005.3 0.419985
-1005.1 0.422587
-1004.9 0.425006
-1004.7 0.427579
-1004.5 0.43014
-1004.3 0.432632
-1004.1 0.435202
-1003.9 0.43774
-1003.7 0.440333
-1003.5 0.443043
-1003.3 0.44559
-1003.1 0.44818
-1002.9 0.450733
-1002.7 0.453294
-1002.5 0.455835
-1002.3 0.45828
-1002.1 0.460871
-1001.9 0.463592
-1001.7 0.466127
-1001.5 0.468503
-1001.3 0.47111
-1001.1 0.47366
-1000.9 0.476274
-1000.7 0.478751
-1000.5 0.481225
-1000.3 0.483752
-1000.1 0.486363
-999.9 0.488927
-999.7 0.491529
-999.5 0.494061
-999.3 0.496672
-999.1 0.499303
-998.9 0.501969
-998.7 0.504449
-998.5 0.507127
-998.3 0.509763
-998.1 0.51229
-997.9 0.514863
-997.7 0.517523
-997.5 0.520265
-997.3 0.522675
-997.1 0.525187
-996.9 0.527681
-996.7 0.530074
-996.5 0.532554
-996.3 0.535186
-996.1 0.537799
-995.9 0.540529
-995.7 0.543099
-995.5 0.54566
-995.3 0.548332
-995.1 0.550815
-994.9 0.553327
-994.7 0.555964
-994.5 0.558514
-994.3 0.5612
-994.1 0.563692
-993.9 0.566233
-993.7 0.568905
-993.5 0.571402
-993.3 0.5739
-993.1 0.576432
-992.9 0.579127
-992.7 0.581578
-992.5 0.584104
-992.3 0.586698
-992.1 0.589349
-991.9 0.591942
-991.7 0.594359
-991.5 0.596885
-991.3 0.599432
-991.1 0.602034
-990.9 0.604581
-990.7 0.607171
-990.5 0.609669
-990.3 0.612178
-990.1 0.614533
-989.9 0.617094
-989.7 0.619569
-989.5 0.622118
-989.3 0.624601
-989.1 0.627131
-988.9 0.629576
-988.7 0.632123
-988.5 0.634664
-988.3 0.637095
-988.1 0.639691
-987.9 0.642264
-987.7 0.644738
-987.5 0.647233
-987.3 0.649608
-987.1 0.652196
-986.9 0.65469
-986.7 0.657345
-986.5 0.659801
-986.3 0.662389
-986.1 0.664869
-985.9 0.667416
-985.7 0.669783
-985.5 0.672327
-985.3 0.674891
-985.1 0.677365
-984.9 0.679709
-984.7 0.682142
-984.5 0.684657
-984.3 0.687103
-984.1 0.689536
-983.9 0.691976
-983.7 0.694461
-983.5 0.697014
-983.3 0.699462
-983.1 0.702064
-982.9 0.704707
-982.7 0.7071
-982.5 0.709557
-982.3 0.712048
-982.1 0.714473
-981.9 0.716895
-981.7 0.719218
-981.5 0.721687
-981.3 0.724167
-981.1 0.726566
-980.9 0.728924
-980.7 0.731346
-980.5 0.733718
-980.3 0.736161
-980.1 0.738687
-979.9 0.74115
-979.7 0.743743
-979.5 0.746226
-979.3 0.748718
-979.1 0.751053
-978.9 0.753431
-978.7 0.755879
-978.5 0.758298
-978.3 0.760813
-978.1 0.763264
-977.9 0.765538
-977.7 0.768024
-977.5 0.770492
-977.3 0.772975
-977.1 0.775548
-976.9 0.777985
-976.7 0.78041
-976.5 0.782945
-976.3 0.785422
-976.1 0.787679
-975.9 0.789929
-975.7 0.792282
-975.5 0.794843
-975.3 0.79712
-975.1 0.799539
-974.9 0.801813
-974.7 0.804142
-974.5 0.806546
-974.3 0.808951
-974.1 0.811239
-973.9 0.813589
-973.7 0.815921
-973.5 0.818316
-973.3 0.820736
-973.1 0.823044
-972.9 0.825275
-972.7 0.827627
-972.5 0.82984
-972.3 0.832053
-972.1 0.834321
-971.9 0.836609
-971.7 0.838868
-971.5 0.840939
-971.3 0.84319
-971.1 0.845371
-970.9 0.847499
-970.7 0.849872
-970.5 0.852059
-970.3 0.854196
-970.1 0.856461
-969.9 0.858651
-969.7 0.860843
-969.5 0.862969
-969.3 0.865083
-969.1 0.8672
-968.9 0.8693
-968.7 0.871185
-968.5 0.873343
-968.3 0.875192
-968.1 0.877225
-967.9 0.879145
-967.7 0.88114
-967.5 0.88308
-967.3 0.885121
-967.1 0.886951
-966.9 0.888961
-966.7 0.89077
-966.5 0.892637
-966.3 0.894504
-966.1 0.896395
-965.9 0.898213
-965.7 0.900063
-965.5 0.901846
-965.3 0.903667
-965.1 0.90545
-964.9 0.90714
-964.7 0.908943
-964.5 0.910549
-964.3 0.912176
-964.1 0.913848
-963.9 0.915504
-963.7 0.917211
-963.5 0.918826
-963.3 0.920435
-963.1 0.921922
-962.9 0.923429
-962.7 0.924846
-962.5 0.926266
-962.3 0.927616
-962.1 0.929106
-961.9 0.930579
-961.7 0.932057
-961.5 0.933497
-961.3 0.934778
-961.1 0.935995
-960.9 0.937354
-960.7 0.938573
-960.5 0.939892
-960.3 0.941167
-960.1 0.942366
-959.9 0.943661
-959.7 0.944867
-959.5 0.946101
-959.3 0.947387
-959.1 0.948523
-958.9 0.949594
-958.7 0.950733
-958.5 0.951813
-958.3 0.952943
-958.1 0.953904
-957.9 0.954946
-957.7 0.955905
-957.5 0.95686
-957.3 0.957819
-957.1 0.958693
-956.9 0.959558
-956.7 0.960508
-956.5 0.961391
-956.3 0.962224
-956.1 0.963066
-955.9 0.963937
-955.7 0.964701
-955.5 0.96557
-955.3 0.966386
-955.1 0.967056
-954.9 0.967849
-954.7 0.968543
-954.5 0.969249
-954.3 0.969917
-954.1 0.97057
-953.9 0.971189
-953.7 0.971842
-953.5 0.972449
-953.3 0.973106
-953.1 0.973704
-952.9 0.974348
-952.7 0.974984
-952.5 0.975484
-952.3 0.976053
-952.1 0.976602
-951.9 0.977148
-951.7 0.977659
-951.5 0.978138
-951.3 0.978617
-951.1 0.97916
-950.9 0.979709
-950.7 0.980229
-950.5 0.980705
-950.3 0.981127
-950.1 0.981597
-949.9 0.982079
-949.7 0.982489
-949.5 0.98291
-949.3 0.98327
-949.1 0.983641
-948.9 0.984077
-948.7 0.984431
-948.5 0.984791
-948.3 0.985181
-948.1 0.985512
-947.9 0.985831
-947.7 0.986156
-947.5 0.986432
-947.3 0.986723
-947.1 0.987065
-946.9 0.987393
-946.7 0.987684
-946.5 0.987992
-946.3 0.988253
-946.1 0.988514
-945.9 0.988776
-945.7 0.989011
-945.5 0.98924
-945.3 0.989499
-945.1 0.989749
-944.9 0.989972
-944.7 0.990199
-944.5 0.990463
-944.3 0.990707
-944.1 0.990934
-943.9 0.991166
-943.7 0.991387
-943.5 0.99159
-943.3 0.991805
-943.1 0.991976
-942.9 0.992194
-942.7 0.992447
-942.5 0.992615
-942.3 0.992824
-942.1 0.993016
-941.9 0.993199
-941.7 0.99335
-941.5 0.993495
-941.3 0.99366
-941.1 0.993809
-940.9 0.993994
-940.7 0.994128
-940.5 0.994285
-940.3 0.994474
-940.1 0.994654
-939.9 0.994822
-939.7 0.994964
-939.5 0.995095
-939.3 0.995226
-939.1 0.995356
-938.9 0.995502
-938.7 0.995647
-938.5 0.995786
-938.3 0.995975
-938.1 0.996077
-937.9 0.996219
-937.7 0.996358
-937.5 0.996498
-937.3 0.996605
-937.1 0.99673
-936.9 0.996806
-936.7 0.996916
-936.5 0.996997
-936.3 0.997099
-936.1 0.997186
-935.9 0.997293
-935.7 0.997389
-935.5 0.9975
-935.3 0.997593
-935.1 0.997688
-934.9 0.997775
-934.7 0.997871
-934.5 0.997956
-934.3 0.998025
-934.1 0.99808
-933.9 0.998153
-933.7 0.998208
-933.5 0.998316
-933.3 0.998394
-933.1 0.998446
-932.9 0.998513
-932.7 0.998574
-932.5 0.998658
-932.3 0.998719
-932.1 0.998763
-931.9 0.998818
-931.7 0.998865
-931.5 0.998925
-931.3 0.998986
-931.1 0.999036
-930.9 0.999082
-930.7 0.999103
-930.5 0.999152
-930.3 0.999184
-930.1 0.999228
-929.9 0.999268
-929.7 0.999323
-929.5 0.999361
-929.3 0.999381
-929.1 0.99941
-928.9 0.99944
-928.7 0.999486
-928.5 0.999518
-928.3 0.999541
-928.1 0.999564
-927.9 0.999585
-927.7 0.999617
-927.5 0.999634
-927.3 0.999654
-927.1 0.999675
-926.9 0.999707
-926.7 0.999727
-926.5 0.999759
-926.3 0.999765
-926.1 0.999794
-925.9 0.999817
-925.7 0.999826
-925.5 0.99984
-925.3 0.999872
-925.1 0.999881
-924.9 0.999901
-924.7 0.999901
-924.5 0.999907
-924.3 0.999913
-924.1 0.999924
-923.9 0.999933
-923.7 0.999939
-923.5 0.999942
-923.3 0.999948
-923.1 0.999954
-922.9 0.999956
-922.7 0.999968
-922.5 0.999968
-922.3 0.999971
-922.1 0.999977
-921.9 0.99998
-921.7 0.999983
-921.5 0.999985
-921.3 0.999985
-921.1 0.999985
-920.9 0.999988
-920.7 0.999991
-920.5 0.999991
-920.3 0.999991
-920.1 0.999994
-919.9 0.999997
