500
0.001 0.00701686
0.002 0.0140982
0.003 0.0210561
0.004 0.0281124
0.005 0.0351663
0.006 0.0422412
0.007 0.0493308
0.008 0.0564757
0.009 0.0636195
0.01 0.0706011
0.011 0.0776713
0.012 0.0847927
0.013 0.0919864
0.014 0.0990365
0.015 0.106218
0.016 0.113411
0.017 0.120562
0.018 0.127805
0.019 0.134983
0.02 0.142239
0.021 0.149493
0.022 0.156757
0.023 0.164102
0.024 0.171449
0.025 0.178723
0.026 0.185947
0.027 0.193337
0.028 0.200698
0.029 0.208107
0.03 0.215499
0.031 0.222813
0.032 0.230197
0.033 0.237587
0.034 0.244925
0.035 0.252256
0.036 0.259696
0.037 0.267065
0.038 0.274414
0.039 0.281804
0.04 0.289118
0.041 0.296569
0.042 0.303987
0.043 0.311368
0.044 0.318825
0.045 0.326243
0.046 0.333768
0.047 0.341215
0.048 0.348733
0.049 0.356254
0.05 0.36369
0.051 0.371177
0.052 0.378626
0.053 0.386128
0.054 0.393673
0.055 0.401184
0.056 0.4087
0.057 0.416249
0.058 0.423759
0.059 0.431272
0.06 0.438757
0.061 0.446224
0.062 0.453885
0.063 0.461497
0.064 0.469053
0.065 0.476721
0.066 0.484296
0.067 0.491822
0.068 0.499368
0.069 0.506941
0.07 0.514444
0.071 0.522057
0.072 0.529635
0.073 0.537244
0.074 0.544801
0.075 0.55246
0.076 0.559998
0.077 0.567664
0.078 0.575289
0.079 0.582875
0.08 0.590404
0.081 0.597926
0.082 0.605466
0.083 0.612993
0.084 0.62044
0.085 0.627924
0.086 0.635448
0.087 0.642952
0.088 0.650287
0.089 0.65761
0.09 0.664911
0.091 0.672223
0.092 0.679568
0.093 0.686773
0.094 0.694006
0.095 0.701253
0.096 0.708391
0.097 0.715398
0.098 0.722417
0.099 0.729364
0.1 0.736258
0.101 0.743104
0.102 0.749882
0.103 0.756566
0.104 0.763209
0.105 0.769807
0.106 0.776379
0.107 0.78288
0.108 0.789194
0.109 0.79555
0.11 0.801857
0.111 0.807962
0.112 0.814027
0.113 0.819994
0.114 0.825786
0.115 0.831529
0.116 0.837157
0.117 0.842681
0.118 0.848072
0.119 0.853373
0.12 0.858563
0.121 0.863666
0.122 0.868624
0.123 0.873448
0.124 0.878218
0.125 0.882806
0.126 0.887262
0.127 0.891619
0.128 0.895839
0.129 0.899968
0.13 0.903941
0.131 0.907779
0.132 0.911529
0.133 0.915128
0.134 0.918596
0.135 0.921916
0.136 0.925125
0.137 0.928216
0.138 0.931177
0.139 0.93401
0.14 0.93673
0.141 0.93935
0.142 0.941834
0.143 0.94426
0.144 0.946608
0.145 0.948884
0.146 0.951
0.147 0.953068
0.148 0.954975
0.149 0.956843
0.15 0.958662
0.151 0.960381
0.152 0.962005
0.153 0.963579
0.154 0.965119
0.155 0.966531
0.156 0.96795
0.157 0.969242
0.158 0.97051
0.159 0.971738
0.16 0.972897
0.161 0.973999
0.162 0.97506
0.163 0.976063
0.164 0.977017
0.165 0.977948
0.166 0.978854
0.167 0.979722
0.168 0.980541
0.169 0.981331
0.17 0.982063
0.171 0.982781
0.172 0.983464
0.173 0.984129
0.174 0.984752
0.175 0.98535
0.176 0.985894
0.177 0.986454
0.178 0.986984
0.179 0.987483
0.18 0.987993
0.181 0.988448
0.182 0.988897
0.183 0.989327
0.184 0.989745
0.185 0.990136
0.186 0.990502
0.187 0.990861
0.188 0.991199
0.189 0.991522
0.19 0.991831
0.191 0.992141
0.192 0.992448
0.193 0.992721
0.194 0.992978
0.195 0.993238
0.196 0.993476
0.197 0.993714
0.198 0.993933
0.199 0.994142
0.2 0.994338
0.201 0.994547
0.202 0.994726
0.203 0.994914
0.204 0.995086
0.205 0.99525
0.206 0.995411
0.207 0.995567
0.208 0.995716
0.209 0.995855
0.21 0.995998
0.211 0.996116
0.212 0.996241
0.213 0.996372
0.214 0.996484
0.215 0.99659
0.216 0.996699
0.217 0.996804
0.218 0.996905
0.219 0.996994
0.22 0.997085
0.221 0.997177
0.222 0.997259
0.223 0.997346
0.224 0.997432
0.225 0.997513
0.226 0.997593
0.227 0.99767
0.228 0.997737
0.229 0.997796
0.23 0.997865
0.231 0.997927
0.232 0.99799
0.233 0.998057
0.234 0.998119
0.235 0.998175
0.236 0.998228
0.237 0.998283
0.238 0.998334
0.239 0.998391
0.24 0.998443
0.241 0.998494
0.242 0.998539
0.243 0.998581
0.244 0.998624
0.245 0.99866
0.246 0.998703
0.247 0.998741
0.248 0.998783
0.249 0.998819
0.25 0.998851
0.251 0.998889
0.252 0.998923
0.253 0.998951
0.254 0.998987
0.255 0.99902
0.256 0.999054
0.257 0.999078
0.258 0.999103
0.259 0.999131
0.26 0.999155
0.261 0.999179
0.262 0.999201
0.263 0.999227
0.264 0.999251
0.265 0.999279
0.266 0.999298
0.267 0.999316
0.268 0.999339
0.269 0.999355
0.27 0.99937
0.271 0.999389
0.272 0.999407
0.273 0.999427
0.274 0.999443
0.275 0.999457
0.276 0.999477
0.277 0.999494
0.278 0.999511
0.279 0.999523
0.28 0.999537
0.281 0.999552
0.282 0.999562
0.283 0.999574
0.284 0.999584
0.285 0.999594
0.286 0.999605
0.287 0.999618
0.288 0.999628
0.289 0.999638
0.29 0.999647
0.291 0.999655
0.292 0.999666
0.293 0.999678
0.294 0.999687
0.295 0.999699
0.296 0.999707
0.297 0.999711
0.298 0.99972
0.299 0.999725
0.3 0.999736
0.301 0.999745
0.302 0.999751
0.303 0.999757
0.304 0.999764
0.305 0.999774
0.306 0.999779
0.307 0.999785
0.308 0.999792
0.309 0.999795
0.31 0.999802
0.311 0.999807
0.312 0.999814
0.313 0.999821
0.314 0.999827
0.315 0.999831
0.316 0.999834
0.317 0.999837
0.318 0.999843
0.319 0.999846
0.32 0.99985
0.321 0.999852
0.322 0.999856
0.323 0.99986
0.324 0.999863
0.325 0.999865
0.326 0.999867
0.327 0.99987
0.328 0.999873
0.329 0.999878
0.33 0.999879
0.331 0.999882
0.332 0.999885
0.333 0.999889
0.334 0.999891
0.335 0.999896
0.336 0.999898
0.337 0.9999
0.338 0.999905
0.339 0.999906
0.34 0.999908
0.341 0.99991
0.342 0.999913
0.343 0.999915
0.344 0.999917
0.345 0.99992
0.346 0.999922
0.347 0.999925
0.348 0.999926
0.349 0.999929
0.35 0.999931
0.351 0.999932
0.352 0.999935
0.353 0.999937
0.354 0.999939
0.355 0.99994
0.356 0.99994
0.357 0.999942
0.358 0.999944
0.359 0.999945
0.36 0.999947
0.361 0.999948
0.362 0.999949
0.363 0.999951
0.364 0.999953
0.365 0.999953
0.366 0.999955
0.367 0.999956
0.368 0.999958
0.369 0.999959
0.37 0.99996
0.371 0.999961
0.372 0.999963
0.373 0.999964
0.374 0.999965
0.375 0.999966
0.376 0.999968
0.377 0.999968
0.378 0.999968
0.379 0.99997
0.38 0.99997
0.381 0.999971
0.382 0.999971
0.383 0.999971
0.384 0.999972
0.385 0.999972
0.386 0.999973
0.387 0.999974
0.388 0.999975
0.389 0.999975
0.39 0.999976
0.391 0.999976
0.392 0.999976
0.393 0.999977
0.394 0.999978
0.395 0.999978
0.396 0.999979
0.397 0.999979
0.398 0.99998
0.399 0.999981
0.4 0.999981
0.401 0.999981
0.402 0.999981
0.403 0.999982
0.404 0.999982
0.405 0.999982
0.406 0.999982
0.407 0.999983
0.408 0.999983
0.409 0.999984
0.41 0.999985
0.411 0.999985
0.412 0.999985
0.413 0.999985
0.414 0.999986
0.415 0.999986
0.416 0.999986
0.417 0.999986
0.418 0.999987
0.419 0.999987
0.42 0.999988
0.421 0.999988
0.422 0.999988
0.423 0.999989
0.424 0.999989
0.425 0.999989
0.426 0.999989
0.427 0.999989
0.428 0.999989
0.429 0.99999
0.43 0.999991
0.431 0.999991
0.432 0.999992
0.433 0.999992
0.434 0.999992
0.435 0.999992
0.436 0.999992
0.437 0.999992
0.438 0.999992
0.439 0.999993
0.44 0.999993
0.441 0.999993
0.442 0.999993
0.443 0.999993
0.444 0.999993
0.445 0.999994
0.446 0.999994
0.447 0.999994
0.448 0.999994
0.449 0.999994
0.45 0.999994
0.451 0.999994
0.452 0.999995
0.453 0.999995
0.454 0.999995
0.455 0.999995
0.456 0.999995
0.457 0.999995
0.458 0.999996
0.459 0.999996
0.46 0.999996
0.461 0.999996
0.462 0.999996
0.463 0.999996
0.464 0.999996
0.465 0.999996
0.466 0.999997
0.467 0.999997
0.468 0.999997
0.469 0.999997
0.47 0.999997
0.471 0.999997
0.472 0.999998
0.473 0.999998
0.474 0.999998
0.475 0.999998
0.476 0.999998
0.477 0.999998
0.478 0.999999
0.479 0.999999
0.48 0.999999
0.481 0.999999
0.482 0.999999
0.483 0.999999
0.484 0.999999
0.485 0.999999
0.486 0.999999
0.487 0.999999
0.488 1
0.489 1
0.49 1
0.491 1
0.492 1
0.493 1
0.494 1
0.495 1
0.496 1
0.497 1
0.498 1
0.499 1
0.5 1
