1497
-1099.1 4.84004e-05
-1098.9 4.84004e-05
-1098.7 4.84004e-05
-1098.5 4.84004e-05
-1098.3 4.84004e-05
-1098.1 4.84004e-05
-1097.9 4.84004e-05
-1097.7 4.84004e-05
-1097.5 4.84004e-05
-1097.3 4.84004e-05
-1097.1 4.84004e-05
-1096.9 4.84004e-05
-1096.7 4.84004e-05
-1096.5 4.84004e-05
-1096.3 4.84004e-05
-1096.1 4.84004e-05
-1095.9 4.84004e-05
-1095.7 4.84004e-05
-1095.5 4.84004e-05
-1095.3 4.84004e-05
-1095.1 4.84004e-05
-1094.9 4.84004e-05
-1094.7 4.84004e-05
-1094.5 4.84004e-05
-1094.3 4.84004e-05
-1094.1 4.84004e-05
-1093.9 4.84004e-05
-1093.7 4.84004e-05
-1093.5 4.84004e-05
-1093.3 4.84004e-05
-1093.1 4.84004e-05
-1092.9 4.84004e-05
-1092.7 4.84004e-05
-1092.5 4.84004e-05
-1092.3 9.68007e-05
-1092.1 9.68007e-05
-1091.9 9.68007e-05
-1091.7 9.68007e-05
-1091.5 9.68007e-05
-1091.3 9.68007e-05
-1091.1 9.68007e-05
-1090.9 9.68007e-05
-1090.7 9.68007e-05
-1090.5 9.68007e-05
-1090.3 9.68007e-05
-1090.1 9.68007e-05
-1089.9 9.68007e-05
-1089.7 9.68007e-05
-1089.5 9.68007e-05
-1089.3 9.68007e-05
-1089.1 9.68007e-05
-1088.9 9.68007e-05
-1088.7 9.68007e-05
-1088.5 9.68007e-05
-1088.3 9.68007e-05
-1088.1 9.68007e-05
-1087.9 9.68007e-05
-1087.7 9.68007e-05
-1087.5 9.68007e-05
-1087.3 9.68007e-05
-1087.1 9.68007e-05
-1086.9 9.68007e-05
-1086.7 9.68007e-05
-1086.5 9.68007e-05
-1086.3 9.68007e-05
-1086.1 9.68007e-05
-1085.9 9.68007e-05
-1085.7 9.68007e-05
-1085.5 9.68007e-05
-1085.3 9.68007e-05
-1085.1 9.68007e-05
-1084.9 9.68007e-05
-1084.7 9.68007e-05
-1084.5 9.68007e-05
-1084.3 9.68007e-05
-1084.1 9.68007e-05
-1083.9 9.68007e-05
-1083.7 9.68007e-05
-1083.5 9.68007e-05
-1083.3 9.68007e-05
-1083.1 9.68007e-05
-1082.9 9.68007e-05
-1082.7 9.68007e-05
-1082.5 9.68007e-05
-1082.3 9.68007e-05
-1082.1 9.68007e-05
-1081.9 9.68007e-05
-1081.7 9.68007e-05
-1081.5 9.68007e-05
-1081.3 9.68007e-05
-1081.1 9.68007e-05
-1080.9 9.68007e-05
-1080.7 9.68007e-05
-1080.5 9.68007e-05
-1080.3 9.68007e-05
-1080.1 9.68007e-05
-1079.9 9.68007e-05
-1079.7 9.68007e-05
-1079.5 9.68007e-05
-1079.3 9.68007e-05
-1079.1 9.68007e-05
-1078.9 9.68007e-05
-1078.7 9.68007e-05
-1078.5 9.68007e-05
-1078.3 9.68007e-05
-1078.1 9.68007e-05
-1077.9 9.68007e-05
-1077.7 9.68007e-05
-1077.5 9.68007e-05
-1077.3 9.68007e-05
-1077.1 9.68007e-05
-1076.9 9.68007e-05
-1076.7 9.68007e-05
-1076.5 9.68007e-05
-1076.3 9.68007e-05
-1076.1 9.68007e-05
-1075.9 9.68007e-05
-1075.7 9.68007e-05
-1075.5 9.68007e-05
-1075.3 9.68007e-05
-1075.1 9.68007e-05
-1074.9 0.000145201
-1074.7 0.000145201
-1074.5 0.000145201
-1074.3 0.000145201
-1074.1 0.000145201
-1073.9 0.000145201
-1073.7 0.000145201
-1073.5 0.000145201
-1073.3 0.000145201
-1073.1 0.000145201
-1072.9 0.000145201
-1072.7 0.000145201
-1072.5 0.000145201
-1072.3 0.000145201
-1072.1 0.000145201
-1071.9 0.000145201
-1071.7 0.000145201
-1071.5 0.000145201
-1071.3 0.000145201
-1071.1 0.000145201
-1070.9 0.000145201
-1070.7 0.000145201
-1070.5 0.000145201
-1070.3 0.000145201
-1070.1 0.000145201
-1069.9 0.000145201
-1069.7 0.000145201
-1069.5 0.000145201
-1069.3 0.000145201
-1069.1 0.000145201
-1068.9 0.000145201
-1068.7 0.000145201
-1068.5 0.000145201
-1068.3 0.000145201
-1068.1 0.000145201
-1067.9 0.000145201
-1067.7 0.000145201
-1067.5 0.000145201
-1067.3 0.000145201
-1067.1 0.000145201
-1066.9 0.000145201
-1066.7 0.000145201
-1066.5 0.000145201
-1066.3 0.000145201
-1066.1 0.000145201
-1065.9 0.000145201
-1065.7 0.000145201
-1065.5 0.000145201
-1065.3 0.000145201
-1065.1 0.000145201
-1064.9 0.000145201
-1064.7 0.000145201
-1064.5 0.000145201
-1064.3 0.000145201
-1064.1 0.000145201
-1063.9 0.000145201
-1063.7 0.000145201
-1063.5 0.000145201
-1063.3 0.000145201
-1063.1 0.000145201
-1062.9 0.000145201
-1062.7 0.000145201
-1062.5 0.000145201
-1062.3 0.000145201
-1062.1 0.000145201
-1061.9 0.000145201
-1061.7 0.000145201
-1061.5 0.000145201
-1061.3 0.000145201
-1061.1 0.000145201
-1060.9 0.000145201
-1060.7 0.000145201
-1060.5 0.000145201
-1060.3 0.000145201
-1060.1 0.000145201
-1059.9 0.000145201
-1059.7 0.000145201
-1059.5 0.000145201
-1059.3 0.000145201
-1059.1 0.000145201
-1058.9 0.000145201
-1058.7 0.000145201
-1058.5 0.000145201
-1058.3 0.000145201
-1058.1 0.000145201
-1057.9 0.000145201
-1057.7 0.000145201
-1057.5 0.000145201
-1057.3 0.000145201
-1057.1 0.000145201
-1056.9 0.000145201
-1056.7 0.000145201
-1056.5 0.000145201
-1056.3 0.000145201
-1056.1 0.000145201
-1055.9 0.000145201
-1055.7 0.000145201
-1055.5 0.000145201
-1055.3 0.000145201
-1055.1 0.000145201
-1054.9 0.000145201
-1054.7 0.000145201
-1054.5 0.000145201
-1054.3 0.000145201
-1054.1 0.000145201
-1053.9 0.000145201
-1053.7 0.000145201
-1053.5 0.000145201
-1053.3 0.000145201
-1053.1 0.000145201
-1052.9 0.000145201
-1052.7 0.000145201
-1052.5 0.000145201
-1052.3 0.000145201
-1052.1 0.000145201
-1051.9 0.000145201
-1051.7 0.000145201
-1051.5 0.000145201
-1051.3 0.000145201
-1051.1 0.000145201
-1050.9 0.000145201
-1050.7 0.000145201
-1050.5 0.000145201
-1050.3 0.000145201
-1050.1 0.000145201
-1049.9 0.000145201
-1049.7 0.000145201
-1049.5 0.000145201
-1049.3 0.000145201
-1049.1 0.000145201
-1048.9 0.000145201
-1048.7 0.000145201
-1048.5 0.000145201
-1048.3 0.000145201
-1048.1 0.000145201
-1047.9 0.000145201
-1047.7 0.000145201
-1047.5 0.000145201
-1047.3 0.000145201
-1047.1 0.000145201
-1046.9 0.000145201
-1046.7 0.000145201
-1046.5 0.000145201
-1046.3 0.000145201
-1046.1 0.000145201
-1045.9 0.000145201
-1045.7 0.000145201
-1045.5 0.000145201
-1045.3 0.000145201
-1045.1 0.000145201
-1044.9 0.000145201
-1044.7 0.000145201
-1044.5 0.000145201
-1044.3 0.000145201
-1044.1 0.000145201
-1043.9 0.000145201
-1043.7 0.000145201
-1043.5 0.000145201
-1043.3 0.000145201
-1043.1 0.000145201
-1042.9 0.000145201
-1042.7 0.000145201
-1042.5 0.000145201
-1042.3 0.000145201
-1042.1 0.000145201
-1041.9 0.000145201
-1041.7 0.000145201
-1041.5 0.000145201
-1041.3 0.000145201
-1041.1 0.000145201
-1040.9 0.000145201
-1040.7 0.000145201
-1040.5 0.000145201
-1040.3 0.000145201
-1040.1 0.000145201
-1039.9 0.000145201
-1039.7 0.000145201
-1039.5 0.000145201
-1039.3 0.000145201
-1039.1 0.000145201
-1038.9 0.000145201
-1038.7 0.000145201
-1038.5 0.000145201
-1038.3 0.000145201
-1038.1 0.000145201
-1037.9 0.000145201
-1037.7 0.000145201
-1037.5 0.000145201
-1037.3 0.000145201
-1037.1 0.000145201
-1036.9 0.000145201
-1036.7 0.000145201
-1036.5 0.000145201
-1036.3 0.000145201
-1036.1 0.000145201
-1035.9 0.000145201
-1035.7 0.000145201
-1035.5 0.000145201
-1035.3 0.000145201
-1035.1 0.000145201
-1034.9 0.000145201
-1034.7 0.000145201
-1034.5 0.000145201
-1034.3 0.000145201
-1034.1 0.000145201
-1033.9 0.000145201
-1033.7 0.000145201
-1033.5 0.000145201
-1033.3 0.000145201
-1033.1 0.000145201
-1032.9 0.000145201
-1032.7 0.000145201
-1032.5 0.000145201
-1032.3 0.000145201
-1032.1 0.000145201
-1031.9 0.000145201
-1031.7 0.000145201
-1031.5 0.000145201
-1031.3 0.000145201
-1031.1 0.000145201
-1030.9 0.000145201
-1030.7 0.000145201
-1030.5 0.000145201
-1030.3 0.000145201
-1030.1 0.000145201
-1029.9 0.000145201
-1029.7 0.000145201
-1029.5 0.000145201
-1029.3 0.000145201
-1029.1 0.000193601
-1028.9 0.000193601
-1028.7 0.000193601
-1028.5 0.000193601
-1028.3 0.000193601
-1028.1 0.000193601
-1027.9 0.000193601
-1027.7 0.000193601
-1027.5 0.000193601
-1027.3 0.000193601
-1027.1 0.000193601
-1026.9 0.000193601
-1026.7 0.000193601
-1026.5 0.000193601
-1026.3 0.000193601
-1026.1 0.000193601
-1025.9 0.000193601
-1025.7 0.000193601
-1025.5 0.000193601
-1025.3 0.000193601
-1025.1 0.000193601
-1024.9 0.000193601
-1024.7 0.000193601
-1024.5 0.000193601
-1024.3 0.000193601
-1024.1 0.000193601
-1023.9 0.000193601
-1023.7 0.000193601
-1023.5 0.000193601
-1023.3 0.000193601
-1023.1 0.000193601
-1022.9 0.000193601
-1022.7 0.000193601
-1022.5 0.000193601
-1022.3 0.000242002
-1022.1 0.000242002
-1021.9 0.000242002
-1021.7 0.000242002
-1021.5 0.000242002
-1021.3 0.000242002
-1021.1 0.000242002
-1020.9 0.000242002
-1020.7 0.000242002
-1020.5 0.000242002
-1020.3 0.000242002
-1020.1 0.000242002
-1019.9 0.000242002
-1019.7 0.000242002
-1019.5 0.000242002
-1019.3 0.000242002
-1019.1 0.000242002
-1018.9 0.000290402
-1018.7 0.000290402
-1018.5 0.000290402
-1018.3 0.000290402
-1018.1 0.000290402
-1017.9 0.000290402
-1017.7 0.000290402
-1017.5 0.000290402
-1017.3 0.000290402
-1017.1 0.000290402
-1016.9 0.000290402
-1016.7 0.000290402
-1016.5 0.000290402
-1016.3 0.000290402
-1016.1 0.000290402
-1015.9 0.000290402
-1015.7 0.000290402
-1015.5 0.000338803
-1015.3 0.000338803
-1015.1 0.000338803
-1014.9 0.000338803
-1014.7 0.000338803
-1014.5 0.000338803
-1014.3 0.000338803
-1014.1 0.000338803
-1013.9 0.000338803
-1013.7 0.000338803
-1013.5 0.000338803
-1013.3 0.000338803
-1013.1 0.000338803
-1012.9 0.000338803
-1012.7 0.000338803
-1012.5 0.000338803
-1012.3 0.000338803
-1012.1 0.000338803
-1011.9 0.000338803
-1011.7 0.000338803
-1011.5 0.000338803
-1011.3 0.000338803
-1011.1 0.000338803
-1010.9 0.000338803
-1010.7 0.000338803
-1010.5 0.000338803
-1010.3 0.000338803
-1010.1 0.000338803
-1009.9 0.000338803
-1009.7 0.000338803
-1009.5 0.000338803
-1009.3 0.000338803
-1009.1 0.000338803
-1008.9 0.000338803
-1008.7 0.000338803
-1008.5 0.000338803
-1008.3 0.000338803
-1008.1 0.000338803
-1007.9 0.000338803
-1007.7 0.000338803
-1007.5 0.000338803
-1007.3 0.000338803
-1007.1 0.000338803
-1006.9 0.000338803
-1006.7 0.000338803
-1006.5 0.000338803
-1006.3 0.000338803
-1006.1 0.000338803
-1005.9 0.000338803
-1005.7 0.000338803
-1005.5 0.000338803
-1005.3 0.000338803
-1005.1 0.000338803
-1004.9 0.000338803
-1004.7 0.000338803
-1004.5 0.000338803
-1004.3 0.000338803
-1004.1 0.000338803
-1003.9 0.000338803
-1003.7 0.000338803
-1003.5 0.000338803
-1003.3 0.000338803
-1003.1 0.000338803
-1002.9 0.000338803
-1002.7 0.000338803
-1002.5 0.000338803
-1002.3 0.000338803
-1002.1 0.000338803
-1001.9 0.000338803
-1001.7 0.000338803
-1001.5 0.000338803
-1001.3 0.000338803
-1001.1 0.000338803
-1000.9 0.000338803
-1000.7 0.000338803
-1000.5 0.000338803
-1000.3 0.000338803
-1000.1 0.000338803
-999.9 0.000338803
-999.7 0.000338803
-999.5 0.000338803
-999.3 0.000338803
-999.1 0.000338803
-998.9 0.000338803
-998.7 0.000338803
-998.5 0.000338803
-998.3 0.000338803
-998.1 0.000338803
-997.9 0.000338803
-997.7 0.000387203
-997.5 0.000387203
-997.3 0.000387203
-997.1 0.000387203
-996.9 0.000387203
-996.7 0.000387203
-996.5 0.000387203
-996.3 0.000387203
-996.1 0.000435603
-995.9 0.000435603
-995.7 0.000484004
-995.5 0.000484004
-995.3 0.000532404
-995.1 0.000532404
-994.9 0.000532404
-994.7 0.000580804
-994.5 0.000580804
-994.3 0.000726006
-994.1 0.000726006
-993.9 0.000774406
-993.7 0.000774406
-993.5 0.000774406
-993.3 0.000822806
-993.1 0.000822806
-992.9 0.000919607
-992.7 0.000968007
-992.5 0.00101641
-992.3 0.00101641
-992.1 0.00106481
-991.9 0.00106481
-991.7 0.00106481
-991.5 0.00116161
-991.3 0.00135521
-991.1 0.00145201
-990.9 0.00159721
-990.7 0.00174241
-990.5 0.00183921
-990.3 0.00193601
-990.1 0.00198442
-989.9 0.00198442
-989.7 0.00198442
-989.5 0.00227482
-989.3 0.00232322
-989.1 0.00246842
-988.9 0.00256522
-988.7 0.00261362
-988.5 0.00271042
-988.3 0.00285562
-988.1 0.00295242
-987.9 0.00309762
-987.7 0.00314602
-987.5 0.00324282
-987.3 0.00329123
-987.1 0.00338803
-986.9 0.00348483
-986.7 0.00367843
-986.5 0.00372683
-986.3 0.00372683
-986.1 0.00392043
-985.9 0.00396883
-985.7 0.00416243
-985.5 0.00421083
-985.3 0.00421083
-985.1 0.00454963
-984.9 0.00469484
-984.7 0.00479164
-984.5 0.00484004
-984.3 0.00498524
-984.1 0.00522724
-983.9 0.00527564
-983.7 0.00546924
-983.5 0.00566284
-983.3 0.00575964
-983.1 0.00580804
-982.9 0.00590484
-982.7 0.00609845
-982.5 0.00619525
-982.3 0.00648565
-982.1 0.00667925
-981.9 0.00696965
-981.7 0.00701805
-981.5 0.00740526
-981.3 0.00759886
-981.1 0.00793766
-980.9 0.00832486
-980.7 0.00866367
-980.5 0.00885727
-980.3 0.00924447
-980.1 0.00934127
-979.9 0.00963167
-979.7 0.0100189
-979.5 0.0103577
-979.3 0.0106965
-979.1 0.0113741
-978.9 0.0115193
-978.7 0.0121001
-978.5 0.0125357
-978.3 0.0128745
-978.1 0.0132133
-977.9 0.0136005
-977.7 0.0137941
-977.5 0.0142781
-977.3 0.0145201
-977.1 0.0148589
-976.9 0.0152945
-976.7 0.0156817
-976.5 0.0159721
-976.3 0.0166013
-976.1 0.0169401
-975.9 0.0173273
-975.7 0.0178113
-975.5 0.0184405
-975.3 0.0190697
-975.1 0.0195537
-974.9 0.0199894
-974.7 0.0203766
-974.5 0.0209574
-974.3 0.0212962
-974.1 0.0218286
-973.9 0.022361
-973.7 0.023087
-973.5 0.0236194
-973.3 0.024539
-973.1 0.0250714
-972.9 0.025749
-972.7 0.0262814
-972.5 0.0271042
-972.3 0.027685
-972.1 0.0282658
-971.9 0.0288466
-971.7 0.0294758
-971.5 0.030105
-971.3 0.0307826
-971.1 0.0314602
-970.9 0.0321862
-970.7 0.032767
-970.5 0.0333479
-970.3 0.0340739
-970.1 0.0344611
-969.9 0.0354775
-969.7 0.0364939
-969.5 0.0375103
-969.3 0.0383331
-969.1 0.0389139
-968.9 0.0399787
-968.7 0.0408499
-968.5 0.0416727
-968.3 0.0426891
-968.1 0.0435603
-967.9 0.0440443
-967.7 0.0452059
-967.5 0.046416
-967.3 0.0478196
-967.1 0.04932
-966.9 0.0504332
-966.7 0.0509656
-966.5 0.0521756
-966.3 0.0529984
-966.1 0.0537728
-965.9 0.0549828
-965.7 0.0559992
-965.5 0.0572092
-965.3 0.058516
-965.1 0.0597261
-964.9 0.0613717
-964.7 0.0627753
-964.5 0.0636465
-964.3 0.0648081
-964.1 0.0659697
-963.9 0.0676153
-963.7 0.0688253
-963.5 0.0702773
-963.3 0.0720197
-963.1 0.0729878
-962.9 0.0748754
-962.7 0.076521
-962.5 0.0779246
-962.3 0.0793766
-962.1 0.0815546
-961.9 0.0834906
-961.7 0.085475
-961.5 0.0871207
-961.3 0.0892019
-961.1 0.0911379
-960.9 0.0926383
-960.7 0.0948647
-960.5 0.0965103
-960.3 0.0981075
-960.1 0.0995112
-959.9 0.101496
-959.7 0.10319
-959.5 0.105658
-959.3 0.107546
-959.1 0.109336
-958.9 0.111466
-958.7 0.113015
-958.5 0.114902
-958.3 0.116838
-958.1 0.119549
-957.9 0.122017
-957.7 0.123711
-957.5 0.12618
-957.3 0.128406
-957.1 0.130923
-956.9 0.133053
-956.7 0.13465
-956.5 0.136634
-956.3 0.138086
-956.1 0.139635
-955.9 0.141813
-955.7 0.144862
-955.5 0.146653
-955.3 0.149412
-955.1 0.152364
-954.9 0.154784
-954.7 0.156866
-954.5 0.159044
-954.3 0.161706
-954.1 0.163642
-953.9 0.166062
-953.7 0.168627
-953.5 0.171337
-953.3 0.174193
-953.1 0.176516
-952.9 0.179759
-952.7 0.182179
-952.5 0.184599
-952.3 0.187213
-952.1 0.190165
-951.9 0.192585
-951.7 0.196021
-951.5 0.198345
-951.3 0.201684
-951.1 0.204976
-950.9 0.207541
-950.7 0.2103
-950.5 0.213639
-950.3 0.216011
-950.1 0.21814
-949.9 0.221044
-949.7 0.223271
-949.5 0.225788
-949.3 0.228353
-949.1 0.231257
-948.9 0.234161
-948.7 0.236726
-948.5 0.239146
-948.3 0.241469
-948.1 0.244519
-947.9 0.246987
-947.7 0.249891
-947.5 0.253618
-947.3 0.256232
-947.1 0.258942
-946.9 0.261701
-946.7 0.264798
-946.5 0.267509
-946.3 0.270171
-946.1 0.272833
-945.9 0.275688
-945.7 0.278883
-945.5 0.2814
-945.3 0.283917
-945.1 0.287014
-944.9 0.28987
-944.7 0.292532
-944.5 0.296065
-944.3 0.299405
-944.1 0.302599
-943.9 0.305552
-943.7 0.308214
-943.5 0.311166
-943.3 0.314312
-943.1 0.317168
-942.9 0.320798
-942.7 0.323653
-942.5 0.326412
-942.3 0.329413
-942.1 0.332123
-941.9 0.33464
-941.7 0.337883
-941.5 0.340884
-941.3 0.34403
-941.1 0.346595
-940.9 0.349838
-940.7 0.352548
-940.5 0.355404
-940.3 0.358453
-940.1 0.36126
-939.9 0.364406
-939.7 0.367407
-939.5 0.36973
-939.3 0.372102
-939.1 0.374474
-938.9 0.37699
-938.7 0.379072
-938.5 0.381976
-938.3 0.384251
-938.1 0.387348
-937.9 0.390494
-937.7 0.393253
-937.5 0.396544
-937.3 0.398722
-937.1 0.401723
-936.9 0.403901
-936.7 0.405885
-936.5 0.407773
-936.3 0.410726
-936.1 0.412855
-935.9 0.415662
-935.7 0.41876
-935.5 0.421422
-935.3 0.423552
-935.1 0.425875
-934.9 0.428682
-934.7 0.431344
-934.5 0.433909
-934.3 0.436813
-934.1 0.439572
-933.9 0.442573
-933.7 0.444848
-933.5 0.4478
-933.3 0.450849
-933.1 0.45356
-932.9 0.455399
-932.7 0.458061
-932.5 0.460868
-932.3 0.46353
-932.1 0.465612
-931.9 0.468032
-931.7 0.471565
-931.5 0.474469
-931.3 0.476937
-931.1 0.479454
-930.9 0.482213
-930.7 0.484584
-930.5 0.486424
-930.3 0.489134
-930.1 0.491457
-929.9 0.494361
-929.7 0.496249
-929.5 0.498959
-929.3 0.501137
-929.1 0.503364
-928.9 0.505881
-928.7 0.508446
-928.5 0.510382
-928.3 0.512899
-928.1 0.515658
-927.9 0.517787
-927.7 0.520401
-927.5 0.522627
-927.3 0.524999
-927.1 0.527516
-926.9 0.530226
-926.7 0.53192
-926.5 0.534727
-926.3 0.537631
-926.1 0.539906
-925.9 0.542471
-925.7 0.544698
-925.5 0.547408
-925.3 0.549635
-925.1 0.551958
-924.9 0.553603
-924.7 0.556217
-924.5 0.558492
-924.3 0.560089
-924.1 0.562364
-923.9 0.565026
-923.7 0.567204
-923.5 0.569527
-923.3 0.571512
-923.1 0.57398
-922.9 0.576061
-922.7 0.578626
-922.5 0.581676
-922.3 0.583902
-922.1 0.58637
-921.9 0.588306
-921.7 0.59063
-921.5 0.593534
-921.3 0.595857
-921.1 0.598035
-920.9 0.600503
-920.7 0.602536
-920.5 0.605053
-920.3 0.607328
-920.1 0.609699
-919.9 0.612071
-919.7 0.614781
-919.5 0.617056
-919.3 0.619622
-919.1 0.621461
-918.9 0.623058
-918.7 0.625672
-918.5 0.627704
-918.3 0.629931
-918.1 0.632448
-917.9 0.6339
-917.7 0.636223
-917.5 0.638304
-917.3 0.640143
-917.1 0.642273
-916.9 0.644209
-916.7 0.646387
-916.5 0.648129
-916.3 0.649969
-916.1 0.651517
-915.9 0.653792
-915.7 0.655583
-915.5 0.658003
-915.3 0.660375
-915.1 0.662165
-914.9 0.663956
-914.7 0.666763
-914.5 0.668554
-914.3 0.670684
-914.1 0.672572
-913.9 0.674072
-913.7 0.675234
-913.5 0.67746
-913.3 0.678864
-913.1 0.680364
-912.9 0.68201
-912.7 0.683462
-912.5 0.685591
-912.3 0.688156
-912.1 0.689899
-911.9 0.69198
-911.7 0.694061
-911.5 0.696046
-911.3 0.697837
-911.1 0.699627
-910.9 0.702047
-910.7 0.704274
-910.5 0.705919
-910.3 0.708001
-910.1 0.709598
-909.9 0.71134
-909.7 0.713615
-909.5 0.715261
-909.3 0.717245
-909.1 0.719181
-908.9 0.720827
-908.7 0.722763
-908.5 0.724554
-908.3 0.726151
-908.1 0.728087
-907.9 0.729636
-907.7 0.731572
-907.5 0.732975
-907.3 0.735105
-907.1 0.736654
-906.9 0.738251
-906.7 0.740332
-906.5 0.742268
-906.3 0.743526
-906.1 0.744978
-905.9 0.746963
-905.7 0.748947
-905.5 0.750883
-905.3 0.752626
-905.1 0.754223
-904.9 0.755869
-904.7 0.757853
-904.5 0.759499
-904.3 0.761047
-904.1 0.762354
-903.9 0.763903
-903.7 0.765452
-903.5 0.767485
-903.3 0.769033
-903.1 0.770873
-902.9 0.771889
-902.7 0.773535
-902.5 0.774987
-902.3 0.776342
-902.1 0.777939
-901.9 0.779488
-901.7 0.781424
-901.5 0.782731
-901.3 0.783941
-901.1 0.785393
-900.9 0.786603
-900.7 0.788055
-900.5 0.78912
-900.3 0.790378
-900.1 0.791782
-899.9 0.793572
-899.7 0.794395
-899.5 0.795944
-899.3 0.797299
-899.1 0.79909
-898.9 0.800348
-898.7 0.801558
-898.5 0.802817
-898.3 0.803882
-898.1 0.804898
-897.9 0.806495
-897.7 0.80756
-897.5 0.808673
-897.3 0.809932
-897.1 0.811093
-896.9 0.812207
-896.7 0.813513
-896.5 0.815014
-896.3 0.816224
-896.1 0.81724
-895.9 0.818547
-895.7 0.81966
-895.5 0.82087
-895.3 0.822516
-895.1 0.823823
-894.9 0.82542
-894.7 0.826823
-894.5 0.827888
-894.3 0.829244
-894.1 0.830454
-893.9 0.83147
-893.7 0.83268
-893.5 0.833793
-893.3 0.835197
-893.1 0.835874
-892.9 0.83723
-892.7 0.838294
-892.5 0.839504
-892.3 0.840666
-892.1 0.842021
-891.9 0.843231
-891.7 0.84449
-891.5 0.845942
-891.3 0.847297
-891.1 0.84841
-890.9 0.849668
-890.7 0.850685
-890.5 0.851895
-890.3 0.852621
-890.1 0.854073
-889.9 0.854992
-889.7 0.855815
-889.5 0.85659
-889.3 0.857606
-889.1 0.858381
-888.9 0.859494
-888.7 0.860946
-888.5 0.862156
-888.3 0.863463
-888.1 0.864527
-887.9 0.865931
-887.7 0.866754
-887.5 0.867577
-887.3 0.868593
-887.1 0.869851
-886.9 0.87111
-886.7 0.871933
-886.5 0.873143
-886.3 0.873917
-886.1 0.875224
-885.9 0.876482
-885.7 0.877353
-885.5 0.878418
-885.3 0.879096
-885.1 0.879967
-884.9 0.880645
-884.7 0.881952
-884.5 0.882823
-884.3 0.883694
-884.1 0.884517
-883.9 0.885388
-883.7 0.88655
-883.5 0.887372
-883.3 0.88805
-883.1 0.888921
-882.9 0.889744
-882.7 0.890809
-882.5 0.891728
-882.3 0.892551
-882.1 0.893568
-881.9 0.894536
-881.7 0.89531
-881.5 0.895891
-881.3 0.896665
-881.1 0.898117
-880.9 0.898698
-880.7 0.899279
-880.5 0.900102
-880.3 0.900731
-880.1 0.90165
-879.9 0.902425
-879.7 0.903538
-879.5 0.904216
-879.3 0.90499
-879.1 0.905377
-878.9 0.906055
-878.7 0.907023
-878.5 0.907604
-878.3 0.908281
-878.1 0.909153
-877.9 0.909927
-877.7 0.910459
-877.5 0.911331
-877.3 0.912057
-877.1 0.912879
-876.9 0.913412
-876.7 0.914331
-876.5 0.915299
-876.3 0.915977
-876.1 0.916606
-875.9 0.917526
-875.7 0.918155
-875.5 0.918784
-875.3 0.919704
-875.1 0.920575
-874.9 0.920865
-874.7 0.922027
-874.5 0.922559
-874.3 0.92314
-874.1 0.923673
-873.9 0.924011
-873.7 0.924641
-873.5 0.925512
-873.3 0.926044
-873.1 0.92648
-872.9 0.927157
-872.7 0.927883
-872.5 0.928706
-872.3 0.929287
-872.1 0.930207
-871.9 0.931175
-871.7 0.931562
-871.5 0.932288
-871.3 0.932917
-871.1 0.933256
-870.9 0.933643
-870.7 0.934321
-870.5 0.93495
-870.3 0.935386
-870.1 0.935773
-869.9 0.936402
-869.7 0.936886
-869.5 0.937273
-869.3 0.937902
-869.1 0.938338
-868.9 0.93858
-868.7 0.939016
-868.5 0.9395
-868.3 0.940032
-868.1 0.940419
-867.9 0.941048
-867.7 0.941436
-867.5 0.941871
-867.3 0.942258
-867.1 0.942839
-866.9 0.943372
-866.7 0.943807
-866.5 0.944533
-866.3 0.945017
-866.1 0.945501
-865.9 0.945937
-865.7 0.946276
-865.5 0.946856
-865.3 0.94734
-865.1 0.947679
-864.9 0.948115
-864.7 0.948454
-864.5 0.948647
-864.3 0.949083
-864.1 0.94947
-863.9 0.949857
-863.7 0.95039
-863.5 0.95068
-863.3 0.951019
-863.1 0.951358
-862.9 0.951696
-862.7 0.952035
-862.5 0.952374
-862.3 0.952858
-862.1 0.953294
-861.9 0.953778
-861.7 0.954116
-861.5 0.954262
-861.3 0.954649
-861.1 0.954842
-860.9 0.955326
-860.7 0.95552
-860.5 0.956004
-860.3 0.956488
-860.1 0.956875
-859.9 0.957117
-859.7 0.957504
-859.5 0.95794
-859.3 0.958327
-859.1 0.958811
-858.9 0.959053
-858.7 0.959634
-858.5 0.959973
-858.3 0.960651
-858.1 0.960893
-857.9 0.961086
-857.7 0.961522
-857.5 0.961909
-857.3 0.962296
-857.1 0.96249
-856.9 0.962925
-856.7 0.963216
-856.5 0.963458
-856.3 0.963748
-856.1 0.963893
-855.9 0.964087
-855.7 0.964281
-855.5 0.964474
-855.3 0.96491
-855.1 0.965055
-854.9 0.965249
-854.7 0.965587
-854.5 0.966071
-854.3 0.966313
-854.1 0.966797
-853.9 0.966991
-853.7 0.967185
-853.5 0.967378
-853.3 0.967765
-853.1 0.967959
-852.9 0.968249
-852.7 0.968491
-852.5 0.968782
-852.3 0.968927
-852.1 0.968975
-851.9 0.969169
-851.7 0.969459
-851.5 0.969701
-851.3 0.97004
-851.1 0.970331
-850.9 0.970815
-850.7 0.97096
-850.5 0.971153
-850.3 0.971202
-850.1 0.971395
-849.9 0.971686
-849.7 0.972073
-849.5 0.972412
-849.3 0.972702
-849.1 0.972993
-848.9 0.973041
-848.7 0.97338
-848.5 0.973622
-848.3 0.973912
-848.1 0.974106
-847.9 0.974396
-847.7 0.974687
-847.5 0.975025
-847.3 0.975267
-847.1 0.975413
-846.9 0.975655
-846.7 0.975703
-846.5 0.976042
-846.3 0.976187
-846.1 0.976332
-845.9 0.976526
-845.7 0.976865
-845.5 0.977058
-845.3 0.977252
-845.1 0.977349
-844.9 0.977639
-844.7 0.977978
-844.5 0.978171
-844.3 0.97822
-844.1 0.97851
-843.9 0.978752
-843.7 0.978994
-843.5 0.979091
-843.3 0.979236
-843.1 0.979381
-842.9 0.979623
-842.7 0.979817
-842.5 0.979865
-842.3 0.980156
-842.1 0.980349
-841.9 0.980398
-841.7 0.980737
-841.5 0.980882
-841.3 0.980979
-841.1 0.981172
-840.9 0.981221
-840.7 0.981317
-840.5 0.981463
-840.3 0.981753
-840.1 0.981801
-839.9 0.98185
-839.7 0.981995
-839.5 0.98214
-839.3 0.982285
-839.1 0.982479
-838.9 0.982673
-838.7 0.983108
-838.5 0.983302
-838.3 0.983447
-838.1 0.983592
-837.9 0.983834
-837.7 0.983931
-837.5 0.983931
-837.3 0.984125
-837.1 0.984221
-836.9 0.984221
-836.7 0.984318
-836.5 0.98456
-836.3 0.984657
-836.1 0.984705
-835.9 0.984705
-835.7 0.984802
-835.5 0.984947
-835.3 0.984947
-835.1 0.984996
-834.9 0.985093
-834.7 0.985189
-834.5 0.985383
-834.3 0.985383
-834.1 0.985722
-833.9 0.985915
-833.7 0.986109
-833.5 0.986157
-833.3 0.986303
-833.1 0.986496
-832.9 0.986884
-832.7 0.986932
-832.5 0.987174
-832.3 0.987271
-832.1 0.987416
-831.9 0.987513
-831.7 0.987706
-831.5 0.987803
-831.3 0.987852
-831.1 0.9879
-830.9 0.988094
-830.7 0.98819
-830.5 0.988336
-830.3 0.988336
-830.1 0.988432
-829.9 0.988529
-829.7 0.988626
-829.5 0.988868
-829.3 0.989013
-829.1 0.989158
-828.9 0.989207
-828.7 0.989352
-828.5 0.989449
-828.3 0.989497
-828.1 0.989642
-827.9 0.989788
-827.7 0.989981
-827.5 0.990078
-827.3 0.99032
-827.1 0.990417
-826.9 0.990562
-826.7 0.990562
-826.5 0.990804
-826.3 0.990804
-826.1 0.990998
-825.9 0.991046
-825.7 0.991191
-825.5 0.991288
-825.3 0.991385
-825.1 0.991433
-824.9 0.991482
-824.7 0.991627
-824.5 0.991772
-824.3 0.992062
-824.1 0.992159
-823.9 0.992256
-823.7 0.992304
-823.5 0.992353
-823.3 0.99245
-823.1 0.992498
-822.9 0.992546
-822.7 0.992643
-822.5 0.992692
-822.3 0.992692
-822.1 0.992788
-821.9 0.993176
-821.7 0.993224
-821.5 0.993369
-821.3 0.993514
-821.1 0.993563
-820.9 0.993611
-820.7 0.99366
-820.5 0.993805
-820.3 0.993853
-820.1 0.993902
-819.9 0.994047
-819.7 0.994192
-819.5 0.994289
-819.3 0.994337
-819.1 0.994482
-818.9 0.994676
-818.7 0.994821
-818.5 0.994821
-818.3 0.99487
-818.1 0.994918
-817.9 0.994966
-817.7 0.995015
-817.5 0.995015
-817.3 0.995063
-817.1 0.995112
-816.9 0.995208
-816.7 0.995208
-816.5 0.995257
-816.3 0.995305
-816.1 0.995354
-815.9 0.995354
-815.7 0.99545
-815.5 0.995499
-815.3 0.995547
-815.1 0.995789
-814.9 0.995934
-814.7 0.995983
-814.5 0.99608
-814.3 0.996176
-814.1 0.996322
-813.9 0.996322
-813.7 0.99637
-813.5 0.996467
-813.3 0.996612
-813.1 0.99666
-812.9 0.996709
-812.7 0.996806
-812.5 0.996854
-812.3 0.996854
-812.1 0.996854
-811.9 0.996951
-811.7 0.996951
-811.5 0.997048
-811.3 0.997144
-811.1 0.997193
-810.9 0.997193
-810.7 0.997193
-810.5 0.997193
-810.3 0.997193
-810.1 0.997193
-809.9 0.997241
-809.7 0.997338
-809.5 0.997386
-809.3 0.997483
-809.1 0.997628
-808.9 0.997725
-808.7 0.997725
-808.5 0.997725
-808.3 0.997822
-808.1 0.99787
-807.9 0.99787
-807.7 0.998016
-807.5 0.998112
-807.3 0.998112
-807.1 0.998161
-806.9 0.998161
-806.7 0.998161
-806.5 0.998306
-806.3 0.998403
-806.1 0.998548
-805.9 0.998645
-805.7 0.998693
-805.5 0.998742
-805.3 0.998742
-805.1 0.998742
-804.9 0.998742
-804.7 0.99879
-804.5 0.998935
-804.3 0.99908
-804.1 0.999129
-803.9 0.999129
-803.7 0.999129
-803.5 0.999177
-803.3 0.999226
-803.1 0.999322
-802.9 0.999371
-802.7 0.999419
-802.5 0.999419
-802.3 0.999468
-802.1 0.999468
-801.9 0.999516
-801.7 0.999564
-801.5 0.99971
-801.3 0.999758
-801.1 0.999758
-800.9 0.999758
-800.7 0.999806
-800.5 0.999903
-800.3 0.999952
-800.1 0.999952
-799.9 1
