1100
2017.9 2.58391e-05
2018.1 2.58391e-05
2018.3 2.58391e-05
2018.5 2.58391e-05
2018.7 2.58391e-05
2018.9 2.58391e-05
2019.1 2.58391e-05
2019.3 2.58391e-05
2019.5 2.58391e-05
2019.7 2.58391e-05
2019.9 2.58391e-05
2020.1 2.58391e-05
2020.3 2.58391e-05
2020.5 2.58391e-05
2020.7 2.58391e-05
2020.9 2.58391e-05
2021.1 2.58391e-05
2021.3 2.58391e-05
2021.5 2.58391e-05
2021.7 2.58391e-05
2021.9 2.58391e-05
2022.1 2.58391e-05
2022.3 2.58391e-05
2022.5 2.58391e-05
2022.7 5.16783e-05
2022.9 5.16783e-05
2023.1 5.16783e-05
2023.3 5.16783e-05
2023.5 5.16783e-05
2023.7 5.16783e-05
2023.9 5.16783e-05
2024.1 5.16783e-05
2024.3 7.75174e-05
2024.5 7.75174e-05
2024.7 7.75174e-05
2024.9 7.75174e-05
2025.1 0.000103357
2025.3 0.000103357
2025.5 0.000103357
2025.7 0.000129196
2025.9 0.000129196
2026.1 0.000155035
2026.3 0.000180874
2026.5 0.000258391
2026.7 0.00031007
2026.9 0.000413426
2027.1 0.000749335
2027.3 0.00113692
2027.5 0.00142115
2027.7 0.00186042
2027.9 0.00219633
2028.1 0.00263559
2028.3 0.00291982
2028.5 0.00322989
2028.7 0.00353996
2028.9 0.00374667
2029.1 0.00390171
2029.3 0.00408258
2029.5 0.00434097
2029.7 0.00459936
2029.9 0.00478024
2030.1 0.00493527
2030.3 0.00511615
2030.5 0.00527118
2030.7 0.00542622
2030.9 0.00571045
2031.1 0.00583964
2031.3 0.00599468
2031.5 0.00620139
2031.7 0.00627891
2031.9 0.00633059
2032.1 0.00643394
2032.3 0.0065373
2032.5 0.00671817
2032.7 0.00697656
2032.9 0.00731247
2033.1 0.00749335
2033.3 0.00770006
2033.5 0.00785509
2033.7 0.00811349
2033.9 0.00844939
2034.1 0.0087853
2034.3 0.00971551
2034.5 0.0106199
2034.7 0.0114726
2034.9 0.0121185
2035.1 0.0129454
2035.3 0.0136431
2035.5 0.0142632
2035.7 0.0150384
2035.9 0.0155035
2036.1 0.0160203
2036.3 0.016537
2036.5 0.0169763
2036.7 0.0172347
2036.9 0.0177773
2037.1 0.0182166
2037.3 0.0185783
2037.5 0.0190176
2037.7 0.0194052
2037.9 0.0196636
2038.1 0.0202062
2038.3 0.0206196
2038.5 0.021033
2038.7 0.0213173
2038.9 0.0218082
2039.1 0.0221441
2039.3 0.0225576
2039.5 0.0229451
2039.7 0.0232552
2039.9 0.0236686
2040.1 0.0240045
2040.3 0.024418
2040.5 0.0249864
2040.7 0.0252707
2040.9 0.0255291
2041.1 0.0260458
2041.3 0.0263817
2041.5 0.0267177
2041.7 0.0272861
2041.9 0.0279838
2042.1 0.0285522
2042.3 0.0293016
2042.5 0.0300509
2042.7 0.0311361
2042.9 0.0321697
2043.1 0.0335392
2043.3 0.0347536
2043.5 0.0355288
2043.7 0.0365882
2043.9 0.0375184
2044.1 0.0385003
2044.3 0.0392755
2044.5 0.0401798
2044.7 0.0406966
2044.9 0.0414718
2045.1 0.0425054
2045.3 0.0432805
2045.5 0.0439265
2045.7 0.0445467
2045.9 0.0451668
2046.1 0.0458386
2046.3 0.0466138
2046.5 0.0471822
2046.7 0.0478541
2046.9 0.0484225
2047.1 0.049146
2047.3 0.0501021
2047.5 0.0505672
2047.7 0.0515232
2047.9 0.0523759
2048.1 0.0531769
2048.3 0.0538746
2048.5 0.0547273
2048.7 0.0556833
2048.9 0.0563293
2049.1 0.0571045
2049.3 0.0578021
2049.5 0.0584739
2049.7 0.0591974
2049.9 0.0597401
2050.1 0.0603085
2050.3 0.0608253
2050.5 0.0613421
2050.7 0.0622206
2050.9 0.0634609
2051.1 0.0651663
2051.3 0.0667425
2051.5 0.0687838
2051.7 0.0714969
2051.9 0.0744425
2052.1 0.0776207
2052.3 0.0805406
2052.5 0.0838221
2052.7 0.0865611
2052.9 0.0890933
2053.1 0.0916772
2053.3 0.0942095
2053.5 0.0961215
2053.7 0.0981887
2053.9 0.100411
2054.1 0.102194
2054.3 0.104442
2054.5 0.106483
2054.7 0.108654
2054.9 0.110695
2055.1 0.112349
2055.3 0.11408
2055.5 0.115553
2055.7 0.117413
2055.9 0.119248
2056.1 0.12103
2056.3 0.123098
2056.5 0.124648
2056.7 0.12656
2056.9 0.128808
2057.1 0.130488
2057.3 0.131986
2057.5 0.133821
2057.7 0.13581
2057.9 0.137412
2058.1 0.139376
2058.3 0.141056
2058.5 0.14302
2058.7 0.144441
2058.9 0.146198
2059.1 0.147955
2059.3 0.149815
2059.5 0.151572
2059.7 0.152993
2059.9 0.154673
2060.1 0.156688
2060.3 0.158911
2060.5 0.16134
2060.7 0.163923
2060.9 0.166972
2061.1 0.169996
2061.3 0.172709
2061.5 0.175861
2061.7 0.178574
2061.9 0.181442
2062.1 0.184
2062.3 0.186223
2062.5 0.188574
2062.7 0.190744
2062.9 0.193251
2063.1 0.19537
2063.3 0.19785
2063.5 0.200537
2063.7 0.20263
2063.9 0.204956
2064.1 0.207669
2064.3 0.20971
2064.5 0.212139
2064.7 0.214723
2064.9 0.217281
2065.1 0.219633
2065.3 0.221751
2065.5 0.223457
2065.7 0.225627
2065.9 0.227927
2066.1 0.230278
2066.3 0.232113
2066.5 0.234077
2066.7 0.236609
2066.9 0.238702
2067.1 0.241002
2067.3 0.243043
2067.5 0.245498
2067.7 0.247978
2067.9 0.250174
2068.1 0.252474
2068.3 0.2548
2068.5 0.257125
2068.7 0.259425
2068.9 0.261983
2069.1 0.264438
2069.3 0.266892
2069.5 0.269011
2069.7 0.271156
2069.9 0.2733
2070.1 0.275393
2070.3 0.277616
2070.5 0.279528
2070.7 0.282163
2070.9 0.284928
2071.1 0.286737
2071.3 0.288701
2071.5 0.291
2071.7 0.293352
2071.9 0.295884
2072.1 0.298416
2072.3 0.300948
2072.5 0.303558
2072.7 0.305961
2072.9 0.30839
2073.1 0.310819
2073.3 0.312989
2073.5 0.31609
2073.7 0.318467
2073.9 0.320379
2074.1 0.323015
2074.3 0.325237
2074.5 0.327666
2074.7 0.329604
2074.9 0.331981
2075.1 0.33441
2075.3 0.336865
2075.5 0.339139
2075.7 0.341671
2075.9 0.344332
2076.1 0.346658
2076.3 0.349061
2076.5 0.351567
2076.7 0.353763
2076.9 0.356192
2077.1 0.359164
2077.3 0.361412
2077.5 0.363841
2077.7 0.366425
2077.9 0.36875
2078.1 0.370869
2078.3 0.372988
2078.5 0.375468
2078.7 0.377949
2078.9 0.380688
2079.1 0.383272
2079.3 0.385752
2079.5 0.38844
2079.7 0.391049
2079.9 0.393607
2080.1 0.396036
2080.3 0.398594
2080.5 0.40061
2080.7 0.403039
2080.9 0.405648
2081.1 0.408155
2081.3 0.41048
2081.5 0.413038
2081.7 0.414951
2081.9 0.417224
2082.1 0.419989
2082.3 0.422651
2082.5 0.424924
2082.7 0.42725
2082.9 0.429834
2083.1 0.432418
2083.3 0.435053
2083.5 0.43787
2083.7 0.440454
2083.9 0.442883
2084.1 0.44526
2084.3 0.447069
2084.5 0.450014
2084.7 0.452521
2084.9 0.455285
2085.1 0.458128
2085.3 0.460557
2085.5 0.463011
2085.7 0.465414
2085.9 0.467766
2086.1 0.470272
2086.3 0.472262
2086.5 0.474432
2086.7 0.476835
2086.9 0.479626
2087.1 0.481796
2087.3 0.484587
2087.5 0.487042
2087.7 0.489471
2087.9 0.491899
2088.1 0.494302
2088.3 0.496602
2088.5 0.498954
2088.7 0.501408
2088.9 0.504638
2089.1 0.506938
2089.3 0.509393
2089.5 0.511666
2089.7 0.514509
2089.9 0.517506
2090.1 0.520374
2090.3 0.523087
2090.5 0.525542
2090.7 0.528074
2090.9 0.530271
2091.1 0.532415
2091.3 0.535671
2091.5 0.538151
2091.7 0.540761
2091.9 0.542596
2092.1 0.545283
2092.3 0.54828
2092.5 0.551304
2092.7 0.554017
2092.9 0.556652
2093.1 0.559055
2093.3 0.562027
2093.5 0.564817
2093.7 0.567117
2093.9 0.569753
2094.1 0.572311
2094.3 0.574817
2094.5 0.577039
2094.7 0.579546
2094.9 0.581949
2095.1 0.5843
2095.3 0.586807
2095.5 0.589623
2095.7 0.592
2095.9 0.594558
2096.1 0.597142
2096.3 0.599519
2096.5 0.602077
2096.7 0.604532
2096.9 0.607194
2097.1 0.60939
2097.3 0.612
2097.5 0.614609
2097.7 0.617478
2097.9 0.620191
2098.1 0.622568
2098.3 0.625023
2098.5 0.627787
2098.7 0.630294
2098.9 0.633162
2099.1 0.635927
2099.3 0.638511
2099.5 0.64125
2099.7 0.644247
2099.9 0.646805
2100.1 0.649802
2100.3 0.65236
2100.5 0.654944
2100.7 0.657399
2100.9 0.659983
2101.1 0.662722
2101.3 0.665435
2101.5 0.667554
2101.7 0.670835
2101.9 0.67329
2102.1 0.6759
2102.3 0.678665
2102.5 0.681119
2102.7 0.683987
2102.9 0.686649
2103.1 0.688974
2103.3 0.691662
2103.5 0.694349
2103.7 0.696726
2103.9 0.699853
2104.1 0.702411
2104.3 0.705072
2104.5 0.707734
2104.7 0.710292
2104.9 0.713186
2105.1 0.715692
2105.3 0.718121
2105.5 0.72086
2105.7 0.723831
2105.9 0.72657
2106.1 0.729258
2106.3 0.731687
2106.5 0.734245
2106.7 0.736596
2106.9 0.738896
2107.1 0.741118
2107.3 0.743728
2107.5 0.746156
2107.7 0.748327
2107.9 0.75104
2108.1 0.753469
2108.3 0.755639
2108.5 0.758094
2108.7 0.760161
2108.9 0.762513
2109.1 0.765071
2109.3 0.767215
2109.5 0.769903
2109.7 0.77197
2109.9 0.774114
2110.1 0.77675
2110.3 0.779127
2110.5 0.781504
2110.7 0.78352
2110.9 0.785639
2111.1 0.788145
2111.3 0.790961
2111.5 0.79352
2111.7 0.79569
2111.9 0.798248
2112.1 0.800574
2112.3 0.803003
2112.5 0.805612
2112.7 0.808041
2112.9 0.810237
2113.1 0.812485
2113.3 0.814837
2113.5 0.81724
2113.7 0.81954
2113.9 0.821943
2114.1 0.824216
2114.3 0.826103
2114.5 0.827989
2114.7 0.829824
2114.9 0.831839
2115.1 0.833596
2115.3 0.835947
2115.5 0.838531
2115.7 0.840573
2115.9 0.842872
2116.1 0.845353
2116.3 0.847523
2116.5 0.84959
2116.7 0.851709
2116.9 0.853466
2117.1 0.855895
2117.3 0.857626
2117.5 0.859745
2117.7 0.861709
2117.9 0.863879
2118.1 0.866024
2118.3 0.867988
2118.5 0.869874
2118.7 0.871476
2118.9 0.873673
2119.1 0.875404
2119.3 0.877393
2119.5 0.879202
2119.7 0.881424
2119.9 0.883698
2120.1 0.885714
2120.3 0.887781
2120.5 0.889693
2120.7 0.891424
2120.9 0.893362
2121.1 0.895248
2121.3 0.897083
2121.5 0.898892
2121.7 0.9007
2121.9 0.902767
2122.1 0.904757
2122.3 0.906411
2122.5 0.908529
2122.7 0.910338
2122.9 0.912069
2123.1 0.913594
2123.3 0.915015
2123.5 0.917005
2123.7 0.918348
2123.9 0.919744
2124.1 0.921139
2124.3 0.922948
2124.5 0.924808
2124.7 0.926281
2124.9 0.92765
2125.1 0.929072
2125.3 0.930777
2125.5 0.932224
2125.7 0.933904
2125.9 0.935195
2126.1 0.936617
2126.3 0.938012
2126.5 0.939226
2126.7 0.940828
2126.9 0.942043
2127.1 0.943257
2127.3 0.944756
2127.5 0.945996
2127.7 0.947262
2127.9 0.94827
2128.1 0.949743
2128.3 0.950854
2128.5 0.952198
2128.7 0.953386
2128.9 0.954368
2129.1 0.95566
2129.3 0.957133
2129.5 0.958321
2129.7 0.959355
2129.9 0.960234
2130.1 0.961164
2130.3 0.962068
2130.5 0.963257
2130.7 0.964032
2130.9 0.96535
2131.1 0.966435
2131.3 0.967133
2131.5 0.968166
2131.7 0.969148
2131.9 0.970052
2132.1 0.970776
2132.3 0.97168
2132.5 0.972714
2132.7 0.97336
2132.9 0.974058
2133.1 0.974703
2133.3 0.976099
2133.5 0.976745
2133.7 0.977339
2133.9 0.97783
2134.1 0.978502
2134.3 0.97938
2134.5 0.980259
2134.7 0.980982
2134.9 0.981473
2135.1 0.981964
2135.3 0.982455
2135.5 0.983024
2135.7 0.983515
2135.9 0.984109
2136.1 0.9846
2136.3 0.985039
2136.5 0.985608
2136.7 0.986047
2136.9 0.986512
2137.1 0.986822
2137.3 0.987235
2137.5 0.987881
2137.7 0.988398
2137.9 0.988786
2138.1 0.989096
2138.3 0.989328
2138.5 0.989768
2138.7 0.990362
2138.9 0.990775
2139.1 0.991111
2139.3 0.991318
2139.5 0.991757
2139.7 0.992042
2139.9 0.992455
2140.1 0.99261
2140.3 0.992894
2140.5 0.993204
2140.7 0.993437
2140.9 0.993669
2141.1 0.993954
2141.3 0.994212
2141.5 0.994393
2141.7 0.994574
2141.9 0.994884
2142.1 0.995116
2142.3 0.995323
2142.5 0.995452
2142.7 0.995711
2142.9 0.995943
2143.1 0.996047
2143.3 0.996202
2143.5 0.996227
2143.7 0.99646
2143.9 0.996589
2144.1 0.996667
2144.3 0.996718
2144.5 0.996848
2144.7 0.996951
2144.9 0.997261
2145.1 0.997339
2145.3 0.997442
2145.5 0.997597
2145.7 0.99783
2145.9 0.997907
2146.1 0.998036
2146.3 0.998088
2146.5 0.998165
2146.7 0.998217
2146.9 0.998269
2147.1 0.998372
2147.3 0.998398
2147.5 0.998501
2147.7 0.998527
2147.9 0.998553
2148.1 0.998631
2148.3 0.998682
2148.5 0.998889
2148.7 0.998966
2148.9 0.998992
2149.1 0.998992
2149.3 0.999018
2149.5 0.999044
2149.7 0.999096
2149.9 0.999173
2150.1 0.999199
2150.3 0.999199
2150.5 0.999277
2150.7 0.999328
2150.9 0.999328
2151.1 0.999354
2151.3 0.999406
2151.5 0.999432
2151.7 0.999457
2151.9 0.999457
2152.1 0.999457
2152.3 0.999509
2152.5 0.999535
2152.7 0.999535
2152.9 0.999561
2153.1 0.999561
2153.3 0.999561
2153.5 0.999587
2153.7 0.999587
2153.9 0.999612
2154.1 0.999612
2154.3 0.999612
2154.5 0.999638
2154.7 0.999638
2154.9 0.999638
2155.1 0.999638
2155.3 0.999638
2155.5 0.999638
2155.7 0.999664
2155.9 0.999664
2156.1 0.999664
2156.3 0.999664
2156.5 0.999664
2156.7 0.999664
2156.9 0.999664
2157.1 0.999664
2157.3 0.99969
2157.5 0.99969
2157.7 0.999716
2157.9 0.999716
2158.1 0.999742
2158.3 0.999742
2158.5 0.999742
2158.7 0.999742
2158.9 0.999767
2159.1 0.999767
2159.3 0.999767
2159.5 0.999767
2159.7 0.999767
2159.9 0.999767
2160.1 0.999767
2160.3 0.999793
2160.5 0.999793
2160.7 0.999793
2160.9 0.999793
2161.1 0.999793
2161.3 0.999819
2161.5 0.999819
2161.7 0.999819
2161.9 0.999819
2162.1 0.999819
2162.3 0.999845
2162.5 0.999845
2162.7 0.999845
2162.9 0.999845
2163.1 0.999845
2163.3 0.999845
2163.5 0.999871
2163.7 0.999871
2163.9 0.999871
2164.1 0.999871
2164.3 0.999871
2164.5 0.999871
2164.7 0.999871
2164.9 0.999871
2165.1 0.999871
2165.3 0.999871
2165.5 0.999871
2165.7 0.999871
2165.9 0.999871
2166.1 0.999871
2166.3 0.999871
2166.5 0.999897
2166.7 0.999922
2166.9 0.999922
2167.1 0.999922
2167.3 0.999922
2167.5 0.999922
2167.7 0.999922
2167.9 0.999922
2168.1 0.999922
2168.3 0.999922
2168.5 0.999922
2168.7 0.999922
2168.9 0.999922
2169.1 0.999922
2169.3 0.999922
2169.5 0.999922
2169.7 0.999922
2169.9 0.999922
2170.1 0.999922
2170.3 0.999922
2170.5 0.999922
2170.7 0.999948
2170.9 0.999948
2171.1 0.999948
2171.3 0.999948
2171.5 0.999948
2171.7 0.999948
2171.9 0.999948
2172.1 0.999948
2172.3 0.999948
2172.5 0.999948
2172.7 0.999948
2172.9 0.999948
2173.1 0.999948
2173.3 0.999948
2173.5 0.999948
2173.7 0.999948
2173.9 0.999948
2174.1 0.999948
2174.3 0.999948
2174.5 0.999948
2174.7 0.999948
2174.9 0.999948
2175.1 0.999948
2175.3 0.999948
2175.5 0.999948
2175.7 0.999948
2175.9 0.999948
2176.1 0.999948
2176.3 0.999948
2176.5 0.999948
2176.7 0.999948
2176.9 0.999948
2177.1 0.999948
2177.3 0.999948
2177.5 0.999948
2177.7 0.999948
2177.9 0.999948
2178.1 0.999948
2178.3 0.999948
2178.5 0.999948
2178.7 0.999948
2178.9 0.999948
2179.1 0.999948
2179.3 0.999948
2179.5 0.999948
2179.7 0.999948
2179.9 0.999948
2180.1 0.999948
2180.3 0.999948
2180.5 0.999948
2180.7 0.999948
2180.9 0.999948
2181.1 0.999948
2181.3 0.999948
2181.5 0.999948
2181.7 0.999948
2181.9 0.999948
2182.1 0.999948
2182.3 0.999948
2182.5 0.999948
2182.7 0.999948
2182.9 0.999948
2183.1 0.999948
2183.3 0.999948
2183.5 0.999948
2183.7 0.999948
2183.9 0.999948
2184.1 0.999948
2184.3 0.999948
2184.5 0.999948
2184.7 0.999948
2184.9 0.999948
2185.1 0.999948
2185.3 0.999948
2185.5 0.999948
2185.7 0.999948
2185.9 0.999948
2186.1 0.999974
2186.3 0.999974
2186.5 0.999974
2186.7 0.999974
2186.9 0.999974
2187.1 0.999974
2187.3 0.999974
2187.5 0.999974
2187.7 0.999974
2187.9 0.999974
2188.1 0.999974
2188.3 0.999974
2188.5 0.999974
2188.7 0.999974
2188.9 0.999974
2189.1 0.999974
2189.3 0.999974
2189.5 0.999974
2189.7 0.999974
2189.9 0.999974
2190.1 0.999974
2190.3 0.999974
2190.5 0.999974
2190.7 0.999974
2190.9 0.999974
2191.1 0.999974
2191.3 0.999974
2191.5 0.999974
2191.7 0.999974
2191.9 0.999974
2192.1 0.999974
2192.3 0.999974
2192.5 0.999974
2192.7 0.999974
2192.9 0.999974
2193.1 0.999974
2193.3 0.999974
2193.5 0.999974
2193.7 0.999974
2193.9 0.999974
2194.1 0.999974
2194.3 0.999974
2194.5 0.999974
2194.7 0.999974
2194.9 0.999974
2195.1 0.999974
2195.3 0.999974
2195.5 0.999974
2195.7 0.999974
2195.9 0.999974
2196.1 0.999974
2196.3 0.999974
2196.5 0.999974
2196.7 0.999974
2196.9 0.999974
2197.1 0.999974
2197.3 0.999974
2197.5 0.999974
2197.7 0.999974
2197.9 0.999974
2198.1 0.999974
2198.3 0.999974
2198.5 0.999974
2198.7 0.999974
2198.9 0.999974
2199.1 0.999974
2199.3 0.999974
2199.5 0.999974
2199.7 0.999974
2199.9 0.999974
2200.1 0.999974
2200.3 0.999974
2200.5 0.999974
2200.7 0.999974
2200.9 0.999974
2201.1 0.999974
2201.3 0.999974
2201.5 0.999974
2201.7 0.999974
2201.9 0.999974
2202.1 0.999974
2202.3 0.999974
2202.5 0.999974
2202.7 0.999974
2202.9 0.999974
2203.1 0.999974
2203.3 0.999974
2203.5 0.999974
2203.7 0.999974
2203.9 0.999974
2204.1 0.999974
2204.3 0.999974
2204.5 0.999974
2204.7 0.999974
2204.9 0.999974
2205.1 0.999974
2205.3 0.999974
2205.5 0.999974
2205.7 0.999974
2205.9 0.999974
2206.1 0.999974
2206.3 0.999974
2206.5 0.999974
2206.7 0.999974
2206.9 0.999974
2207.1 0.999974
2207.3 0.999974
2207.5 0.999974
2207.7 0.999974
2207.9 0.999974
2208.1 0.999974
2208.3 0.999974
2208.5 0.999974
2208.7 0.999974
2208.9 0.999974
2209.1 0.999974
2209.3 0.999974
2209.5 0.999974
2209.7 0.999974
2209.9 0.999974
2210.1 0.999974
2210.3 0.999974
2210.5 0.999974
2210.7 0.999974
2210.9 0.999974
2211.1 0.999974
2211.3 0.999974
2211.5 0.999974
2211.7 0.999974
2211.9 0.999974
2212.1 0.999974
2212.3 0.999974
2212.5 0.999974
2212.7 0.999974
2212.9 0.999974
2213.1 0.999974
2213.3 0.999974
2213.5 0.999974
2213.7 0.999974
2213.9 0.999974
2214.1 0.999974
2214.3 0.999974
2214.5 0.999974
2214.7 0.999974
2214.9 0.999974
2215.1 0.999974
2215.3 0.999974
2215.5 0.999974
2215.7 0.999974
2215.9 0.999974
2216.1 0.999974
2216.3 0.999974
2216.5 0.999974
2216.7 0.999974
2216.9 0.999974
2217.1 0.999974
2217.3 0.999974
2217.5 0.999974
2217.7 0.999974
2217.9 0.999974
2218.1 0.999974
2218.3 0.999974
2218.5 0.999974
2218.7 0.999974
2218.9 0.999974
2219.1 0.999974
2219.3 0.999974
2219.5 0.999974
2219.7 0.999974
2219.9 0.999974
2220.1 0.999974
2220.3 0.999974
2220.5 0.999974
2220.7 0.999974
2220.9 0.999974
2221.1 0.999974
2221.3 0.999974
2221.5 0.999974
2221.7 0.999974
2221.9 0.999974
2222.1 0.999974
2222.3 0.999974
2222.5 0.999974
2222.7 0.999974
2222.9 0.999974
2223.1 0.999974
2223.3 0.999974
2223.5 0.999974
2223.7 0.999974
2223.9 0.999974
2224.1 0.999974
2224.3 0.999974
2224.5 0.999974
2224.7 0.999974
2224.9 0.999974
2225.1 0.999974
2225.3 0.999974
2225.5 0.999974
2225.7 0.999974
2225.9 0.999974
2226.1 0.999974
2226.3 0.999974
2226.5 0.999974
2226.7 0.999974
2226.9 0.999974
2227.1 0.999974
2227.3 0.999974
2227.5 0.999974
2227.7 0.999974
2227.9 0.999974
2228.1 0.999974
2228.3 0.999974
2228.5 0.999974
2228.7 0.999974
2228.9 0.999974
2229.1 0.999974
2229.3 0.999974
2229.5 0.999974
2229.7 0.999974
2229.9 0.999974
2230.1 0.999974
2230.3 0.999974
2230.5 0.999974
2230.7 0.999974
2230.9 0.999974
2231.1 0.999974
2231.3 0.999974
2231.5 0.999974
2231.7 0.999974
2231.9 0.999974
2232.1 0.999974
2232.3 0.999974
2232.5 0.999974
2232.7 0.999974
2232.9 0.999974
2233.1 0.999974
2233.3 0.999974
2233.5 0.999974
2233.7 0.999974
2233.9 0.999974
2234.1 0.999974
2234.3 0.999974
2234.5 0.999974
2234.7 0.999974
2234.9 0.999974
2235.1 0.999974
2235.3 0.999974
2235.5 0.999974
2235.7 0.999974
2235.9 0.999974
2236.1 0.999974
2236.3 0.999974
2236.5 0.999974
2236.7 0.999974
2236.9 0.999974
2237.1 0.999974
2237.3 0.999974
2237.5 0.999974
2237.7 1
